TIME_INTERVAL,RESOURCE_NAME,AP_FLAG,SEC_FLAG,PSM_FLAG,DIPC_PRICE,RTD_PRICE,ADMIN_PRICE,SEC_PRICE,PSM_PRICE,
7/10/2024 5:15:00 AM,01ACNPC_G01,N,N,N,3892.7366,3892.7366,3652.7401,3892.7366,3892.7366,
7/10/2024 5:15:00 AM,01AEC_L01,N,N,N,3881.9267,3881.9267,3454.6556,3881.9267,3881.9267,
7/10/2024 5:15:00 AM,01AMBUK_SS,N,N,N,3954.5077,3954.5077,3454.6556,3954.5077,3954.5077,
7/10/2024 5:15:00 AM,01AMBUK_T1L1,N,N,N,3954.5077,3954.5077,3454.6556,3954.5077,3954.5077,
7/10/2024 5:15:00 AM,01AMBUK_U01,N,N,N,3953.7356,3953.7356,3593.4524,3953.7356,3953.7356,
7/10/2024 5:15:00 AM,01AMBUK_U02,N,N,N,3954.5077,3954.5077,4156.9459,3954.5077,3954.5077,
7/10/2024 5:15:00 AM,01AMBUK_U03,N,N,N,3954.5077,3954.5077,3927.5037,3954.5077,3954.5077,
7/10/2024 5:15:00 AM,01AMPHAW_G01,N,N,N,3944.8560,3944.8560,3694.9028,3944.8560,3944.8560,
7/10/2024 5:15:00 AM,01ANDA_G01,N,N,N,3881.9267,3881.9267,3456.5763,3881.9267,3881.9267,
7/10/2024 5:15:00 AM,01ANGAT_A,N,N,N,3849.8829,3849.8829,3516.4897,3849.8829,3849.8829,
7/10/2024 5:15:00 AM,01ANGAT_M,N,N,N,3856.4461,3856.4461,3521.2426,3856.4461,3856.4461,
7/10/2024 5:15:00 AM,01ANGAT_SS,N,N,N,3854.1297,3854.1297,3454.6556,3854.1297,3854.1297,
7/10/2024 5:15:00 AM,01ANGAT_T5L1,N,N,N,3860.6929,3860.6929,3454.6556,3860.6929,3860.6929,
7/10/2024 5:15:00 AM,01APEC_G01,N,N,N,3881.9267,3881.9267,3149.7321,3881.9267,3881.9267,
7/10/2024 5:15:00 AM,01ARAYSOL_G01,N,N,N,3881.9267,3881.9267,3542.1811,3881.9267,3881.9267,
7/10/2024 5:15:00 AM,01ARAYSOL_G02,N,N,N,3881.9267,3881.9267,3542.1811,3881.9267,3881.9267,
7/10/2024 5:15:00 AM,01ARMSOL_G01,N,N,N,3892.7366,3892.7366,3548.8018,3892.7366,3892.7366,
7/10/2024 5:15:00 AM,01BAKSIP_G01,N,N,N,3944.8560,3944.8560,3604.9903,3944.8560,3944.8560,
7/10/2024 5:15:00 AM,01BAKUN_G01,N,N,N,3940.6092,3940.6092,3589.3167,3940.6092,3940.6092,
7/10/2024 5:15:00 AM,01BAKUN_SS,N,N,N,3940.6092,3940.6092,3454.6556,3940.6092,3940.6092,
7/10/2024 5:15:00 AM,01BALNEO_L01,N,N,N,3868.8003,3868.8003,3454.6556,3868.8003,3868.8003,
7/10/2024 5:15:00 AM,01BALNEO_L02,N,N,N,3868.8003,3868.8003,3454.6556,3868.8003,3868.8003,
7/10/2024 5:15:00 AM,01BALNEO_SS,N,N,N,3860.6929,3860.6929,3454.6556,3860.6929,3860.6929,
7/10/2024 5:15:00 AM,01BALSIK_SS,N,N,N,3741.7835,3741.7835,3454.6556,3741.7835,3741.7835,
7/10/2024 5:15:00 AM,01BALWIND_G01,N,N,N,3991.9564,3991.9564,3758.1628,3991.9564,3991.9564,
7/10/2024 5:15:00 AM,01BANTAY_SS,N,N,N,4009.3296,4009.3296,3454.6556,4009.3296,4009.3296,
7/10/2024 5:15:00 AM,01BATAAN_SS,N,N,N,3635.2284,3635.2284,3454.6556,3635.2284,3635.2284,
7/10/2024 5:15:00 AM,01BAUANG_GS1,N,N,N,3924.3943,3924.3943,3573.1448,3924.3943,3924.3943,
7/10/2024 5:15:00 AM,01BAUANG_GS2,N,N,N,3924.3943,3924.3943,3573.1448,3924.3943,3924.3943,
7/10/2024 5:15:00 AM,01BAUANG_GS3,N,N,N,3924.3943,3924.3943,3573.1448,3924.3943,3924.3943,
7/10/2024 5:15:00 AM,01BAUANG_SS,N,N,N,3933.66,3933.66,3454.6556,3933.66,3933.66,
7/10/2024 5:15:00 AM,01BAUAN_T1L1,N,N,N,3935.2043,3935.2043,3454.6556,3935.2043,3935.2043,
7/10/2024 5:15:00 AM,01BAUAN_T1L2,N,N,N,3935.2043,3935.2043,3454.6556,3935.2043,3935.2043,
7/10/2024 5:15:00 AM,01BAUAN_T1L3,N,N,N,3935.2043,3935.2043,3454.6556,3935.2043,3935.2043,
7/10/2024 5:15:00 AM,01BAUAN_T2L1,N,N,N,3935.2043,3935.2043,3454.6556,3935.2043,3935.2043,
7/10/2024 5:15:00 AM,01BAUAN_T2L2,N,N,N,3934.0460,3934.0460,3454.6556,3934.0460,3934.0460,
7/10/2024 5:15:00 AM,01BCNOT_SS,N,N,N,3950.6470,3950.6470,3454.6556,3950.6470,3950.6470,
7/10/2024 5:15:00 AM,01BCNOT_T1L1,N,N,N,3950.6470,3950.6470,3454.6556,3950.6470,3950.6470,
7/10/2024 5:15:00 AM,01BCNOT_T1L2,N,N,N,3950.6470,3950.6470,3454.6556,3950.6470,3950.6470,
7/10/2024 5:15:00 AM,01BINENG_G01,N,N,N,3944.8560,3944.8560,3924.9614,3944.8560,3944.8560,
7/10/2024 5:15:00 AM,01BINGA_SS,N,N,N,3937.1346,3937.1346,3454.6556,3937.1346,3937.1346,
7/10/2024 5:15:00 AM,01BINGA_T1L1,N,N,N,3937.9067,3937.9067,3454.6556,3937.9067,3937.9067,
7/10/2024 5:15:00 AM,01BINGA_U01,N,N,N,3937.1346,3937.1346,3913.3882,3937.1346,3937.1346,
7/10/2024 5:15:00 AM,01BINGA_U02,N,N,N,3937.1346,3937.1346,3682.2658,3937.1346,3937.1346,
7/10/2024 5:15:00 AM,01BINGA_U03,N,N,N,3937.1346,3937.1346,4078.0309,3937.1346,3937.1346,
7/10/2024 5:15:00 AM,01BINGA_U04,N,N,N,3937.1346,3937.1346,3531.0608,3937.1346,3937.1346,
7/10/2024 5:15:00 AM,01BNTAY_T1L1,N,N,N,3860.6929,3860.6929,3454.6556,3860.6929,3860.6929,
7/10/2024 5:15:00 AM,01BNTAY_T1L2,N,N,N,4009.3296,4009.3296,3454.6556,4009.3296,4009.3296,
7/10/2024 5:15:00 AM,01BNTAY_T1L3,N,N,N,4009.3296,4009.3296,3454.6556,4009.3296,4009.3296,
7/10/2024 5:15:00 AM,01BOSUNG_G01,N,N,N,4006.2410,4006.2410,3640.6153,4006.2410,4006.2410,
7/10/2024 5:15:00 AM,01BOTOLAN_SS,N,N,N,3797.3775,3797.3775,3454.6556,3797.3775,3797.3775,
7/10/2024 5:15:00 AM,01BOTOL_T1L1,N,N,N,3803.1686,3803.1686,3454.6556,3803.1686,3803.1686,
7/10/2024 5:15:00 AM,01BOTOL_T1L2,N,N,N,3803.1686,3803.1686,3454.6556,3803.1686,3803.1686,
7/10/2024 5:15:00 AM,01BPC_T1L1,N,N,N,3635.6145,3635.6145,3454.6556,3635.6145,3635.6145,
7/10/2024 5:15:00 AM,01BPC_T2L2,N,N,N,3635.6145,3635.6145,3454.6556,3635.6145,3635.6145,
7/10/2024 5:15:00 AM,01BPPC_SS,N,N,N,3924.3943,3924.3943,3454.6556,3924.3943,3924.3943,
7/10/2024 5:15:00 AM,01BT2020_G01,N,N,N,3734.4482,3734.4482,3273.1375,3734.4482,3734.4482,
7/10/2024 5:15:00 AM,01BT2020_G02,N,N,N,3734.4482,3734.4482,3480.7327,3734.4482,3734.4482,
7/10/2024 5:15:00 AM,01BTNSOL_G01,N,N,N,3637.9309,3637.9309,3395.4587,3637.9309,3637.9309,
7/10/2024 5:15:00 AM,01BTPP_T3L1,N,N,N,3637.9309,3637.9309,3454.6556,3637.9309,3637.9309,
7/10/2024 5:15:00 AM,01BTPP_T3L2,N,N,N,3637.9309,3637.9309,3454.6556,3637.9309,3637.9309,
7/10/2024 5:15:00 AM,01BTPP_T3L3,N,N,N,3637.9309,3637.9309,3454.6556,3637.9309,3637.9309,
7/10/2024 5:15:00 AM,01BTPP_T3L4,N,N,N,3637.9309,3637.9309,3454.6556,3637.9309,3637.9309,
7/10/2024 5:15:00 AM,01BTPP_T3L5,N,N,N,3637.9309,3637.9309,3454.6556,3637.9309,3637.9309,
7/10/2024 5:15:00 AM,01BTPP_T4L1,N,N,N,3860.6929,3860.6929,3454.6556,3860.6929,3860.6929,
7/10/2024 5:15:00 AM,01BTSOLEN_BAT,N,N,N,3637.9309,3637.9309,3395.4587,3637.9309,3637.9309,
7/10/2024 5:15:00 AM,01BTSOLEN_G01,N,N,N,3637.9309,3637.9309,3395.4587,3637.9309,3637.9309,
7/10/2024 5:15:00 AM,01BULSOL_G01,N,N,N,3901.6162,3901.6162,3555.7921,3901.6162,3901.6162,
7/10/2024 5:15:00 AM,01BURGOS_G01,N,N,N,3860.6929,3860.6929,2748.72,3860.6929,3860.6929,
7/10/2024 5:15:00 AM,01BURGOS_G02,N,N,N,4006.2410,4006.2410,3640.6153,4006.2410,4006.2410,
7/10/2024 5:15:00 AM,01BURGOS_G03,N,N,N,4006.2410,4006.2410,3640.6153,4006.2410,4006.2410,
7/10/2024 5:15:00 AM,01BURGOS_SS,N,N,N,3860.6929,3860.6929,3454.6556,3860.6929,3860.6929,
7/10/2024 5:15:00 AM,01BUTAO_G01,N,N,N,3881.5406,3881.5406,3534.7581,3881.5406,3881.5406,
7/10/2024 5:15:00 AM,01BYOMB_DID,N,N,N,4045.2340,4045.2340,3454.6556,4045.2340,4045.2340,
7/10/2024 5:15:00 AM,01BYOMB_SS,N,N,N,4043.3037,4043.3037,3454.6556,4043.3037,4043.3037,
7/10/2024 5:15:00 AM,01BYOMB_T1L1,N,N,N,4046.7783,4046.7783,3454.6556,4046.7783,4046.7783,
7/10/2024 5:15:00 AM,01BYOMB_T1L2,N,N,N,4045.2340,4045.2340,3454.6556,4045.2340,4045.2340,
7/10/2024 5:15:00 AM,01BYOMB_T1L3,N,N,N,4046.7783,4046.7783,3454.6556,4046.7783,4046.7783,
7/10/2024 5:15:00 AM,01CABSOL_G01,N,N,N,3934.8182,3934.8182,3582.1873,3934.8182,3934.8182,
7/10/2024 5:15:00 AM,01CAGBIO_G01,N,N,N,4137.5046,4137.5046,3816.8691,4137.5046,4137.5046,
7/10/2024 5:15:00 AM,01CAGYSOL_G01,N,N,N,4332.0835,4332.0835,3800.7750,4332.0835,4332.0835,
7/10/2024 5:15:00 AM,01CALIBUNK_G01,N,N,N,3881.9267,3881.9267,3542.1811,3881.9267,3881.9267,
7/10/2024 5:15:00 AM,01CAPRIS_G01,N,N,N,4001.6082,4001.6082,3396.1436,4001.6082,4001.6082,
7/10/2024 5:15:00 AM,01CAPRIS_G02,N,N,N,4001.6082,4001.6082,3634.2837,4001.6082,4001.6082,
7/10/2024 5:15:00 AM,01CASECN_G01,N,N,N,3860.6929,3860.6929,3675.5123,3860.6929,3860.6929,
7/10/2024 5:15:00 AM,01CASECN_SS,N,N,N,3860.6929,3860.6929,3454.6556,3860.6929,3860.6929,
7/10/2024 5:15:00 AM,01CAYBSOL_G01,N,N,N,3810.8899,3810.8899,3623.7393,3810.8899,3810.8899,
7/10/2024 5:15:00 AM,01CBNTU_SS,N,N,N,3935.2043,3935.2043,3454.6556,3935.2043,3935.2043,
7/10/2024 5:15:00 AM,01CBNTU_T1L1,N,N,N,3934.8182,3934.8182,3454.6556,3934.8182,3934.8182,
7/10/2024 5:15:00 AM,01CBNTU_T1L3,N,N,N,3934.8182,3934.8182,3454.6556,3934.8182,3934.8182,
7/10/2024 5:15:00 AM,01CBNTU_T2L1,N,N,N,3934.8182,3934.8182,3454.6556,3934.8182,3934.8182,
7/10/2024 5:15:00 AM,01CBNTU_T2L2,N,N,N,3934.8182,3934.8182,3454.6556,3934.8182,3934.8182,
7/10/2024 5:15:00 AM,01CBN_CELCOR,N,N,N,3934.8182,3934.8182,3454.6556,3934.8182,3934.8182,
7/10/2024 5:15:00 AM,01CIP2_G01,N,N,N,3950.6470,3950.6470,3595.6204,3950.6470,3950.6470,
7/10/2024 5:15:00 AM,01CLARK_L01,N,N,N,3860.6929,3860.6929,3454.6556,3860.6929,3860.6929,
7/10/2024 5:15:00 AM,01CLARK_L02,N,N,N,3890.0341,3890.0341,3454.6556,3890.0341,3890.0341,
7/10/2024 5:15:00 AM,01CLARK_L03,N,N,N,3890.0341,3890.0341,3454.6556,3890.0341,3890.0341,
7/10/2024 5:15:00 AM,01CLARK_L04,N,N,N,3891.5784,3891.5784,3454.6556,3891.5784,3891.5784,
7/10/2024 5:15:00 AM,01CLARK_SS,N,N,N,3890.0341,3890.0341,3454.6556,3890.0341,3890.0341,
7/10/2024 5:15:00 AM,01CLARK_T1L1,N,N,N,3890.0341,3890.0341,3454.6556,3890.0341,3890.0341,
7/10/2024 5:15:00 AM,01CLARK_T1L2,N,N,N,3890.0341,3890.0341,3454.6556,3890.0341,3890.0341,
7/10/2024 5:15:00 AM,01CLARK_T2L1,N,N,N,3860.6929,3860.6929,3454.6556,3860.6929,3860.6929,
7/10/2024 5:15:00 AM,01CLASOL_G01,N,N,N,3890.0341,3890.0341,3547.9701,3890.0341,3890.0341,
7/10/2024 5:15:00 AM,01CLEANG_G01,N,N,N,3734.4482,3734.4482,3444.5103,3734.4482,3734.4482,
7/10/2024 5:15:00 AM,01CNCEP_BAT,N,N,N,3892.3506,3892.3506,3548.4272,3892.3506,3892.3506,
7/10/2024 5:15:00 AM,01CNCEP_CAT,N,N,N,3892.3506,3892.3506,3454.6556,3892.3506,3892.3506,
7/10/2024 5:15:00 AM,01CNCEP_DAP2,N,N,N,3892.3506,3892.3506,3454.6556,3892.3506,3892.3506,
7/10/2024 5:15:00 AM,01CNCEP_SS,N,N,N,3886.1735,3886.1735,3454.6556,3886.1735,3886.1735,
7/10/2024 5:15:00 AM,01CNCEP_T1L3,N,N,N,3886.1735,3886.1735,3454.6556,3886.1735,3886.1735,
7/10/2024 5:15:00 AM,01CNCEP_TEI,N,N,N,3892.7366,3892.7366,3454.6556,3892.7366,3892.7366,
7/10/2024 5:15:00 AM,01CN_TRELC1,N,N,N,3892.7366,3892.7366,3454.6556,3892.7366,3892.7366,
7/10/2024 5:15:00 AM,01CN_TRELC2,N,N,N,3892.3506,3892.3506,3454.6556,3892.3506,3892.3506,
7/10/2024 5:15:00 AM,01CONSOL_G01,N,N,N,3892.3506,3892.3506,3548.4272,3892.3506,3892.3506,
7/10/2024 5:15:00 AM,01CRUZD_MECO,N,N,N,3901.6162,3901.6162,3454.6556,3901.6162,3901.6162,
7/10/2024 5:15:00 AM,01CRUZD_SS,N,N,N,3898.1416,3898.1416,3454.6556,3898.1416,3898.1416,
7/10/2024 5:15:00 AM,01CRUZD_T2L1,N,N,N,3901.6162,3901.6162,3454.6556,3901.6162,3901.6162,
7/10/2024 5:15:00 AM,01CURIM_SS,N,N,N,4015.8927,4015.8927,3454.6556,4015.8927,4015.8927,
7/10/2024 5:15:00 AM,01CURIM_T1L1,N,N,N,4017.0509,4017.0509,3454.6556,4017.0509,4017.0509,
7/10/2024 5:15:00 AM,01CURIM_T1L2,N,N,N,4017.0509,4017.0509,3454.6556,4017.0509,4017.0509,
7/10/2024 5:15:00 AM,01CURSOL_G02,N,N,N,4017.0509,4017.0509,3654.7613,4017.0509,4017.0509,
7/10/2024 5:15:00 AM,01DALSOL_G01,N,N,N,3892.7366,3892.7366,3548.8018,3892.7366,3892.7366,
7/10/2024 5:15:00 AM,01DUHAT_SS,N,N,N,3889.2620,3889.2620,3454.6556,3889.2620,3889.2620,
7/10/2024 5:15:00 AM,01DUHAT_T1L1,N,N,N,3898.1416,3898.1416,3454.6556,3898.1416,3898.1416,
7/10/2024 5:15:00 AM,01EHVSJ_SS,N,N,N,3830.5795,3830.5795,3454.6556,3830.5795,3830.5795,
7/10/2024 5:15:00 AM,01EHVSM_SS,N,N,N,3837.5287,3837.5287,3454.6556,3837.5287,3837.5287,
7/10/2024 5:15:00 AM,01GAMU_BAT,N,N,N,4142.5235,4142.5235,3454.6556,4142.5235,4142.5235,
7/10/2024 5:15:00 AM,01GAMU_BATL,N,N,N,4142.5235,4142.5235,3454.6556,4142.5235,4142.5235,
7/10/2024 5:15:00 AM,01GAMU_SS,N,N,N,4137.5046,4137.5046,3454.6556,4137.5046,4137.5046,
7/10/2024 5:15:00 AM,01GAMU_T1L1,N,N,N,4142.5235,4142.5235,3454.6556,4142.5235,4142.5235,
7/10/2024 5:15:00 AM,01GAMU_T1L2,N,N,N,4137.5046,4137.5046,3454.6556,4137.5046,4137.5046,
7/10/2024 5:15:00 AM,01GFII_G01,N,N,N,4142.5235,4142.5235,3764.5977,4142.5235,4142.5235,
7/10/2024 5:15:00 AM,01GIFT_G01,N,N,N,3934.8182,3934.8182,3583.6696,3934.8182,3934.8182,
7/10/2024 5:15:00 AM,01GIFT_G02,N,N,N,3934.8182,3934.8182,3564.5764,3934.8182,3934.8182,
7/10/2024 5:15:00 AM,01GIGSOL_G01,N,N,N,3803.1686,3803.1686,3487.0957,3803.1686,3803.1686,
7/10/2024 5:15:00 AM,01GNPD_SS,N,N,N,3709.3537,3709.3537,3454.6556,3709.3537,3709.3537,
7/10/2024 5:15:00 AM,01GNPD_U01,N,N,N,3676.9239,3676.9239,3396.8918,3676.9239,3676.9239,
7/10/2024 5:15:00 AM,01GNPD_U02,N,N,N,3678.0821,3678.0821,3396.6277,3678.0821,3678.0821,
7/10/2024 5:15:00 AM,01GRGOLD_G01,N,N,N,3934.8182,3934.8182,3472.4960,3934.8182,3934.8182,
7/10/2024 5:15:00 AM,01HANJI_SS,N,N,N,3763.0173,3763.0173,3454.6556,3763.0173,3763.0173,
7/10/2024 5:15:00 AM,01HANJI_T1L1,N,N,N,3763.4034,3763.4034,3454.6556,3763.4034,3763.4034,
7/10/2024 5:15:00 AM,01HANJI_T2L1,N,N,N,3763.0173,3763.0173,3454.6556,3763.0173,3763.0173,
7/10/2024 5:15:00 AM,01HERMO_FBL,N,N,N,3734.4482,3734.4482,3454.6556,3734.4482,3734.4482,
7/10/2024 5:15:00 AM,01HERMO_SS,N,N,N,3731.3597,3731.3597,3454.6556,3731.3597,3731.3597,
7/10/2024 5:15:00 AM,01HERMO_T1L1,N,N,N,3734.4482,3734.4482,3454.6556,3734.4482,3734.4482,
7/10/2024 5:15:00 AM,01HERMO_T1L2,N,N,N,3734.4482,3734.4482,3454.6556,3734.4482,3734.4482,
7/10/2024 5:15:00 AM,01HERMO_T1L3,N,N,N,3860.6929,3860.6929,3454.6556,3860.6929,3860.6929,
7/10/2024 5:15:00 AM,01HERMO_T1L4,N,N,N,3734.4482,3734.4482,3454.6556,3734.4482,3734.4482,
7/10/2024 5:15:00 AM,01HYPGRN_G01,N,N,N,3898.1416,3898.1416,3555.7999,3898.1416,3898.1416,
7/10/2024 5:15:00 AM,01IBEC_G01,N,N,N,4117.0429,4117.0429,3782.0399,4117.0429,4117.0429,
7/10/2024 5:15:00 AM,01IBULAO_G01,N,N,N,4046.7783,4046.7783,3760.59,4046.7783,4046.7783,
7/10/2024 5:15:00 AM,01IPOWER_G01,N,N,N,3934.8182,3934.8182,3332.1039,3934.8182,3934.8182,
7/10/2024 5:15:00 AM,01IPOWER_G02,N,N,N,3934.8182,3934.8182,3583.7241,3934.8182,3934.8182,
7/10/2024 5:15:00 AM,01KDAM_SS,N,N,N,3820.5417,3820.5417,3454.6556,3820.5417,3820.5417,
7/10/2024 5:15:00 AM,01LAMAO_BAT,N,N,N,3626.3488,3626.3488,3536.1575,3626.3488,3626.3488,
7/10/2024 5:15:00 AM,01LAMAO_SS,N,N,N,3626.7349,3626.7349,3454.6556,3626.7349,3626.7349,
7/10/2024 5:15:00 AM,01LAOAG_SS,N,N,N,4003.5385,4003.5385,3454.6556,4003.5385,4003.5385,
7/10/2024 5:15:00 AM,01LAOAG_T1L1,N,N,N,4007.0131,4007.0131,3454.6556,4007.0131,4007.0131,
7/10/2024 5:15:00 AM,01LAOAG_T1L2,N,N,N,4007.0131,4007.0131,3454.6556,4007.0131,4007.0131,
7/10/2024 5:15:00 AM,01LAOAG_T2L2,N,N,N,4006.2410,4006.2410,3454.6556,4006.2410,4006.2410,
7/10/2024 5:15:00 AM,01LAOSOL_G01,N,N,N,3810.1178,3810.1178,3482.3828,3810.1178,3810.1178,
7/10/2024 5:15:00 AM,01LAOSOL_SS,N,N,N,3810.1178,3810.1178,3454.6556,3810.1178,3810.1178,
7/10/2024 5:15:00 AM,01LASUER_U01,N,N,N,4137.5046,4137.5046,3758.6275,4137.5046,4137.5046,
7/10/2024 5:15:00 AM,01LATRI_SS,N,N,N,3941.3814,3941.3814,3454.6556,3941.3814,3941.3814,
7/10/2024 5:15:00 AM,01LATRI_T1L1,N,N,N,3944.8560,3944.8560,3454.6556,3944.8560,3944.8560,
7/10/2024 5:15:00 AM,01LATRI_T2L1,N,N,N,3944.8560,3944.8560,3454.6556,3944.8560,3944.8560,
7/10/2024 5:15:00 AM,01LATRI_T2L2,N,N,N,3944.8560,3944.8560,3454.6556,3944.8560,3944.8560,
7/10/2024 5:15:00 AM,01LATRI_T2L3,N,N,N,3944.8560,3944.8560,3454.6556,3944.8560,3944.8560,
7/10/2024 5:15:00 AM,01LAT_BENECO,N,N,N,3944.8560,3944.8560,3454.6556,3944.8560,3944.8560,
7/10/2024 5:15:00 AM,01LAT_PHILEX,N,N,N,3944.8560,3944.8560,3454.6556,3944.8560,3944.8560,
7/10/2024 5:15:00 AM,01LBRDR_SS,N,N,N,3811.2760,3811.2760,3454.6556,3811.2760,3811.2760,
7/10/2024 5:15:00 AM,01LBR_CNPELC,N,N,N,3860.6929,3860.6929,3454.6556,3860.6929,3860.6929,
7/10/2024 5:15:00 AM,01LBR_DECORP,N,N,N,3812.4342,3812.4342,3454.6556,3812.4342,3812.4342,
7/10/2024 5:15:00 AM,01LBR_PNELC1,N,N,N,3813.2064,3813.2064,3454.6556,3813.2064,3813.2064,
7/10/2024 5:15:00 AM,01LIMAY_BAT,N,N,N,3637.9309,3637.9309,3355.1877,3637.9309,3637.9309,
7/10/2024 5:15:00 AM,01LIMAY_SS,N,N,N,3635.2284,3635.2284,3454.6556,3635.2284,3635.2284,
7/10/2024 5:15:00 AM,01LIMAY_U01,N,N,N,3635.2284,3635.2284,3393.9456,3635.2284,3635.2284,
7/10/2024 5:15:00 AM,01LIMAY_U02,N,N,N,3635.2284,3635.2284,3393.9456,3635.2284,3635.2284,
7/10/2024 5:15:00 AM,01LIMAY_U03,N,N,N,3635.2284,3635.2284,3393.9456,3635.2284,3635.2284,
7/10/2024 5:15:00 AM,01LIMAY_U04,N,N,N,3635.2284,3635.2284,3393.9456,3635.2284,3635.2284,
7/10/2024 5:15:00 AM,01LIMAY_U05,N,N,N,3635.2284,3635.2284,3393.9456,3635.2284,3635.2284,
7/10/2024 5:15:00 AM,01LIMAY_U06,N,N,N,3635.2284,3635.2284,3393.9456,3635.2284,3635.2284,
7/10/2024 5:15:00 AM,01LIMAY_U07,N,N,N,3635.2284,3635.2284,3393.9456,3635.2284,3635.2284,
7/10/2024 5:15:00 AM,01LIMAY_U08,N,N,N,3635.2284,3635.2284,3393.9456,3635.2284,3635.2284,
7/10/2024 5:15:00 AM,01MAEC_G01,N,N,N,4017.0509,4017.0509,3654.7613,4017.0509,4017.0509,
7/10/2024 5:15:00 AM,01MAEC_S01,N,N,N,4017.0509,4017.0509,3454.6556,4017.0509,4017.0509,
7/10/2024 5:15:00 AM,01MAGAPIT_BAT,N,N,N,4332.0835,4332.0835,3800.7750,4332.0835,4332.0835,
7/10/2024 5:15:00 AM,01MAGAT_BAT,N,N,N,4115.8847,4115.8847,3715.9758,4115.8847,4115.8847,
7/10/2024 5:15:00 AM,01MAGAT_SS,N,N,N,4115.8847,4115.8847,3454.6556,4115.8847,4115.8847,
7/10/2024 5:15:00 AM,01MAGAT_U01,N,N,N,4115.8847,4115.8847,3878.1011,4115.8847,4115.8847,
7/10/2024 5:15:00 AM,01MAGAT_U02,N,N,N,4115.8847,4115.8847,3920.2237,4115.8847,4115.8847,
7/10/2024 5:15:00 AM,01MAGAT_U03,N,N,N,4115.8847,4115.8847,3878.6350,4115.8847,4115.8847,
7/10/2024 5:15:00 AM,01MAGAT_U04,N,N,N,4115.8847,4115.8847,4089.3346,4115.8847,4115.8847,
7/10/2024 5:15:00 AM,01MALOL_SS,N,N,N,3829.8073,3829.8073,3454.6556,3829.8073,3829.8073,
7/10/2024 5:15:00 AM,01MALOL_T1L1,N,N,N,3840.2312,3840.2312,3454.6556,3840.2312,3840.2312,
7/10/2024 5:15:00 AM,01MARIS_U01,N,N,N,4117.0429,4117.0429,3689.3448,4117.0429,4117.0429,
7/10/2024 5:15:00 AM,01MARIS_U02,N,N,N,4117.0429,4117.0429,3664.9642,4117.0429,4117.0429,
7/10/2024 5:15:00 AM,01MARSOL_G01,N,N,N,3615.5389,3615.5389,3383.0757,3615.5389,3615.5389,
7/10/2024 5:15:00 AM,01MARVEL_AUX,N,N,N,3612.8364,3612.8364,3454.6556,3612.8364,3612.8364,
7/10/2024 5:15:00 AM,01MARVEL_G01,N,N,N,3611.6782,3611.6782,3379.6512,3611.6782,3611.6782,
7/10/2024 5:15:00 AM,01MARVEL_G02,N,N,N,3611.6782,3611.6782,3214.8996,3611.6782,3611.6782,
7/10/2024 5:15:00 AM,01MARVEL_SS,N,N,N,3612.8364,3612.8364,3454.6556,3612.8364,3612.8364,
7/10/2024 5:15:00 AM,01MASIWA_G01,N,N,N,3934.8182,3934.8182,3582.1873,3934.8182,3934.8182,
7/10/2024 5:15:00 AM,01MASIWA_SS,N,N,N,3934.8182,3934.8182,3454.6556,3934.8182,3934.8182,
7/10/2024 5:15:00 AM,01MATUNO_G01,N,N,N,4045.2340,4045.2340,3661.4729,4045.2340,4045.2340,
7/10/2024 5:15:00 AM,01MEXICO_SS,N,N,N,3875.7496,3875.7496,3454.6556,3875.7496,3875.7496,
7/10/2024 5:15:00 AM,01MEX_AEC,N,N,N,3879.6103,3879.6103,3454.6556,3879.6103,3879.6103,
7/10/2024 5:15:00 AM,01MEX_CISP,N,N,N,3881.9267,3881.9267,3454.6556,3881.9267,3881.9267,
7/10/2024 5:15:00 AM,01MEX_CLARK1,N,N,N,3881.9267,3881.9267,3454.6556,3881.9267,3881.9267,
7/10/2024 5:15:00 AM,01MEX_CLARK2,N,N,N,3881.9267,3881.9267,3454.6556,3881.9267,3881.9267,
7/10/2024 5:15:00 AM,01MEX_CND,N,N,N,3881.9267,3881.9267,3454.6556,3881.9267,3881.9267,
7/10/2024 5:15:00 AM,01MEX_L01,N,N,N,3881.9267,3881.9267,3454.6556,3881.9267,3881.9267,
7/10/2024 5:15:00 AM,01MEX_MIC,N,N,N,3879.6103,3879.6103,3454.6556,3879.6103,3879.6103,
7/10/2024 5:15:00 AM,01MEX_PELCO1,N,N,N,3881.9267,3881.9267,3454.6556,3881.9267,3881.9267,
7/10/2024 5:15:00 AM,01MEX_PIMP,N,N,N,3881.9267,3881.9267,3454.6556,3881.9267,3881.9267,
7/10/2024 5:15:00 AM,01MEX_SFLAPC,N,N,N,3876.9078,3876.9078,3454.6556,3876.9078,3876.9078,
7/10/2024 5:15:00 AM,01MEX_SKK,N,N,N,3879.6103,3879.6103,3454.6556,3879.6103,3879.6103,
7/10/2024 5:15:00 AM,01MPGC_SS,N,N,N,3707.8094,3707.8094,3454.6556,3707.8094,3707.8094,
7/10/2024 5:15:00 AM,01MPGC_U01,N,N,N,3860.6929,3860.6929,3134.5736,3860.6929,3860.6929,
7/10/2024 5:15:00 AM,01MPGC_U02,N,N,N,3691.5945,3691.5945,3405.2368,3691.5945,3691.5945,
7/10/2024 5:15:00 AM,01MPGC_U03,N,N,N,3699.7020,3699.7020,3404.9534,3699.7020,3699.7020,
7/10/2024 5:15:00 AM,01MPGC_U04,N,N,N,3695.8413,3695.8413,3900.1085,3695.8413,3695.8413,
7/10/2024 5:15:00 AM,01MRVEL_T1L1,N,N,N,3615.5389,3615.5389,3454.6556,3615.5389,3615.5389,
7/10/2024 5:15:00 AM,01MSINLO_BAT,N,N,N,3724.4104,3724.4104,3411.2394,3724.4104,3724.4104,
7/10/2024 5:15:00 AM,01MSINLO_G01,N,N,N,3723.2522,3723.2522,3636.4103,3723.2522,3723.2522,
7/10/2024 5:15:00 AM,01MSINLO_G02,N,N,N,3860.6929,3860.6929,3257.6075,3860.6929,3860.6929,
7/10/2024 5:15:00 AM,01MSINLO_G03,N,N,N,3722.8661,3722.8661,3391.9233,3722.8661,3722.8661,
7/10/2024 5:15:00 AM,01MSINLO_SS,N,N,N,3724.4104,3724.4104,3454.6556,3724.4104,3724.4104,
7/10/2024 5:15:00 AM,01NIABAL_G01,N,N,N,4117.0429,4117.0429,4079.4463,4117.0429,4117.0429,
7/10/2024 5:15:00 AM,01NMHC_G01,N,N,N,3944.8560,3944.8560,3663.4403,3944.8560,3944.8560,
7/10/2024 5:15:00 AM,01NMHC_G03,N,N,N,3944.8560,3944.8560,3587.2136,3944.8560,3944.8560,
7/10/2024 5:15:00 AM,01NSNMN_L01,N,N,N,3860.6929,3860.6929,3454.6556,3860.6929,3860.6929,
7/10/2024 5:15:00 AM,01NSNMN_L02,N,N,N,3869.1864,3869.1864,3454.6556,3869.1864,3869.1864,
7/10/2024 5:15:00 AM,01NSNMN_SS,N,N,N,3860.6929,3860.6929,3454.6556,3860.6929,3860.6929,
7/10/2024 5:15:00 AM,01NSNMN_T1L1,N,N,N,3864.1675,3864.1675,3454.6556,3864.1675,3864.1675,
7/10/2024 5:15:00 AM,01NWIND_G01,N,N,N,4006.2410,4006.2410,3640.6153,4006.2410,4006.2410,
7/10/2024 5:15:00 AM,01NWIND_G02,N,N,N,4006.2410,4006.2410,3640.6153,4006.2410,4006.2410,
7/10/2024 5:15:00 AM,01NWIND_L01,N,N,N,4006.2410,4006.2410,3454.6556,4006.2410,4006.2410,
7/10/2024 5:15:00 AM,01OLONG_SS,N,N,N,3748.3467,3748.3467,3454.6556,3748.3467,3748.3467,
7/10/2024 5:15:00 AM,01OLONG_T1L1,N,N,N,3751.4353,3751.4353,3454.6556,3751.4353,3751.4353,
7/10/2024 5:15:00 AM,01OLONG_T2L2,N,N,N,3751.4353,3751.4353,3454.6556,3751.4353,3751.4353,
7/10/2024 5:15:00 AM,01OLONG_T3L3,N,N,N,3751.4353,3751.4353,3454.6556,3751.4353,3751.4353,
7/10/2024 5:15:00 AM,01PAGCAP_L01,N,N,N,4001.6082,4001.6082,3454.6556,4001.6082,4001.6082,
7/10/2024 5:15:00 AM,01PAGUD_SS,N,N,N,4001.6082,4001.6082,3454.6556,4001.6082,4001.6082,
7/10/2024 5:15:00 AM,01PASQSOL_G01,N,N,N,4003.9246,4003.9246,3638.8175,4003.9246,4003.9246,
7/10/2024 5:15:00 AM,01PAVGSOL_G01,N,N,N,3637.9309,3637.9309,3403.1169,3637.9309,3637.9309,
7/10/2024 5:15:00 AM,01PETRON_G01,N,N,N,3634.4563,3634.4563,3271.4617,3634.4563,3634.4563,
7/10/2024 5:15:00 AM,01PETSOL_G01,N,N,N,3892.3506,3892.3506,3548.4272,3892.3506,3892.3506,
7/10/2024 5:15:00 AM,01PETSOL_G02,N,N,N,3892.3506,3892.3506,3548.4272,3892.3506,3892.3506,
7/10/2024 5:15:00 AM,01PNTBNG_SS,N,N,N,3903.5466,3903.5466,3454.6556,3903.5466,3903.5466,
7/10/2024 5:15:00 AM,01PNTBNG_U01,N,N,N,3903.5466,3903.5466,3556.4766,3903.5466,3903.5466,
7/10/2024 5:15:00 AM,01PNTBNG_U02,N,N,N,3903.5466,3903.5466,3556.4766,3903.5466,3903.5466,
7/10/2024 5:15:00 AM,01RASLAG_G01,N,N,N,3881.9267,3881.9267,3542.1811,3881.9267,3881.9267,
7/10/2024 5:15:00 AM,01RASLAG_G02,N,N,N,3881.9267,3881.9267,3542.1811,3881.9267,3881.9267,
7/10/2024 5:15:00 AM,01RASLAG_G03,N,N,N,3881.9267,3881.9267,3542.1811,3881.9267,3881.9267,
7/10/2024 5:15:00 AM,01SABANG_G01,N,N,N,3944.8560,3944.8560,3586.1783,3944.8560,3944.8560,
7/10/2024 5:15:00 AM,01SANMIGSOL_G01,N,N,N,3901.6162,3901.6162,3555.7921,3901.6162,3901.6162,
7/10/2024 5:15:00 AM,01SE_ABRECO,N,N,N,3985.7793,3985.7793,3454.6556,3985.7793,3985.7793,
7/10/2024 5:15:00 AM,01SLANGN_G01,N,N,N,3944.8560,3944.8560,3587.2136,3944.8560,3944.8560,
7/10/2024 5:15:00 AM,01SMBELL_G01,N,N,N,4046.7783,4046.7783,3663.0908,4046.7783,4046.7783,
7/10/2024 5:15:00 AM,01SMC_G01,N,N,N,3624.8045,3624.8045,3113.1221,3624.8045,3624.8045,
7/10/2024 5:15:00 AM,01SMC_G02,N,N,N,3624.8045,3624.8045,3358.9479,3624.8045,3624.8045,
7/10/2024 5:15:00 AM,01SMC_G03,N,N,N,3624.8045,3624.8045,3358.3218,3624.8045,3624.8045,
7/10/2024 5:15:00 AM,01SMC_G04,N,N,N,3608.9757,3608.9757,3340.4915,3608.9757,3608.9757,
7/10/2024 5:15:00 AM,01SMC_SS,N,N,N,3624.8045,3624.8045,3454.6556,3624.8045,3624.8045,
7/10/2024 5:15:00 AM,01SMC_SS2,N,N,N,3624.8045,3624.8045,3454.6556,3624.8045,3624.8045,
7/10/2024 5:15:00 AM,01SMC_SS3,N,N,N,3624.8045,3624.8045,3454.6556,3624.8045,3624.8045,
7/10/2024 5:15:00 AM,01SMC_SS4,N,N,N,3608.9757,3608.9757,3454.6556,3608.9757,3608.9757,
7/10/2024 5:15:00 AM,01SNEST_SS,N,N,N,3980.3744,3980.3744,3454.6556,3980.3744,3980.3744,
7/10/2024 5:15:00 AM,01SNEST_T3L1,N,N,N,3990.4122,3990.4122,3454.6556,3990.4122,3990.4122,
7/10/2024 5:15:00 AM,01SNEST_T3L2,N,N,N,3990.4122,3990.4122,3454.6556,3990.4122,3990.4122,
7/10/2024 5:15:00 AM,01SNJOSE_L01,N,N,N,3859.9207,3859.9207,3454.6556,3859.9207,3859.9207,
7/10/2024 5:15:00 AM,01SNJOSE_SS,N,N,N,3852.1994,3852.1994,3454.6556,3852.1994,3852.1994,
7/10/2024 5:15:00 AM,01SNJOS_CAM,N,N,N,3859.9207,3859.9207,3454.6556,3859.9207,3859.9207,
7/10/2024 5:15:00 AM,01SNJOS_T1L1,N,N,N,3860.6929,3860.6929,3454.6556,3860.6929,3860.6929,
7/10/2024 5:15:00 AM,01SNJOS_T1L2,N,N,N,3890.4202,3890.4202,3454.6556,3890.4202,3890.4202,
7/10/2024 5:15:00 AM,01SNJOS_T1L3,N,N,N,3859.5347,3859.5347,3454.6556,3859.5347,3859.5347,
7/10/2024 5:15:00 AM,01SNMAN_BAT,N,N,N,3881.5406,3881.5406,3624.6948,3881.5406,3881.5406,
7/10/2024 5:15:00 AM,01SNMAN_LYO,N,N,N,3881.5406,3881.5406,3454.6556,3881.5406,3881.5406,
7/10/2024 5:15:00 AM,01SNMAN_SS,N,N,N,3861.0789,3861.0789,3454.6556,3861.0789,3861.0789,
7/10/2024 5:15:00 AM,01SNMAN_T1L2,N,N,N,3881.5406,3881.5406,3454.6556,3881.5406,3881.5406,
7/10/2024 5:15:00 AM,01SNMARSOL_G01,N,N,N,3730.9736,3730.9736,3441.2978,3730.9736,3730.9736,
7/10/2024 5:15:00 AM,01SNMAR_SS,N,N,N,3730.9736,3730.9736,3454.6556,3730.9736,3730.9736,
7/10/2024 5:15:00 AM,01SNM_PNELC3,N,N,N,3881.5406,3881.5406,3454.6556,3881.5406,3881.5406,
7/10/2024 5:15:00 AM,01SNTGO_SS,N,N,N,4116.6568,4116.6568,3454.6556,4116.6568,4116.6568,
7/10/2024 5:15:00 AM,01SNTGO_T1L1,N,N,N,4117.0429,4117.0429,3454.6556,4117.0429,4117.0429,
7/10/2024 5:15:00 AM,01SNTGO_T1L2,N,N,N,4117.0429,4117.0429,3454.6556,4117.0429,4117.0429,
7/10/2024 5:15:00 AM,01SNTGO_T1L3,N,N,N,4117.0429,4117.0429,3454.6556,4117.0429,4117.0429,
7/10/2024 5:15:00 AM,01SNTGO_T2L1,N,N,N,4117.0429,4117.0429,3454.6556,4117.0429,4117.0429,
7/10/2024 5:15:00 AM,01SNTGO_T2L2,N,N,N,4117.0429,4117.0429,3454.6556,4117.0429,4117.0429,
7/10/2024 5:15:00 AM,01SPABUL_G01,N,N,N,3901.6162,3901.6162,3555.7921,3901.6162,3901.6162,
7/10/2024 5:15:00 AM,01SROQUE_SS,N,N,N,3860.6929,3860.6929,3454.6556,3860.6929,3860.6929,
7/10/2024 5:15:00 AM,01SROQUE_U01,N,N,N,3860.6929,3860.6929,3521.2829,3860.6929,3860.6929,
7/10/2024 5:15:00 AM,01SROQUE_U02,N,N,N,3860.6929,3860.6929,3521.2829,3860.6929,3860.6929,
7/10/2024 5:15:00 AM,01SROQUE_U03,N,N,N,3860.6929,3860.6929,3521.2829,3860.6929,3860.6929,
7/10/2024 5:15:00 AM,01SUAL_G01,N,N,N,3795.0611,3795.0611,3472.6407,3795.0611,3795.0611,
7/10/2024 5:15:00 AM,01SUAL_G02,N,N,N,3800.08,3800.08,3477.6409,3800.08,3800.08,
7/10/2024 5:15:00 AM,01SUAL_T3L1,N,N,N,3801.2382,3801.2382,3454.6556,3801.2382,3801.2382,
7/10/2024 5:15:00 AM,01SUBIC_T3L1,N,N,N,3742.9417,3742.9417,3454.6556,3742.9417,3742.9417,
7/10/2024 5:15:00 AM,01SUBIC_T3L2,N,N,N,3742.9417,3742.9417,3454.6556,3742.9417,3742.9417,
7/10/2024 5:15:00 AM,01SUBSOL_G01,N,N,N,3742.9417,3742.9417,3448.9682,3742.9417,3742.9417,
7/10/2024 5:15:00 AM,01SUPSOL_G01,N,N,N,3742.9417,3742.9417,3591.0343,3742.9417,3742.9417,
7/10/2024 5:15:00 AM,01S_ENRO_G01,N,N,N,3742.9417,3742.9417,3448.9682,3742.9417,3742.9417,
7/10/2024 5:15:00 AM,01S_ENRO_SS,N,N,N,3742.9417,3742.9417,3454.6556,3742.9417,3742.9417,
7/10/2024 5:15:00 AM,01TERASU_G01,N,N,N,3892.7366,3892.7366,3548.8018,3892.7366,3892.7366,
7/10/2024 5:15:00 AM,01TGEGA_SS,N,N,N,4322.0457,4322.0457,3454.6556,4322.0457,4322.0457,
7/10/2024 5:15:00 AM,01TGEGA_T1L1,N,N,N,4332.0835,4332.0835,3454.6556,4332.0835,4332.0835,
7/10/2024 5:15:00 AM,01TG_CGELCO1,N,N,N,4332.0835,4332.0835,3454.6556,4332.0835,4332.0835,
7/10/2024 5:15:00 AM,01TG_CGELCO2,N,N,N,4332.0835,4332.0835,3454.6556,4332.0835,4332.0835,
7/10/2024 5:15:00 AM,01TG_ISELCO2,N,N,N,4332.0835,4332.0835,3454.6556,4332.0835,4332.0835,
7/10/2024 5:15:00 AM,01TRASU_L01,N,N,N,3892.7366,3892.7366,3454.6556,3892.7366,3892.7366,
7/10/2024 5:15:00 AM,01TRUSTBIO_G01,N,N,N,3881.9267,3881.9267,3542.1811,3881.9267,3881.9267,
7/10/2024 5:15:00 AM,01TRUSTSOL_G01,N,N,N,3881.9267,3881.9267,3707.9170,3881.9267,3881.9267,
7/10/2024 5:15:00 AM,01T_ASIA_G01,N,N,N,3859.1486,3859.1486,3532.8515,3859.1486,3859.1486,
7/10/2024 5:15:00 AM,01T_ASI_T3L1,N,N,N,3859.1486,3859.1486,3454.6556,3859.1486,3859.1486,
7/10/2024 5:15:00 AM,01UPPC_G01,N,N,N,3881.9267,3881.9267,3542.1811,3881.9267,3881.9267,
7/10/2024 5:15:00 AM,01VSGRIP_G01,N,N,N,3934.8182,3934.8182,3618.2241,3934.8182,3934.8182,
7/10/2024 5:15:00 AM,01YHGRN_G01,N,N,N,3734.4482,3734.4482,3444.5103,3734.4482,3734.4482,
7/10/2024 5:15:00 AM,01ZAMSOL_G01,N,N,N,3803.1686,3803.1686,3487.0957,3803.1686,3803.1686,
7/10/2024 5:15:00 AM,02ARANE_T1L1,N,N,N,3910.4958,3910.4958,3454.6556,3910.4958,3910.4958,
7/10/2024 5:15:00 AM,02BALNT_T1L1,N,N,N,3890.8063,3890.8063,3454.6556,3890.8063,3890.8063,
7/10/2024 5:15:00 AM,02DOLOR_T1L1,N,N,N,3911.2680,3911.2680,3454.6556,3911.2680,3911.2680,
7/10/2024 5:15:00 AM,02ECOPRK_G01,N,N,N,3890.8063,3890.8063,3546.3086,3890.8063,3890.8063,
7/10/2024 5:15:00 AM,02ECOTAGA_G01,N,N,N,3890.8063,3890.8063,3546.3086,3890.8063,3890.8063,
7/10/2024 5:15:00 AM,02MMPP_G01,N,N,N,3890.8063,3890.8063,3546.3086,3890.8063,3890.8063,
7/10/2024 5:15:00 AM,02PACO_T1L1,N,N,N,3914.3565,3914.3565,3454.6556,3914.3565,3914.3565,
7/10/2024 5:15:00 AM,02PNGEA_G01,N,N,N,3890.8063,3890.8063,3559.7672,3890.8063,3890.8063,
7/10/2024 5:15:00 AM,02PNGYSOL_G01,N,N,N,3911.2680,3911.2680,3559.9750,3911.2680,3911.2680,
7/10/2024 5:15:00 AM,02SMNRTH_G01,N,N,N,3890.8063,3890.8063,3546.3086,3890.8063,3890.8063,
7/10/2024 5:15:00 AM,02SUCAT_T1L1,N,N,N,3873.0471,3873.0471,3454.6556,3873.0471,3873.0471,
7/10/2024 5:15:00 AM,02TMOBIL_G01,N,N,N,3890.8063,3890.8063,3546.3086,3890.8063,3890.8063,
7/10/2024 5:15:00 AM,02TMOBIL_G02,N,N,N,3890.8063,3890.8063,3546.3086,3890.8063,3890.8063,
7/10/2024 5:15:00 AM,02TMOBIL_G03,N,N,N,3890.8063,3890.8063,3546.3086,3890.8063,3890.8063,
7/10/2024 5:15:00 AM,02TMOBIL_G04,N,N,N,3890.8063,3890.8063,3546.3086,3890.8063,3890.8063,
7/10/2024 5:15:00 AM,02VALSOL_G01,N,N,N,3890.8063,3890.8063,3546.3086,3890.8063,3890.8063,
7/10/2024 5:15:00 AM,02ZAPOT_T1L1,N,N,N,3856.06,3856.06,3454.6556,3856.06,3856.06,
7/10/2024 5:15:00 AM,03ADISOL_G01,N,N,N,3718.6194,3718.6194,3400.0140,3718.6194,3718.6194,
7/10/2024 5:15:00 AM,03ALMNOS_BAT1,N,N,N,3865.3257,3865.3257,3526.1764,3865.3257,3865.3257,
7/10/2024 5:15:00 AM,03ALMNOS_BAT2,N,N,N,3865.3257,3865.3257,3361.2398,3865.3257,3865.3257,
7/10/2024 5:15:00 AM,03AMADEO_T1L1,N,N,N,3810.5039,3810.5039,3454.6556,3810.5039,3810.5039,
7/10/2024 5:15:00 AM,03AVION_SS,N,N,N,3844.0919,3844.0919,3454.6556,3844.0919,3844.0919,
7/10/2024 5:15:00 AM,03AVION_U01,N,N,N,3843.3198,3843.3198,3507.7374,3843.3198,3843.3198,
7/10/2024 5:15:00 AM,03AVION_U02,N,N,N,3843.3198,3843.3198,3523.26,3843.3198,3843.3198,
7/10/2024 5:15:00 AM,03AWOC_G01,N,N,N,3911.2680,3911.2680,4012.3759,3911.2680,3911.2680,
7/10/2024 5:15:00 AM,03BACMAN_SS,N,N,N,3568.0524,3568.0524,3454.6556,3568.0524,3568.0524,
7/10/2024 5:15:00 AM,03BACMAN_U01,N,N,N,3551.8374,3551.8374,3204.3871,3551.8374,3551.8374,
7/10/2024 5:15:00 AM,03BACMAN_U02,N,N,N,3552.2235,3552.2235,3299.2647,3552.2235,3552.2235,
7/10/2024 5:15:00 AM,03BACMAN_U03,N,N,N,3566.8942,3566.8942,3305.6955,3566.8942,3566.8942,
7/10/2024 5:15:00 AM,03BALUG_G01,N,N,N,3900.4580,3900.4580,3522.7397,3900.4580,3900.4580,
7/10/2024 5:15:00 AM,03BART_G01,N,N,N,3658.7786,3658.7786,3354.3301,3658.7786,3658.7786,
7/10/2024 5:15:00 AM,03BATAN_SS,N,N,N,3851.8133,3851.8133,3454.6556,3851.8133,3851.8133,
7/10/2024 5:15:00 AM,03BATAN_T1L2,N,N,N,3867.6421,3867.6421,3454.6556,3867.6421,3867.6421,
7/10/2024 5:15:00 AM,03BATAN_T2L2,N,N,N,3853.7436,3853.7436,3454.6556,3853.7436,3853.7436,
7/10/2024 5:15:00 AM,03BAT_BTLEC2,N,N,N,3855.6740,3855.6740,3454.6556,3855.6740,3855.6740,
7/10/2024 5:15:00 AM,03BAT_LIP01,N,N,N,3855.6740,3855.6740,3454.6556,3855.6740,3855.6740,
7/10/2024 5:15:00 AM,03BAT_LIP02,N,N,N,3855.6740,3855.6740,3454.6556,3855.6740,3855.6740,
7/10/2024 5:15:00 AM,03BAT_MECO,N,N,N,3855.6740,3855.6740,3454.6556,3855.6740,3855.6740,
7/10/2024 5:15:00 AM,03BAT_MECO1,N,N,N,3855.6740,3855.6740,3454.6556,3855.6740,3855.6740,
7/10/2024 5:15:00 AM,03BAT_MECO2,N,N,N,3855.6740,3855.6740,3454.6556,3855.6740,3855.6740,
7/10/2024 5:15:00 AM,03BAT_ROS01,N,N,N,3855.6740,3855.6740,3454.6556,3855.6740,3855.6740,
7/10/2024 5:15:00 AM,03BAT_T1L1,N,N,N,3867.6421,3867.6421,3454.6556,3867.6421,3867.6421,
7/10/2024 5:15:00 AM,03BAT_T2L1,N,N,N,3853.7436,3853.7436,3454.6556,3853.7436,3853.7436,
7/10/2024 5:15:00 AM,03BBEC_G01,N,N,N,3658.7786,3658.7786,3355.4615,3658.7786,3658.7786,
7/10/2024 5:15:00 AM,03BINAN_SS,N,N,N,3849.4969,3849.4969,3454.6556,3849.4969,3849.4969,
7/10/2024 5:15:00 AM,03BINAN_T1L1,N,N,N,3854.9018,3854.9018,3454.6556,3854.9018,3854.9018,
7/10/2024 5:15:00 AM,03BOTOCA_G01,N,N,N,3900.4580,3900.4580,3853.3295,3900.4580,3900.4580,
7/10/2024 5:15:00 AM,03BOTOCA_L01,N,N,N,3900.4580,3900.4580,3454.6556,3900.4580,3900.4580,
7/10/2024 5:15:00 AM,03BOTOCA_SS,N,N,N,3900.4580,3900.4580,3454.6556,3900.4580,3900.4580,
7/10/2024 5:15:00 AM,03CADPI_G01,N,N,N,3718.6194,3718.6194,3400.0140,3718.6194,3718.6194,
7/10/2024 5:15:00 AM,03CALACA_G01,N,N,N,3860.6929,3860.6929,3424.9871,3860.6929,3860.6929,
7/10/2024 5:15:00 AM,03CALACA_G02,N,N,N,3714.7587,3714.7587,3471.8220,3714.7587,3714.7587,
7/10/2024 5:15:00 AM,03CALAMBA_L01,N,N,N,3868.0282,3868.0282,3454.6556,3868.0282,3868.0282,
7/10/2024 5:15:00 AM,03CALAMBA_SS,N,N,N,3860.6929,3860.6929,3454.6556,3860.6929,3860.6929,
7/10/2024 5:15:00 AM,03CALAU_SS,N,N,N,3915.1286,3915.1286,3454.6556,3915.1286,3915.1286,
7/10/2024 5:15:00 AM,03CALAU_T1L1,N,N,N,3921.3058,3921.3058,3454.6556,3921.3058,3921.3058,
7/10/2024 5:15:00 AM,03CALIRY_G01,N,N,N,3900.4580,3900.4580,3554.7968,3900.4580,3900.4580,
7/10/2024 5:15:00 AM,03CALIRY_SS,N,N,N,3900.4580,3900.4580,3454.6556,3900.4580,3900.4580,
7/10/2024 5:15:00 AM,03CALIRY_SS1,N,N,N,3900.4580,3900.4580,3454.6556,3900.4580,3900.4580,
7/10/2024 5:15:00 AM,03CALIR_TAL1,N,N,N,3901.2302,3901.2302,3454.6556,3901.2302,3901.2302,
7/10/2024 5:15:00 AM,03CALI_FLECO,N,N,N,3901.2302,3901.2302,3454.6556,3901.2302,3901.2302,
7/10/2024 5:15:00 AM,03CALSOL_G01,N,N,N,3718.6194,3718.6194,3400.0140,3718.6194,3718.6194,
7/10/2024 5:15:00 AM,03CLABSOL_G01,N,N,N,3658.7786,3658.7786,3354.5131,3658.7786,3658.7786,
7/10/2024 5:15:00 AM,03CLACA_SS,N,N,N,3764.9477,3764.9477,3454.6556,3764.9477,3764.9477,
7/10/2024 5:15:00 AM,03CLA_BCNOT,N,N,N,3702.4045,3702.4045,3454.6556,3702.4045,3702.4045,
7/10/2024 5:15:00 AM,03CLA_BTLEC1,N,N,N,3718.6194,3718.6194,3454.6556,3718.6194,3718.6194,
7/10/2024 5:15:00 AM,03CLA_STLCOR,N,N,N,3718.6194,3718.6194,3454.6556,3718.6194,3718.6194,
7/10/2024 5:15:00 AM,03CLA_T1L1,N,N,N,3718.6194,3718.6194,3454.6556,3718.6194,3718.6194,
7/10/2024 5:15:00 AM,03CLBATO_G01,N,N,N,3921.3058,3921.3058,3733.4077,3921.3058,3921.3058,
7/10/2024 5:15:00 AM,03DARAG_SS,N,N,N,3607.0454,3607.0454,3454.6556,3607.0454,3607.0454,
7/10/2024 5:15:00 AM,03DARAG_T1L1,N,N,N,3860.6929,3860.6929,3454.6556,3860.6929,3860.6929,
7/10/2024 5:15:00 AM,03DAR_ALECO,N,N,N,3610.52,3610.52,3454.6556,3610.52,3610.52,
7/10/2024 5:15:00 AM,03DAR_SRECO2,N,N,N,3613.6085,3613.6085,3454.6556,3613.6085,3613.6085,
7/10/2024 5:15:00 AM,03DAR_STDOM,N,N,N,3610.52,3610.52,3454.6556,3610.52,3610.52,
7/10/2024 5:15:00 AM,03DASMA_L01,N,N,N,3829.8073,3829.8073,3454.6556,3829.8073,3829.8073,
7/10/2024 5:15:00 AM,03DASMA_SS,N,N,N,3816.6810,3816.6810,3454.6556,3816.6810,3816.6810,
7/10/2024 5:15:00 AM,03EERI_G01,N,N,N,3746.8024,3746.8024,3435.5986,3746.8024,3746.8024,
7/10/2024 5:15:00 AM,03EERI_G02,N,N,N,3746.8024,3746.8024,3427.4438,3746.8024,3746.8024,
7/10/2024 5:15:00 AM,03EERI_G03,N,N,N,3860.6929,3860.6929,3427.4438,3860.6929,3860.6929,
7/10/2024 5:15:00 AM,03EERI_L01,N,N,N,3746.8024,3746.8024,3454.6556,3746.8024,3746.8024,
7/10/2024 5:15:00 AM,03EERI_SS,N,N,N,3746.8024,3746.8024,3454.6556,3746.8024,3746.8024,
7/10/2024 5:15:00 AM,03GUMAC_SS,N,N,N,3832.8959,3832.8959,3454.6556,3832.8959,3832.8959,
7/10/2024 5:15:00 AM,03GUMAC_T1L1,N,N,N,3835.5984,3835.5984,3454.6556,3835.5984,3835.5984,
7/10/2024 5:15:00 AM,03GUMAC_T1L2,N,N,N,3835.5984,3835.5984,3454.6556,3835.5984,3835.5984,
7/10/2024 5:15:00 AM,03GUMAC_T1L3,N,N,N,3835.5984,3835.5984,3454.6556,3835.5984,3835.5984,
7/10/2024 5:15:00 AM,03GUMAC_T1L4,N,N,N,3835.5984,3835.5984,3454.6556,3835.5984,3835.5984,
7/10/2024 5:15:00 AM,03ILIJAN_G01,N,N,N,3746.4164,3746.4164,3433.4539,3746.4164,3746.4164,
7/10/2024 5:15:00 AM,03ILIJAN_G02,N,N,N,3745.6442,3745.6442,3428.0217,3745.6442,3745.6442,
7/10/2024 5:15:00 AM,03ILIJAN_SS,N,N,N,3746.4164,3746.4164,3454.6556,3746.4164,3746.4164,
7/10/2024 5:15:00 AM,03ILIJAN_SS2,N,N,N,3745.6442,3745.6442,3454.6556,3745.6442,3745.6442,
7/10/2024 5:15:00 AM,03INARI_G01,N,N,N,3658.7786,3658.7786,3441.8021,3658.7786,3658.7786,
7/10/2024 5:15:00 AM,03INGRID_GS1,N,N,N,3901.6162,3901.6162,3553.4337,3901.6162,3901.6162,
7/10/2024 5:15:00 AM,03INGRID_GS2,N,N,N,3901.6162,3901.6162,3553.4337,3901.6162,3901.6162,
7/10/2024 5:15:00 AM,03INGRID_GS3,N,N,N,3901.6162,3901.6162,3553.4337,3901.6162,3901.6162,
7/10/2024 5:15:00 AM,03INGRID_GS4,N,N,N,3901.6162,3901.6162,3553.4337,3901.6162,3901.6162,
7/10/2024 5:15:00 AM,03INGRID_GS5,N,N,N,3901.6162,3901.6162,3553.4337,3901.6162,3901.6162,
7/10/2024 5:15:00 AM,03INGRID_GS6,N,N,N,3901.6162,3901.6162,3553.4337,3901.6162,3901.6162,
7/10/2024 5:15:00 AM,03KAL_E_T1L1,N,N,N,3898.1416,3898.1416,3454.6556,3898.1416,3898.1416,
7/10/2024 5:15:00 AM,03KAL_G01,N,N,N,3898.9137,3898.9137,3566.4909,3898.9137,3898.9137,
7/10/2024 5:15:00 AM,03KAL_G02,N,N,N,3907.4073,3907.4073,3454.6556,3907.4073,3907.4073,
7/10/2024 5:15:00 AM,03KAL_G03,N,N,N,3898.9137,3898.9137,3553.4374,3898.9137,3898.9137,
7/10/2024 5:15:00 AM,03KAL_G04,N,N,N,3907.0212,3907.0212,3454.6556,3907.0212,3907.0212,
7/10/2024 5:15:00 AM,03KAL_SS,N,N,N,3898.9137,3898.9137,3454.6556,3898.9137,3898.9137,
7/10/2024 5:15:00 AM,03LABO_SS,N,N,N,3753.3656,3753.3656,3454.6556,3753.3656,3753.3656,
7/10/2024 5:15:00 AM,03LABO_T1L1,N,N,N,3756.8402,3756.8402,3454.6556,3756.8402,3756.8402,
7/10/2024 5:15:00 AM,03LABO_T1L2,N,N,N,3860.6929,3860.6929,3454.6556,3860.6929,3860.6929,
7/10/2024 5:15:00 AM,03LMHP_G01,N,N,N,3664.1836,3664.1836,3378.1864,3664.1836,3664.1836,
7/10/2024 5:15:00 AM,03LUMBAN_BAT,N,N,N,3898.1416,3898.1416,3551.2171,3898.1416,3898.1416,
7/10/2024 5:15:00 AM,03LUMBAN_BATL,N,N,N,3898.1416,3898.1416,3454.6556,3898.1416,3898.1416,
7/10/2024 5:15:00 AM,03LUMBAN_SS,N,N,N,3897.7555,3897.7555,3454.6556,3897.7555,3897.7555,
7/10/2024 5:15:00 AM,03LWERLAB_G01,N,N,N,3898.1416,3898.1416,3729.4455,3898.1416,3898.1416,
7/10/2024 5:15:00 AM,03MAJAY_G01,N,N,N,3900.4580,3900.4580,3471.8291,3900.4580,3900.4580,
7/10/2024 5:15:00 AM,03MAKBA_T3L1,N,N,N,3865.3257,3865.3257,3454.6556,3865.3257,3865.3257,
7/10/2024 5:15:00 AM,03MAKBA_T3L2,N,N,N,3860.6929,3860.6929,3454.6556,3860.6929,3860.6929,
7/10/2024 5:15:00 AM,03MALAYA_G01,N,N,N,3901.6162,3901.6162,3553.4337,3901.6162,3901.6162,
7/10/2024 5:15:00 AM,03MALAYA_G02,N,N,N,3860.6929,3860.6929,3533.5744,3860.6929,3860.6929,
7/10/2024 5:15:00 AM,03MEC_G01,N,N,N,3829.8073,3829.8073,3495.5632,3829.8073,3829.8073,
7/10/2024 5:15:00 AM,03MGI_G02,N,N,N,3921.3058,3921.3058,3566.2373,3921.3058,3921.3058,
7/10/2024 5:15:00 AM,03MGPP_G01,N,N,N,3921.3058,3921.3058,3572.4927,3921.3058,3921.3058,
7/10/2024 5:15:00 AM,03MKBNA_SS,N,N,N,3863.7814,3863.7814,3454.6556,3863.7814,3863.7814,
7/10/2024 5:15:00 AM,03MKBNB_SS,N,N,N,3863.0093,3863.0093,3454.6556,3863.0093,3863.0093,
7/10/2024 5:15:00 AM,03MKBNC_SS,N,N,N,3860.6929,3860.6929,3454.6556,3860.6929,3860.6929,
7/10/2024 5:15:00 AM,03MKBND_SS,N,N,N,3862.2372,3862.2372,3454.6556,3862.2372,3862.2372,
7/10/2024 5:15:00 AM,03MKBNE_SS,N,N,N,3865.3257,3865.3257,3454.6556,3865.3257,3865.3257,
7/10/2024 5:15:00 AM,03MKBN_A,N,N,N,3838.6869,3838.6869,3499.7705,3838.6869,3838.6869,
7/10/2024 5:15:00 AM,03MKBN_B,N,N,N,3857.2183,3857.2183,3522.0514,3857.2183,3857.2183,
7/10/2024 5:15:00 AM,03MKBN_C,N,N,N,3860.6929,3860.6929,3533.5744,3860.6929,3860.6929,
7/10/2024 5:15:00 AM,03MKBN_D,N,N,N,3857.2183,3857.2183,3522.7886,3857.2183,3857.2183,
7/10/2024 5:15:00 AM,03MKBN_E,N,N,N,3865.3257,3865.3257,3496.2389,3865.3257,3865.3257,
7/10/2024 5:15:00 AM,03MKBN_SLACE,N,N,N,3865.3257,3865.3257,3454.6556,3865.3257,3865.3257,
7/10/2024 5:15:00 AM,03MLAYA_L01,N,N,N,3901.6162,3901.6162,3454.6556,3901.6162,3901.6162,
7/10/2024 5:15:00 AM,03MLAYA_SS,N,N,N,3901.6162,3901.6162,3454.6556,3901.6162,3901.6162,
7/10/2024 5:15:00 AM,03MLAYA_SS1,N,N,N,3901.6162,3901.6162,3454.6556,3901.6162,3901.6162,
7/10/2024 5:15:00 AM,03MLAYA_T2L1,N,N,N,3901.6162,3901.6162,3454.6556,3901.6162,3901.6162,
7/10/2024 5:15:00 AM,03MLAYA_T2L2,N,N,N,3860.6929,3860.6929,3454.6556,3860.6929,3860.6929,
7/10/2024 5:15:00 AM,03NAG_CSRC2B,N,N,N,3658.7786,3658.7786,3454.6556,3658.7786,3658.7786,
7/10/2024 5:15:00 AM,03NAG_CSRCO1,N,N,N,3658.7786,3658.7786,3454.6556,3658.7786,3658.7786,
7/10/2024 5:15:00 AM,03NAG_CSRCO2,N,N,N,3658.7786,3658.7786,3454.6556,3658.7786,3658.7786,
7/10/2024 5:15:00 AM,03NAG_CSRCO3,N,N,N,3658.7786,3658.7786,3454.6556,3658.7786,3658.7786,
7/10/2024 5:15:00 AM,03NAG_CSRCO4,N,N,N,3658.7786,3658.7786,3454.6556,3658.7786,3658.7786,
7/10/2024 5:15:00 AM,03NAG_SS,N,N,N,3658.3926,3658.3926,3454.6556,3658.3926,3658.3926,
7/10/2024 5:15:00 AM,03ORMAT_G01,N,N,N,3860.6929,3860.6929,3407.5713,3860.6929,3860.6929,
7/10/2024 5:15:00 AM,03ORMAT_SS,N,N,N,3865.3257,3865.3257,3454.6556,3865.3257,3865.3257,
7/10/2024 5:15:00 AM,03PAGBIL_G01,N,N,N,3860.6929,3860.6929,2952.9724,3860.6929,3860.6929,
7/10/2024 5:15:00 AM,03PAGBIL_G02,N,N,N,3726.7268,3726.7268,3341.6133,3726.7268,3726.7268,
7/10/2024 5:15:00 AM,03PAGBIL_G03,N,N,N,3725.9547,3725.9547,3420.3587,3725.9547,3725.9547,
7/10/2024 5:15:00 AM,03PAGEHV_SS,N,N,N,3743.7139,3743.7139,3454.6556,3743.7139,3743.7139,
7/10/2024 5:15:00 AM,03PALAK_G01,N,N,N,3921.3058,3921.3058,3562.0565,3921.3058,3921.3058,
7/10/2024 5:15:00 AM,03PALAYAN_G01,N,N,N,3563.8056,3563.8056,3288.7294,3563.8056,3563.8056,
7/10/2024 5:15:00 AM,03PGBIL_SS,N,N,N,3727.1129,3727.1129,3454.6556,3727.1129,3727.1129,
7/10/2024 5:15:00 AM,03PGBIL_SS1,N,N,N,3860.6929,3860.6929,3454.6556,3860.6929,3860.6929,
7/10/2024 5:15:00 AM,03PGBIL_SS2,N,N,N,3727.1129,3727.1129,3454.6556,3727.1129,3727.1129,
7/10/2024 5:15:00 AM,03QPPL_G01,N,N,N,3664.1836,3664.1836,3378.5220,3664.1836,3664.1836,
7/10/2024 5:15:00 AM,03QPPL_SU1,N,N,N,3664.1836,3664.1836,3454.6556,3664.1836,3664.1836,
7/10/2024 5:15:00 AM,03QPPL_T5L1,N,N,N,3664.1836,3664.1836,3454.6556,3664.1836,3664.1836,
7/10/2024 5:15:00 AM,03RCBMI_G01,N,N,N,3853.7436,3853.7436,3521.5494,3853.7436,3853.7436,
7/10/2024 5:15:00 AM,03RCBMI_G02,N,N,N,3853.7436,3853.7436,3521.5494,3853.7436,3853.7436,
7/10/2024 5:15:00 AM,03SBPL_G01,N,N,N,3664.1836,3664.1836,3378.7739,3664.1836,3664.1836,
7/10/2024 5:15:00 AM,03SBPL_L01,N,N,N,3664.1836,3664.1836,3454.6556,3664.1836,3664.1836,
7/10/2024 5:15:00 AM,03SLPGC_G01,N,N,N,3695.8413,3695.8413,3420.4205,3695.8413,3695.8413,
7/10/2024 5:15:00 AM,03SLPGC_G02,N,N,N,3695.8413,3695.8413,3450.7623,3695.8413,3695.8413,
7/10/2024 5:15:00 AM,03SLPGC_SS,N,N,N,3714.7587,3714.7587,3454.6556,3714.7587,3714.7587,
7/10/2024 5:15:00 AM,03SLTEC_G01,N,N,N,3701.2463,3701.2463,3421.5840,3701.2463,3701.2463,
7/10/2024 5:15:00 AM,03SLTEC_G02,N,N,N,3700.8602,3700.8602,3417.8219,3700.8602,3700.8602,
7/10/2024 5:15:00 AM,03SLTEC_SS,N,N,N,3702.4045,3702.4045,3454.6556,3702.4045,3702.4045,
7/10/2024 5:15:00 AM,03SNGAB_G01,N,N,N,3838.6869,3838.6869,4021.2122,3838.6869,3838.6869,
7/10/2024 5:15:00 AM,03SNGAB_S01,N,N,N,3838.6869,3838.6869,3454.6556,3838.6869,3838.6869,
7/10/2024 5:15:00 AM,03SOLACE_G01,N,N,N,3865.3257,3865.3257,3526.1764,3865.3257,3865.3257,
7/10/2024 5:15:00 AM,03STA-RI_G01,N,N,N,3668.4304,3668.4304,3364.1648,3668.4304,3668.4304,
7/10/2024 5:15:00 AM,03STA-RI_G02,N,N,N,3678.0821,3678.0821,3371.2915,3678.0821,3678.0821,
7/10/2024 5:15:00 AM,03STA-RI_G03,N,N,N,3678.0821,3678.0821,3370.5014,3678.0821,3678.0821,
7/10/2024 5:15:00 AM,03STA-RI_G04,N,N,N,3678.0821,3678.0821,3371.2915,3678.0821,3678.0821,
7/10/2024 5:15:00 AM,03STA-RI_G05,N,N,N,3842.9337,3842.9337,3448.3231,3842.9337,3842.9337,
7/10/2024 5:15:00 AM,03STA-RI_G06,N,N,N,3860.6929,3860.6929,3184.0056,3860.6929,3860.6929,
7/10/2024 5:15:00 AM,03STAR_SS1,N,N,N,3668.4304,3668.4304,3454.6556,3668.4304,3668.4304,
7/10/2024 5:15:00 AM,03STAR_SS2,N,N,N,3678.0821,3678.0821,3454.6556,3678.0821,3678.0821,
7/10/2024 5:15:00 AM,03STAR_SS3,N,N,N,3678.0821,3678.0821,3454.6556,3678.0821,3678.0821,
7/10/2024 5:15:00 AM,03STAR_SS4,N,N,N,3678.0821,3678.0821,3454.6556,3678.0821,3678.0821,
7/10/2024 5:15:00 AM,03STAR_SS5,N,N,N,3842.9337,3842.9337,3454.6556,3842.9337,3842.9337,
7/10/2024 5:15:00 AM,03STAR_SS6,N,N,N,3844.4780,3844.4780,3454.6556,3844.4780,3844.4780,
7/10/2024 5:15:00 AM,03STROS_T1L1,N,N,N,3852.5854,3852.5854,3454.6556,3852.5854,3852.5854,
7/10/2024 5:15:00 AM,03TAYAB_SS,N,N,N,3747.9606,3747.9606,3454.6556,3747.9606,3747.9606,
7/10/2024 5:15:00 AM,03TAYAB_T1L1,N,N,N,3744.10,3744.10,3454.6556,3744.10,3744.10,
7/10/2024 5:15:00 AM,03TAYAB_T1L2,N,N,N,3744.10,3744.10,3454.6556,3744.10,3744.10,
7/10/2024 5:15:00 AM,03TGPP_G01,N,N,N,3633.6841,3633.6841,3327.2402,3633.6841,3633.6841,
7/10/2024 5:15:00 AM,03TGPP_L01,N,N,N,3633.6841,3633.6841,3454.6556,3633.6841,3633.6841,
7/10/2024 5:15:00 AM,03TIBAG_G01,N,N,N,3898.1416,3898.1416,3551.2171,3898.1416,3898.1416,
7/10/2024 5:15:00 AM,03TIWIA_SS,N,N,N,3635.6145,3635.6145,3454.6556,3635.6145,3635.6145,
7/10/2024 5:15:00 AM,03TIWIC_L01,N,N,N,3860.6929,3860.6929,3454.6556,3860.6929,3860.6929,
7/10/2024 5:15:00 AM,03TIWIC_SS,N,N,N,3635.6145,3635.6145,3454.6556,3635.6145,3635.6145,
7/10/2024 5:15:00 AM,03TIWI_A,N,N,N,3634.8423,3634.8423,3345.5101,3634.8423,3634.8423,
7/10/2024 5:15:00 AM,03TIWI_C,N,N,N,3634.4563,3634.4563,3333.6441,3634.4563,3634.4563,
7/10/2024 5:15:00 AM,03UPLAB_G01,N,N,N,3898.1416,3898.1416,3514.9363,3898.1416,3898.1416,
7/10/2024 5:15:00 AM,04BABAT_SS,N,N,N,4043.3037,4043.3037,3454.6556,4043.3037,4043.3037,
7/10/2024 5:15:00 AM,04BABAT_T1L1,N,N,N,4042.9176,4042.9176,3454.6556,4042.9176,4042.9176,
7/10/2024 5:15:00 AM,04BAGLI_T1L1,N,N,N,4046.0061,4046.0061,3454.6556,4046.0061,4046.0061,
7/10/2024 5:15:00 AM,04BAGLI_T1L2,N,N,N,4046.0061,4046.0061,3454.6556,4046.0061,4046.0061,
7/10/2024 5:15:00 AM,04BILGPP_G01,N,N,N,3913.5844,3913.5844,3428.9737,3913.5844,3913.5844,
7/10/2024 5:15:00 AM,04CLBYBNK_G01,N,N,N,4125.1503,4125.1503,3548.6568,4125.1503,4125.1503,
7/10/2024 5:15:00 AM,04CLBYOG_L02,N,N,N,4125.1503,4125.1503,3454.6556,4125.1503,4125.1503,
7/10/2024 5:15:00 AM,04CLBYOG_SS,N,N,N,4125.9225,4125.9225,3454.6556,4125.9225,4125.9225,
7/10/2024 5:15:00 AM,04IASMOD_G01,N,N,N,3898.5277,3898.5277,3036.3098,3898.5277,3898.5277,
7/10/2024 5:15:00 AM,04IASMOD_G02,N,N,N,3898.5277,3898.5277,3619.1531,3898.5277,3898.5277,
7/10/2024 5:15:00 AM,04IASMOD_G03,N,N,N,3898.5277,3898.5277,3464.9681,3898.5277,3898.5277,
7/10/2024 5:15:00 AM,04IASMOD_G04,N,N,N,3898.5277,3898.5277,3000.9048,3898.5277,3898.5277,
7/10/2024 5:15:00 AM,04IASMOD_G05,N,N,N,3898.5277,3898.5277,3049.5789,3898.5277,3898.5277,
7/10/2024 5:15:00 AM,04IASMOD_G06,N,N,N,3898.5277,3898.5277,3043.1485,3898.5277,3898.5277,
7/10/2024 5:15:00 AM,04ISABE_SS,N,N,N,3898.5277,3898.5277,3454.6556,3898.5277,3898.5277,
7/10/2024 5:15:00 AM,04ISABE_T1L1,N,N,N,3898.5277,3898.5277,3454.6556,3898.5277,3898.5277,
7/10/2024 5:15:00 AM,04ISABE_T2L1,N,N,N,3898.5277,3898.5277,3454.6556,3898.5277,3898.5277,
7/10/2024 5:15:00 AM,04ISABE_T3L1,N,N,N,3860.6929,3860.6929,3454.6556,3860.6929,3860.6929,
7/10/2024 5:15:00 AM,04ISABE_T4L2,N,N,N,3898.5277,3898.5277,3454.6556,3898.5277,3898.5277,
7/10/2024 5:15:00 AM,04ISABE_T5L2,N,N,N,3898.5277,3898.5277,3454.6556,3898.5277,3898.5277,
7/10/2024 5:15:00 AM,04LEYTE_A,N,N,N,3910.4958,3910.4958,3463.1256,3910.4958,3910.4958,
7/10/2024 5:15:00 AM,04LEYTE_S01,N,N,N,3910.4958,3910.4958,3454.6556,3910.4958,3910.4958,
7/10/2024 5:15:00 AM,04LGPP_G01,N,N,N,3883.8570,3883.8570,3409.0012,3883.8570,3883.8570,
7/10/2024 5:15:00 AM,04MAASI_SS,N,N,N,4068.7842,4068.7842,3454.6556,4068.7842,4068.7842,
7/10/2024 5:15:00 AM,04MAASI_T1L1,N,N,N,4069.5564,4069.5564,3454.6556,4069.5564,4069.5564,
7/10/2024 5:15:00 AM,04MAASI_T2L2,N,N,N,4069.5564,4069.5564,3454.6556,4069.5564,4069.5564,
7/10/2024 5:15:00 AM,04ORMOC_BAT,N,N,N,3913.5844,3913.5844,3428.9737,3913.5844,3913.5844,
7/10/2024 5:15:00 AM,04ORMOC_SS,N,N,N,3913.1983,3913.1983,3454.6556,3913.1983,3913.1983,
7/10/2024 5:15:00 AM,04ORMOC_T2L1,N,N,N,3913.5844,3913.5844,3454.6556,3913.5844,3913.5844,
7/10/2024 5:15:00 AM,04ORMOC_T2L2,N,N,N,3913.5844,3913.5844,3454.6556,3913.5844,3913.5844,
7/10/2024 5:15:00 AM,04PARA_SS,N,N,N,4093.4927,4093.4927,3454.6556,4093.4927,4093.4927,
7/10/2024 5:15:00 AM,04PHSOL_G01,N,N,N,3913.5844,3913.5844,3428.9737,3913.5844,3913.5844,
7/10/2024 5:15:00 AM,04SEPSOL_G01,N,N,N,3913.5844,3913.5844,3428.9737,3913.5844,3913.5844,
7/10/2024 5:15:00 AM,04SNAGU_L01,N,N,N,4125.1503,4125.1503,3454.6556,4125.1503,4125.1503,
7/10/2024 5:15:00 AM,04STAR_SS,N,N,N,4046.0061,4046.0061,3454.6556,4046.0061,4046.0061,
7/10/2024 5:15:00 AM,04TABAN_SS,N,N,N,3906.6351,3906.6351,3454.6556,3906.6351,3906.6351,
7/10/2024 5:15:00 AM,04TABAN_T1L1,N,N,N,3860.6929,3860.6929,3454.6556,3860.6929,3860.6929,
7/10/2024 5:15:00 AM,04TAFT_G01,N,N,N,4098.8976,4098.8976,3531.6382,4098.8976,4098.8976,
7/10/2024 5:15:00 AM,04TONGO_T2L2,N,N,N,3885.4013,3885.4013,3454.6556,3885.4013,3885.4013,
7/10/2024 5:15:00 AM,04WRIGH_T1L1,N,N,N,4092.7205,4092.7205,3454.6556,4092.7205,4092.7205,
7/10/2024 5:15:00 AM,04WRIGH_T2L2,N,N,N,4099.2837,4099.2837,3454.6556,4099.2837,4099.2837,
7/10/2024 5:15:00 AM,05BANIL_T1L1,N,N,N,3883.0849,3883.0849,3454.6556,3883.0849,3883.0849,
7/10/2024 5:15:00 AM,05BANIL_T1L2,N,N,N,3883.4710,3883.4710,3454.6556,3883.4710,3883.4710,
7/10/2024 5:15:00 AM,05BANIL_T1L3,N,N,N,3882.6988,3882.6988,3454.6556,3882.6988,3882.6988,
7/10/2024 5:15:00 AM,05CALUNG_CEP,N,N,N,3829.0352,3829.0352,3454.6556,3829.0352,3829.0352,
7/10/2024 5:15:00 AM,05CARMENDPP_U01,N,N,N,3837.1427,3837.1427,3314.5187,3837.1427,3837.1427,
7/10/2024 5:15:00 AM,05CARMENDPP_U02,N,N,N,3837.1427,3837.1427,3314.5187,3837.1427,3837.1427,
7/10/2024 5:15:00 AM,05CARMENDPP_U03,N,N,N,3837.1427,3837.1427,3314.5187,3837.1427,3837.1427,
7/10/2024 5:15:00 AM,05CARMENDPP_U04,N,N,N,3837.1427,3837.1427,3314.5187,3837.1427,3837.1427,
7/10/2024 5:15:00 AM,05CDPPI_SS1,N,N,N,3860.6929,3860.6929,3454.6556,3860.6929,3860.6929,
7/10/2024 5:15:00 AM,05CDPPI_SS2,N,N,N,3860.6929,3860.6929,3454.6556,3860.6929,3860.6929,
7/10/2024 5:15:00 AM,05CEDC_SS,N,N,N,3824.7884,3824.7884,3454.6556,3824.7884,3824.7884,
7/10/2024 5:15:00 AM,05CEDC_U01,N,N,N,3824.0163,3824.0163,3390.1092,3824.0163,3824.0163,
7/10/2024 5:15:00 AM,05CEDC_U02,N,N,N,3824.0163,3824.0163,3387.2586,3824.0163,3824.0163,
7/10/2024 5:15:00 AM,05CEDC_U03,N,N,N,3824.0163,3824.0163,3215.3599,3824.0163,3824.0163,
7/10/2024 5:15:00 AM,05CEMEX_L01,N,N,N,3860.6929,3860.6929,3454.6556,3860.6929,3860.6929,
7/10/2024 5:15:00 AM,05COLON_L01,N,N,N,3861.0789,3861.0789,3454.6556,3861.0789,3861.0789,
7/10/2024 5:15:00 AM,05COMPS_SS,N,N,N,3892.3506,3892.3506,3454.6556,3892.3506,3892.3506,
7/10/2024 5:15:00 AM,05COMPS_T1L1,N,N,N,3895.4391,3895.4391,3454.6556,3895.4391,3895.4391,
7/10/2024 5:15:00 AM,05COMPS_T2L2,N,N,N,3895.4391,3895.4391,3454.6556,3895.4391,3895.4391,
7/10/2024 5:15:00 AM,05CPPC_U01,N,N,N,3879.6103,3879.6103,3343.7597,3879.6103,3879.6103,
7/10/2024 5:15:00 AM,05CPPC_U02,N,N,N,3879.6103,3879.6103,3343.7597,3879.6103,3879.6103,
7/10/2024 5:15:00 AM,05CPPC_U03,N,N,N,3879.6103,3879.6103,3343.7597,3879.6103,3879.6103,
7/10/2024 5:15:00 AM,05CPPC_U04,N,N,N,3879.6103,3879.6103,3343.7597,3879.6103,3879.6103,
7/10/2024 5:15:00 AM,05CPPC_U05,N,N,N,3879.6103,3879.6103,3343.7597,3879.6103,3879.6103,
7/10/2024 5:15:00 AM,05CPPC_U06,N,N,N,3879.6103,3879.6103,3343.7597,3879.6103,3879.6103,
7/10/2024 5:15:00 AM,05CPPC_U07,N,N,N,3879.6103,3879.6103,3343.7597,3879.6103,3879.6103,
7/10/2024 5:15:00 AM,05CPPC_U08,N,N,N,3879.6103,3879.6103,3343.7597,3879.6103,3879.6103,
7/10/2024 5:15:00 AM,05CPPC_U09,N,N,N,3879.6103,3879.6103,3343.7597,3879.6103,3879.6103,
7/10/2024 5:15:00 AM,05CPPC_U10,N,N,N,3879.6103,3879.6103,3343.7597,3879.6103,3879.6103,
7/10/2024 5:15:00 AM,05DAANB_SS,N,N,N,3900.8441,3900.8441,3454.6556,3900.8441,3900.8441,
7/10/2024 5:15:00 AM,05DMA_L01,N,N,N,3810.1178,3810.1178,3454.6556,3810.1178,3810.1178,
7/10/2024 5:15:00 AM,05EAUC_U01,N,N,N,3903.9326,3903.9326,3363.7073,3903.9326,3903.9326,
7/10/2024 5:15:00 AM,05EAUC_U02,N,N,N,3903.9326,3903.9326,3363.7073,3903.9326,3903.9326,
7/10/2024 5:15:00 AM,05EAUC_U03,N,N,N,3903.9326,3903.9326,3363.7073,3903.9326,3903.9326,
7/10/2024 5:15:00 AM,05EAUC_U04,N,N,N,3903.9326,3903.9326,3363.7073,3903.9326,3903.9326,
7/10/2024 5:15:00 AM,05KSPC_G01,N,N,N,3857.9904,3857.9904,3314.4578,3857.9904,3857.9904,
7/10/2024 5:15:00 AM,05KSPC_G02,N,N,N,3860.6929,3860.6929,3338.7962,3860.6929,3860.6929,
7/10/2024 5:15:00 AM,05KSPC_SS1,N,N,N,3857.9904,3857.9904,3454.6556,3857.9904,3857.9904,
7/10/2024 5:15:00 AM,05KSPC_SS2,N,N,N,3858.3765,3858.3765,3454.6556,3858.3765,3858.3765,
7/10/2024 5:15:00 AM,05LAPU_SS,N,N,N,3902.3884,3902.3884,3454.6556,3902.3884,3902.3884,
7/10/2024 5:15:00 AM,05MCTAN_T1L1,N,N,N,3903.9326,3903.9326,3454.6556,3903.9326,3903.9326,
7/10/2024 5:15:00 AM,05MNDUE_SS,N,N,N,3898.9137,3898.9137,3454.6556,3898.9137,3898.9137,
7/10/2024 5:15:00 AM,05MNDUE_T1L1,N,N,N,3900.0719,3900.0719,3454.6556,3900.0719,3900.0719,
7/10/2024 5:15:00 AM,05MNDUE_T1L2,N,N,N,3900.0719,3900.0719,3454.6556,3900.0719,3900.0719,
7/10/2024 5:15:00 AM,05MNDUE_T1L4,N,N,N,3900.0719,3900.0719,3454.6556,3900.0719,3900.0719,
7/10/2024 5:15:00 AM,05MNDUE_T1L5,N,N,N,3900.0719,3900.0719,3454.6556,3900.0719,3900.0719,
7/10/2024 5:15:00 AM,05NAGA_T1L1,N,N,N,3860.6929,3860.6929,3454.6556,3860.6929,3860.6929,
7/10/2024 5:15:00 AM,05NAGA_T2L2,N,N,N,3860.6929,3860.6929,3454.6556,3860.6929,3860.6929,
7/10/2024 5:15:00 AM,05NAGLES_L01,N,N,N,3864.9396,3864.9396,3454.6556,3864.9396,3864.9396,
7/10/2024 5:15:00 AM,05NNAGVE_L01,N,N,N,3860.6929,3860.6929,3454.6556,3860.6929,3860.6929,
7/10/2024 5:15:00 AM,05NNAGVE_L02,N,N,N,3860.6929,3860.6929,3454.6556,3860.6929,3860.6929,
7/10/2024 5:15:00 AM,05QUIOT_T1L1,N,N,N,3879.6103,3879.6103,3454.6556,3879.6103,3879.6103,
7/10/2024 5:15:00 AM,05SAMB_L01,N,N,N,3764.9477,3764.9477,3454.6556,3764.9477,3764.9477,
7/10/2024 5:15:00 AM,05SAMB_L02,N,N,N,3860.6929,3860.6929,3454.6556,3860.6929,3860.6929,
7/10/2024 5:15:00 AM,05TALATR1_SS,N,N,N,3829.0352,3829.0352,3454.6556,3829.0352,3829.0352,
7/10/2024 5:15:00 AM,05TALAV_SS,N,N,N,3829.0352,3829.0352,3454.6556,3829.0352,3829.0352,
7/10/2024 5:15:00 AM,05TALAV_T1L1,N,N,N,3829.0352,3829.0352,3454.6556,3829.0352,3829.0352,
7/10/2024 5:15:00 AM,05TALIS_T1L1,N,N,N,3860.6929,3860.6929,3454.6556,3860.6929,3860.6929,
7/10/2024 5:15:00 AM,05THVI_SS1,N,N,N,3836.7566,3836.7566,3454.6556,3836.7566,3836.7566,
7/10/2024 5:15:00 AM,05THVI_SS2,N,N,N,3837.1427,3837.1427,3454.6556,3837.1427,3837.1427,
7/10/2024 5:15:00 AM,05THVI_U01,N,N,N,3836.7566,3836.7566,3302.8888,3836.7566,3836.7566,
7/10/2024 5:15:00 AM,05THVI_U02,N,N,N,3837.1427,3837.1427,3303.9722,3837.1427,3837.1427,
7/10/2024 5:15:00 AM,05TOLEDO_BAT,N,N,N,3829.0352,3829.0352,3307.6280,3829.0352,3829.0352,
7/10/2024 5:15:00 AM,05TOLSOL_G01,N,N,N,3829.0352,3829.0352,3307.6280,3829.0352,3829.0352,
7/10/2024 5:15:00 AM,05TOL_CARMEN,N,N,N,3837.1427,3837.1427,3454.6556,3837.1427,3837.1427,
7/10/2024 5:15:00 AM,05TPC_G01,N,N,N,3837.1427,3837.1427,3314.5187,3837.1427,3837.1427,
7/10/2024 5:15:00 AM,05TPC_G02,N,N,N,3837.1427,3837.1427,3306.4445,3837.1427,3837.1427,
7/10/2024 5:15:00 AM,05TPC_L01,N,N,N,3837.1427,3837.1427,3454.6556,3837.1427,3837.1427,
7/10/2024 5:15:00 AM,05TPC_S01,N,N,N,3837.1427,3837.1427,3454.6556,3837.1427,3837.1427,
7/10/2024 5:15:00 AM,05TPC_S02,N,N,N,3837.1427,3837.1427,3454.6556,3837.1427,3837.1427,
7/10/2024 5:15:00 AM,05TPVI_U01,N,N,N,3860.6929,3860.6929,3328.1517,3860.6929,3860.6929,
7/10/2024 5:15:00 AM,05TPVI_U02,N,N,N,3860.6929,3860.6929,3328.1517,3860.6929,3860.6929,
7/10/2024 5:15:00 AM,05TPVI_U03,N,N,N,3860.6929,3860.6929,3328.1517,3860.6929,3860.6929,
7/10/2024 5:15:00 AM,05TPVI_U04,N,N,N,3860.6929,3860.6929,3328.1517,3860.6929,3860.6929,
7/10/2024 5:15:00 AM,05TPVI_U05,N,N,N,3860.6929,3860.6929,3328.1517,3860.6929,3860.6929,
7/10/2024 5:15:00 AM,05TPVI_U06,N,N,N,3860.6929,3860.6929,3328.1517,3860.6929,3860.6929,
7/10/2024 5:15:00 AM,06AMLAN_SS,N,N,N,3735.6064,3735.6064,3454.6556,3735.6064,3735.6064,
7/10/2024 5:15:00 AM,06AMLAN_T1L1,N,N,N,3737.1507,3737.1507,3454.6556,3737.1507,3737.1507,
7/10/2024 5:15:00 AM,06AMLAN_T2L2,N,N,N,3737.1507,3737.1507,3454.6556,3737.1507,3737.1507,
7/10/2024 5:15:00 AM,06AMLA_G01,N,N,N,3737.1507,3737.1507,3234.6946,3737.1507,3737.1507,
7/10/2024 5:15:00 AM,06BACOL_SS,N,N,N,3910.8819,3910.8819,3454.6556,3910.8819,3910.8819,
7/10/2024 5:15:00 AM,06BACOL_T1L1,N,N,N,3910.1097,3910.1097,3454.6556,3910.1097,3910.1097,
7/10/2024 5:15:00 AM,06BACOL_T1L2,N,N,N,3910.1097,3910.1097,3454.6556,3910.1097,3910.1097,
7/10/2024 5:15:00 AM,06BACOL_T2L2,N,N,N,3910.1097,3910.1097,3454.6556,3910.1097,3910.1097,
7/10/2024 5:15:00 AM,06BACOL_T3L3,N,N,N,3910.1097,3910.1097,3454.6556,3910.1097,3910.1097,
7/10/2024 5:15:00 AM,06BBGPP_G01,N,N,N,3910.8819,3910.8819,3561.0396,3910.8819,3910.8819,
7/10/2024 5:15:00 AM,06BBGPP_L01,N,N,N,3910.8819,3910.8819,3454.6556,3910.8819,3910.8819,
7/10/2024 5:15:00 AM,06BCLBAS_LD1,N,N,N,3910.1097,3910.1097,3454.6556,3910.1097,3910.1097,
7/10/2024 5:15:00 AM,06BCL_SS,N,N,N,3910.1097,3910.1097,3454.6556,3910.1097,3910.1097,
7/10/2024 5:15:00 AM,06BISCOM_G01,N,N,N,3863.0093,3863.0093,3324.5692,3863.0093,3863.0093,
7/10/2024 5:15:00 AM,06CABI_G01,N,N,N,3737.1507,3737.1507,3234.6946,3737.1507,3737.1507,
7/10/2024 5:15:00 AM,06CADIZL_SS,N,N,N,3893.1227,3893.1227,3454.6556,3893.1227,3893.1227,
7/10/2024 5:15:00 AM,06CADIZL_T1L1,N,N,N,3893.5088,3893.5088,3454.6556,3893.5088,3893.5088,
7/10/2024 5:15:00 AM,06CADIZL_T1L2,N,N,N,3893.5088,3893.5088,3454.6556,3893.5088,3893.5088,
7/10/2024 5:15:00 AM,06CADIZL_T1L3,N,N,N,3893.5088,3893.5088,3454.6556,3893.5088,3893.5088,
7/10/2024 5:15:00 AM,06CADIZL_T1L4,N,N,N,3893.5088,3893.5088,3454.6556,3893.5088,3893.5088,
7/10/2024 5:15:00 AM,06CARSOL_G01,N,N,N,3910.1097,3910.1097,3357.3505,3910.1097,3910.1097,
7/10/2024 5:15:00 AM,06CAY_SS,N,N,N,3861.8511,3861.8511,3454.6556,3861.8511,3861.8511,
7/10/2024 5:15:00 AM,06CENPRI_U01,N,N,N,3910.1097,3910.1097,3357.3505,3910.1097,3910.1097,
7/10/2024 5:15:00 AM,06CENPRI_U02,N,N,N,3910.1097,3910.1097,3357.3505,3910.1097,3910.1097,
7/10/2024 5:15:00 AM,06CENPRI_U03,N,N,N,3910.1097,3910.1097,3357.3505,3910.1097,3910.1097,
7/10/2024 5:15:00 AM,06CENPRI_U04,N,N,N,3910.1097,3910.1097,3357.3505,3910.1097,3910.1097,
7/10/2024 5:15:00 AM,06CENPRI_U05,N,N,N,3910.1097,3910.1097,3357.3505,3910.1097,3910.1097,
7/10/2024 5:15:00 AM,06CLTRAVA_SS,N,N,N,3861.8511,3861.8511,3454.6556,3861.8511,3861.8511,
7/10/2024 5:15:00 AM,06FFHC_G01,N,N,N,3893.5088,3893.5088,3346.5434,3893.5088,3893.5088,
7/10/2024 5:15:00 AM,06HELIOS_G01,N,N,N,3893.1227,3893.1227,3346.5434,3893.1227,3893.1227,
7/10/2024 5:15:00 AM,06HELIOS_S01,N,N,N,3893.1227,3893.1227,3454.6556,3893.1227,3893.1227,
7/10/2024 5:15:00 AM,06HPCO_G01,N,N,N,3860.6929,3860.6929,3328.1517,3860.6929,3860.6929,
7/10/2024 5:15:00 AM,06HPCO_G02,N,N,N,3860.6929,3860.6929,3328.1517,3860.6929,3860.6929,
7/10/2024 5:15:00 AM,06KABAN_BAT,N,N,N,3866.0978,3866.0978,3479.0294,3866.0978,3866.0978,
7/10/2024 5:15:00 AM,06KABAN_L01,N,N,N,3866.0978,3866.0978,3454.6556,3866.0978,3866.0978,
7/10/2024 5:15:00 AM,06KABAN_SS,N,N,N,3866.0978,3866.0978,3454.6556,3866.0978,3866.0978,
7/10/2024 5:15:00 AM,06KABAN_T1L1,N,N,N,3863.0093,3863.0093,3454.6556,3863.0093,3863.0093,
7/10/2024 5:15:00 AM,06KABAN_T2L2,N,N,N,3863.0093,3863.0093,3454.6556,3863.0093,3863.0093,
7/10/2024 5:15:00 AM,06MABIN_SS,N,N,N,3795.0611,3795.0611,3454.6556,3795.0611,3795.0611,
7/10/2024 5:15:00 AM,06MABIN_T1L1,N,N,N,3794.6750,3794.6750,3454.6556,3794.6750,3794.6750,
7/10/2024 5:15:00 AM,06MABIN_T2L2,N,N,N,3794.6750,3794.6750,3454.6556,3794.6750,3794.6750,
7/10/2024 5:15:00 AM,06MANSOL_G01,N,N,N,3893.5088,3893.5088,3346.5434,3893.5088,3893.5088,
7/10/2024 5:15:00 AM,06MNTSOL_G01,N,N,N,3737.1507,3737.1507,3234.6946,3737.1507,3737.1507,
7/10/2024 5:15:00 AM,06NASULO_G01,N,N,N,3704.3348,3704.3348,3208.1781,3704.3348,3704.3348,
7/10/2024 5:15:00 AM,06NTNEGB_G01,N,N,N,3860.6929,3860.6929,3328.1517,3860.6929,3860.6929,
7/10/2024 5:15:00 AM,06PAL1A_G01,N,N,N,3700.4741,3700.4741,3210.5121,3700.4741,3700.4741,
7/10/2024 5:15:00 AM,06PAL1A_SS,N,N,N,3701.6323,3701.6323,3454.6556,3701.6323,3701.6323,
7/10/2024 5:15:00 AM,06PAL2A_U01,N,N,N,3704.3348,3704.3348,3207.1012,3704.3348,3704.3348,
7/10/2024 5:15:00 AM,06PAL2A_U02,N,N,N,3704.3348,3704.3348,3209.2004,3704.3348,3704.3348,
7/10/2024 5:15:00 AM,06PAL2A_U03,N,N,N,3860.6929,3860.6929,3239.3277,3860.6929,3860.6929,
7/10/2024 5:15:00 AM,06PAL2A_U04,N,N,N,3860.6929,3860.6929,3328.1517,3860.6929,3860.6929,
7/10/2024 5:15:00 AM,06PGPP2_SS,N,N,N,3705.4930,3705.4930,3454.6556,3705.4930,3705.4930,
7/10/2024 5:15:00 AM,06SACASL_G01,N,N,N,3861.8511,3861.8511,3327.6449,3861.8511,3861.8511,
7/10/2024 5:15:00 AM,06SACASL_G02,N,N,N,3861.8511,3861.8511,3121.4207,3861.8511,3861.8511,
7/10/2024 5:15:00 AM,06SACSUN_G01,N,N,N,3861.4650,3861.4650,3327.6449,3861.4650,3861.4650,
7/10/2024 5:15:00 AM,06SCBE_G01,N,N,N,3893.5088,3893.5088,3346.5434,3893.5088,3893.5088,
7/10/2024 5:15:00 AM,06SCBIOP_G01,N,N,N,3860.6929,3860.6929,2748.72,3860.6929,3860.6929,
7/10/2024 5:15:00 AM,06SLYSOL_G01,N,N,N,3910.1097,3910.1097,3357.3505,3910.1097,3910.1097,
7/10/2024 5:15:00 AM,06SNCARLOS_SS,N,N,N,3861.8511,3861.8511,3454.6556,3861.8511,3861.8511,
7/10/2024 5:15:00 AM,06STNEGB_G01,N,N,N,3860.6929,3860.6929,3328.1517,3860.6929,3860.6929,
7/10/2024 5:15:00 AM,06URC_G01,N,N,N,3794.6750,3794.6750,3275.9060,3794.6750,3794.6750,
7/10/2024 5:15:00 AM,06VMC_G01,N,N,N,3860.6929,3860.6929,3328.1517,3860.6929,3860.6929,
7/10/2024 5:15:00 AM,06VMC_G02,N,N,N,3910.1097,3910.1097,3357.3505,3910.1097,3910.1097,
7/10/2024 5:15:00 AM,07BDPP_U01,N,N,N,4359.8805,4359.8805,3811.6489,4359.8805,4359.8805,
7/10/2024 5:15:00 AM,07BDPP_U02,N,N,N,4359.8805,4359.8805,3811.6489,4359.8805,4359.8805,
7/10/2024 5:15:00 AM,07BDPP_U03,N,N,N,4359.8805,4359.8805,3811.6489,4359.8805,4359.8805,
7/10/2024 5:15:00 AM,07BDPP_U04,N,N,N,4359.8805,4359.8805,3811.6489,4359.8805,4359.8805,
7/10/2024 5:15:00 AM,07BOHOL_T1L1,N,N,N,4273.7870,4273.7870,3454.6556,4273.7870,4273.7870,
7/10/2024 5:15:00 AM,07BOHOL_T4L4,N,N,N,4273.7870,4273.7870,3454.6556,4273.7870,4273.7870,
7/10/2024 5:15:00 AM,07COREL_T1L1,N,N,N,4359.8805,4359.8805,3454.6556,4359.8805,4359.8805,
7/10/2024 5:15:00 AM,07COREL_T1L2,N,N,N,4359.8805,4359.8805,3454.6556,4359.8805,4359.8805,
7/10/2024 5:15:00 AM,07COREL_T1L3,N,N,N,4359.8805,4359.8805,3454.6556,4359.8805,4359.8805,
7/10/2024 5:15:00 AM,07JANOPO_G01,N,N,N,4359.8805,4359.8805,3811.6489,4359.8805,4359.8805,
7/10/2024 5:15:00 AM,07LOBOC_G01,N,N,N,4359.8805,4359.8805,3927.3470,4359.8805,4359.8805,
7/10/2024 5:15:00 AM,07LOBOC_G02,N,N,N,4359.8805,4359.8805,3967.9876,4359.8805,4359.8805,
7/10/2024 5:15:00 AM,07SEVILL_G01,N,N,N,4359.8805,4359.8805,3948.2127,4359.8805,4359.8805,
7/10/2024 5:15:00 AM,07TPLPB4_U01,N,N,N,4275.3313,4275.3313,3735.5875,4275.3313,4275.3313,
7/10/2024 5:15:00 AM,07TPLPB4_U02,N,N,N,4275.3313,4275.3313,3735.5875,4275.3313,4275.3313,
7/10/2024 5:15:00 AM,07TPLPB4_U03,N,N,N,4275.3313,4275.3313,3735.5875,4275.3313,4275.3313,
7/10/2024 5:15:00 AM,07TPLPB4_U04,N,N,N,4275.3313,4275.3313,3735.5875,4275.3313,4275.3313,
7/10/2024 5:15:00 AM,07UBAY_BAT,N,N,N,4273.7870,4273.7870,3735.0593,4273.7870,4273.7870,
7/10/2024 5:15:00 AM,07UBAY_T1L1,N,N,N,4273.7870,4273.7870,3454.6556,4273.7870,4273.7870,
7/10/2024 5:15:00 AM,07UBAY_T2L2,N,N,N,4273.7870,4273.7870,3454.6556,4273.7870,4273.7870,
7/10/2024 5:15:00 AM,07UBAY_T3L3,N,N,N,4275.3313,4275.3313,3454.6556,4275.3313,4275.3313,
7/10/2024 5:15:00 AM,08BANTAP_L01,N,N,N,19602.2672,19602.2672,3454.6556,19602.2672,19602.2672,
7/10/2024 5:15:00 AM,08BARTAC_L01,N,N,N,3860.6929,3860.6929,3454.6556,3860.6929,3860.6929,
7/10/2024 5:15:00 AM,08BARTAC_SS,N,N,N,3915.9008,3915.9008,3454.6556,3915.9008,3915.9008,
7/10/2024 5:15:00 AM,08BVISTA_L01,N,N,N,19607.2861,19607.2861,3454.6556,19607.2861,19607.2861,
7/10/2024 5:15:00 AM,08BVISTA_L02,N,N,N,19607.2861,19607.2861,3454.6556,19607.2861,19607.2861,
7/10/2024 5:15:00 AM,08CASA_G01,N,N,N,19503.0474,19503.0474,3406.2538,19503.0474,19503.0474,
7/10/2024 5:15:00 AM,08CASA_G02,N,N,N,19503.0474,19503.0474,3406.2538,19503.0474,19503.0474,
7/10/2024 5:15:00 AM,08CONCP_T1L1,N,N,N,3920.9197,3920.9197,3454.6556,3920.9197,3920.9197,
7/10/2024 5:15:00 AM,08COSMO_G01,N,N,N,19548.2175,19548.2175,3427.5677,19548.2175,19548.2175,
7/10/2024 5:15:00 AM,08DINGL_SS,N,N,N,19503.0474,19503.0474,3454.6556,19503.0474,19503.0474,
7/10/2024 5:15:00 AM,08DINGL_T1L1,N,N,N,19503.0474,19503.0474,3454.6556,19503.0474,19503.0474,
7/10/2024 5:15:00 AM,08DINGL_T1L2,N,N,N,19503.0474,19503.0474,3454.6556,19503.0474,19503.0474,
7/10/2024 5:15:00 AM,08DINGL_T1L3,N,N,N,19503.0474,19503.0474,3454.6556,19503.0474,19503.0474,
7/10/2024 5:15:00 AM,08DINGL_T1L4,N,N,N,19503.0474,19503.0474,3454.6556,19503.0474,19503.0474,
7/10/2024 5:15:00 AM,08DINGL_T2L1,N,N,N,19503.0474,19503.0474,3454.6556,19503.0474,19503.0474,
7/10/2024 5:15:00 AM,08DINGL_T2L2,N,N,N,19503.0474,19503.0474,3454.6556,19503.0474,19503.0474,
7/10/2024 5:15:00 AM,08GLOBAL_G01,N,N,N,19606.90,19606.90,3480.5080,19606.90,19606.90,
7/10/2024 5:15:00 AM,08NABASDPP_U01,N,N,N,19606.90,19606.90,3480.5080,19606.90,19606.90,
7/10/2024 5:15:00 AM,08NABASDPP_U02,N,N,N,19606.90,19606.90,3480.5080,19606.90,19606.90,
7/10/2024 5:15:00 AM,08NABAS_L01,N,N,N,19606.90,19606.90,3454.6556,19606.90,19606.90,
7/10/2024 5:15:00 AM,08NABAS_L02,N,N,N,19606.90,19606.90,3454.6556,19606.90,19606.90,
7/10/2024 5:15:00 AM,08NABAS_L03,N,N,N,19606.90,19606.90,3454.6556,19606.90,19606.90,
7/10/2024 5:15:00 AM,08NABAS_SS,N,N,N,19606.90,19606.90,3454.6556,19606.90,19606.90,
7/10/2024 5:15:00 AM,08PALM_G01,N,N,N,3860.6929,3860.6929,3328.1517,3860.6929,3860.6929,
7/10/2024 5:15:00 AM,08PALM_S01,N,N,N,3920.9197,3920.9197,3454.6556,3920.9197,3920.9197,
7/10/2024 5:15:00 AM,08PANIT_SS,N,N,N,19553.2364,19553.2364,3454.6556,19553.2364,19553.2364,
7/10/2024 5:15:00 AM,08PANIT_T1L1,N,N,N,19552.8503,19552.8503,3454.6556,19552.8503,19552.8503,
7/10/2024 5:15:00 AM,08PANIT_T2L2,N,N,N,19552.8503,19552.8503,3454.6556,19552.8503,19552.8503,
7/10/2024 5:15:00 AM,08PDPP1_U02,N,N,N,19503.0474,19503.0474,3406.2538,19503.0474,19503.0474,
7/10/2024 5:15:00 AM,08PDPP1_U03,N,N,N,19503.0474,19503.0474,3406.2538,19503.0474,19503.0474,
7/10/2024 5:15:00 AM,08PDPP1_U05,N,N,N,19503.0474,19503.0474,3406.2538,19503.0474,19503.0474,
7/10/2024 5:15:00 AM,08PDPP3_C,N,N,N,19503.0474,19503.0474,3406.2538,19503.0474,19503.0474,
7/10/2024 5:15:00 AM,08PDPP3_E,N,N,N,19503.0474,19503.0474,3406.2538,19503.0474,19503.0474,
7/10/2024 5:15:00 AM,08PDPP3_G,N,N,N,19503.0474,19503.0474,3406.2538,19503.0474,19503.0474,
7/10/2024 5:15:00 AM,08PDPP3_H,N,N,N,19503.0474,19503.0474,3406.2538,19503.0474,19503.0474,
7/10/2024 5:15:00 AM,08PDPP3_S01,N,N,N,19503.0474,19503.0474,3454.6556,19503.0474,19503.0474,
7/10/2024 5:15:00 AM,08PEDC_SS1,N,N,N,19526.5976,19526.5976,3454.6556,19526.5976,19526.5976,
7/10/2024 5:15:00 AM,08PEDC_SS2,N,N,N,3860.6929,3860.6929,3454.6556,3860.6929,3860.6929,
7/10/2024 5:15:00 AM,08PEDC_SS3,N,N,N,19526.9837,19526.9837,3454.6556,19526.9837,19526.9837,
7/10/2024 5:15:00 AM,08PEDC_T1L1,N,N,N,19526.9837,19526.9837,3454.6556,19526.9837,19526.9837,
7/10/2024 5:15:00 AM,08PEDC_T1L2,N,N,N,19526.9837,19526.9837,3454.6556,19526.9837,19526.9837,
7/10/2024 5:15:00 AM,08PEDC_U01,N,N,N,19526.5976,19526.5976,3353.45,19526.5976,19526.5976,
7/10/2024 5:15:00 AM,08PEDC_U02,N,N,N,3860.6929,3860.6929,3327.4442,3860.6929,3860.6929,
7/10/2024 5:15:00 AM,08PEDC_U03,N,N,N,3860.6929,3860.6929,3401.1873,3860.6929,3860.6929,
7/10/2024 5:15:00 AM,08PWIND_G01,N,N,N,19606.90,19606.90,3780.4417,19606.90,19606.90,
7/10/2024 5:15:00 AM,08PWIND_G02,N,N,N,19606.90,19606.90,3779.7449,19606.90,19606.90,
7/10/2024 5:15:00 AM,08SLWIND_G01,N,N,N,19607.2861,19607.2861,3749.53,19607.2861,19607.2861,
7/10/2024 5:15:00 AM,08SLWIND_L01,N,N,N,19607.2861,19607.2861,3454.6556,19607.2861,19607.2861,
7/10/2024 5:15:00 AM,08SNJOSE_L01,N,N,N,19548.2175,19548.2175,3454.6556,19548.2175,19548.2175,
7/10/2024 5:15:00 AM,08SNJOSE_L02,N,N,N,19548.2175,19548.2175,3454.6556,19548.2175,19548.2175,
7/10/2024 5:15:00 AM,08SNJOSE_L03,N,N,N,19548.2175,19548.2175,3454.6556,19548.2175,19548.2175,
7/10/2024 5:15:00 AM,08STBAR_SS1,N,N,N,19528.9140,19528.9140,3454.6556,19528.9140,19528.9140,
7/10/2024 5:15:00 AM,08STBAR_SS2,N,N,N,19528.9140,19528.9140,3454.6556,19528.9140,19528.9140,
7/10/2024 5:15:00 AM,08STBAR_SS3,N,N,N,19528.9140,19528.9140,3454.6556,19528.9140,19528.9140,
7/10/2024 5:15:00 AM,08STBAR_T1L1,N,N,N,19528.9140,19528.9140,3454.6556,19528.9140,19528.9140,
7/10/2024 5:15:00 AM,08STBAR_T2L2,N,N,N,19528.9140,19528.9140,3454.6556,19528.9140,19528.9140,
7/10/2024 5:15:00 AM,08STBPB1_U01,N,N,N,19528.9140,19528.9140,3413.1011,19528.9140,19528.9140,
7/10/2024 5:15:00 AM,08STBPB1_U02,N,N,N,19528.9140,19528.9140,3413.1011,19528.9140,19528.9140,
7/10/2024 5:15:00 AM,08STBPB1_U03,N,N,N,19528.9140,19528.9140,3413.1011,19528.9140,19528.9140,
7/10/2024 5:15:00 AM,08STBPB1_U04,N,N,N,19528.9140,19528.9140,3413.1011,19528.9140,19528.9140,
7/10/2024 5:15:00 AM,08SUWECO_G01,N,N,N,19528.9140,19528.9140,3494.4106,19528.9140,19528.9140,
7/10/2024 5:15:00 AM,08TIMBA_G01,N,N,N,19606.90,19606.90,3584.8305,19606.90,19606.90,
7/10/2024 5:15:00 AM,09AURORA_SS,N,N,N,3898.8902,3898.8902,4381.7907,3898.8902,3898.8902,
7/10/2024 5:15:00 AM,09CLB_T1L1,N,N,N,3900.74,3900.74,4381.7907,3900.74,3900.74,
7/10/2024 5:15:00 AM,09JIMDSL_U01,N,N,N,3900.74,3900.74,3336.5916,3900.74,3900.74,
7/10/2024 5:15:00 AM,09JIMDSL_U02,N,N,N,3900.74,3900.74,3336.5916,3900.74,3900.74,
7/10/2024 5:15:00 AM,09KAP_T1L1,N,N,N,3900.74,3900.74,4381.7907,3900.74,3900.74,
7/10/2024 5:15:00 AM,09LALA_SS,N,N,N,3818.6113,3818.6113,4381.7907,3818.6113,3818.6113,
7/10/2024 5:15:00 AM,09LIBPOWR_G01,N,N,N,3699.4878,3699.4878,3175.1875,3699.4878,3699.4878,
7/10/2024 5:15:00 AM,09MHY_T1L1,N,N,N,3900.74,3900.74,4381.7907,3900.74,3900.74,
7/10/2024 5:15:00 AM,09MLS_T1L1,N,N,N,4188.5601,4188.5601,4381.7907,4188.5601,4188.5601,
7/10/2024 5:15:00 AM,09NAGA_SS,N,N,N,4187.8202,4187.8202,4381.7907,4187.8202,4187.8202,
7/10/2024 5:15:00 AM,09PANABNK_U01,N,N,N,3900.74,3900.74,3336.5916,3900.74,3900.74,
7/10/2024 5:15:00 AM,09PANABNK_U02,N,N,N,3900.74,3900.74,3336.5916,3900.74,3900.74,
7/10/2024 5:15:00 AM,09PITOGO_SS,N,N,N,4404.6102,4404.6102,4381.7907,4404.6102,4404.6102,
7/10/2024 5:15:00 AM,09POLAN_SS,N,N,N,3948.0934,3948.0934,4381.7907,3948.0934,3948.0934,
7/10/2024 5:15:00 AM,09RXS_T2L1,N,N,N,3948.4633,3948.4633,4381.7907,3948.4633,3948.4633,
7/10/2024 5:15:00 AM,09SANGALI_BAT,N,N,N,4375.0143,4375.0143,3661.5280,4375.0143,4375.0143,
7/10/2024 5:15:00 AM,09SJG_T1L1,N,N,N,4403.5003,4403.5003,4381.7907,4403.5003,4403.5003,
7/10/2024 5:15:00 AM,09SML_T1L1,N,N,N,3900.74,3900.74,4381.7907,3900.74,3900.74,
7/10/2024 5:15:00 AM,09SRW_T1L1,N,N,N,4188.5601,4188.5601,4381.7907,4188.5601,4188.5601,
7/10/2024 5:15:00 AM,09TMG_T1L1,N,N,N,4403.5003,4403.5003,4381.7907,4403.5003,4403.5003,
7/10/2024 5:15:00 AM,09TMG_T2L1,N,N,N,4375.0143,4375.0143,4381.7907,4375.0143,4375.0143,
7/10/2024 5:15:00 AM,09TUL_T1L1,N,N,N,4403.5003,4403.5003,4381.7907,4403.5003,4403.5003,
7/10/2024 5:15:00 AM,09WMPC_S01,N,N,N,4375.0143,4375.0143,4381.7907,4375.0143,4375.0143,
7/10/2024 5:15:00 AM,09WMPC_U01,N,N,N,4375.0143,4375.0143,3661.5280,4375.0143,4375.0143,
7/10/2024 5:15:00 AM,09WMPC_U02,N,N,N,4375.0143,4375.0143,3661.5280,4375.0143,4375.0143,
7/10/2024 5:15:00 AM,09WMPC_U03,N,N,N,4375.0143,4375.0143,3661.5280,4375.0143,4375.0143,
7/10/2024 5:15:00 AM,09WMPC_U04,N,N,N,4375.0143,4375.0143,3661.5280,4375.0143,4375.0143,
7/10/2024 5:15:00 AM,09WMPC_U05,N,N,N,4375.0143,4375.0143,3661.5280,4375.0143,4375.0143,
7/10/2024 5:15:00 AM,09WMPC_U06,N,N,N,4375.0143,4375.0143,3661.5280,4375.0143,4375.0143,
7/10/2024 5:15:00 AM,09WMPC_U07,N,N,N,4375.0143,4375.0143,3661.5280,4375.0143,4375.0143,
7/10/2024 5:15:00 AM,09WMPC_U08,N,N,N,4375.0143,4375.0143,3661.5280,4375.0143,4375.0143,
7/10/2024 5:15:00 AM,09WMPC_U09,N,N,N,4375.0143,4375.0143,3661.5280,4375.0143,4375.0143,
7/10/2024 5:15:00 AM,09WMPC_U10,N,N,N,4375.0143,4375.0143,3661.5280,4375.0143,4375.0143,
7/10/2024 5:15:00 AM,09ZAMBO_SS,N,N,N,4375.0143,4375.0143,4381.7907,4375.0143,4375.0143,
7/10/2024 5:15:00 AM,09ZAMSAN_L01,N,N,N,4375.0143,4375.0143,4381.7907,4375.0143,4375.0143,
7/10/2024 5:15:00 AM,10AG6_T2L1,N,N,N,3733.8931,3733.8931,4381.7907,3733.8931,3733.8931,
7/10/2024 5:15:00 AM,10AGUS1_SS,N,N,N,3701.3376,3701.3376,4381.7907,3701.3376,3701.3376,
7/10/2024 5:15:00 AM,10AGUS1_U01,N,N,N,3701.3376,3701.3376,3188.2530,3701.3376,3701.3376,
7/10/2024 5:15:00 AM,10AGUS1_U02,N,N,N,3701.3376,3701.3376,3185.9691,3701.3376,3701.3376,
7/10/2024 5:15:00 AM,10AGUS2_SS,N,N,N,3706.1469,3706.1469,4381.7907,3706.1469,3706.1469,
7/10/2024 5:15:00 AM,10AGUS2_U01,N,N,N,3706.1469,3706.1469,3298.5057,3706.1469,3706.1469,
7/10/2024 5:15:00 AM,10AGUS2_U02,N,N,N,3699.4878,3699.4878,3120.6760,3699.4878,3699.4878,
7/10/2024 5:15:00 AM,10AGUS2_U03,N,N,N,3706.1469,3706.1469,3171.1876,3706.1469,3706.1469,
7/10/2024 5:15:00 AM,10AGUS4_SS,N,N,N,3733.8931,3733.8931,4381.7907,3733.8931,3733.8931,
7/10/2024 5:15:00 AM,10AGUS4_U01,N,N,N,3699.4878,3699.4878,2748.72,3699.4878,3699.4878,
7/10/2024 5:15:00 AM,10AGUS4_U02,N,N,N,3733.8931,3733.8931,2748.72,3733.8931,3733.8931,
7/10/2024 5:15:00 AM,10AGUS4_U03,N,N,N,3733.8931,3733.8931,2748.72,3733.8931,3733.8931,
7/10/2024 5:15:00 AM,10AGUS5_SS,N,N,N,3734.6330,3734.6330,4381.7907,3734.6330,3734.6330,
7/10/2024 5:15:00 AM,10AGUS5_U01,N,N,N,3734.6330,3734.6330,3181.3956,3734.6330,3734.6330,
7/10/2024 5:15:00 AM,10AGUS5_U02,N,N,N,3734.6330,3734.6330,3224.5959,3734.6330,3734.6330,
7/10/2024 5:15:00 AM,10AGUS6_SS,N,N,N,3727.9739,3727.9739,4381.7907,3727.9739,3727.9739,
7/10/2024 5:15:00 AM,10AGUS6_U01,N,N,N,3727.6039,3727.6039,3221.2315,3727.6039,3727.6039,
7/10/2024 5:15:00 AM,10AGUS6_U02,N,N,N,3727.6039,3727.6039,3219.1790,3727.6039,3727.6039,
7/10/2024 5:15:00 AM,10AGUS6_U03,N,N,N,3727.6039,3727.6039,3210.78,3727.6039,3727.6039,
7/10/2024 5:15:00 AM,10AGUS6_U04,N,N,N,3727.6039,3727.6039,3201.5454,3727.6039,3727.6039,
7/10/2024 5:15:00 AM,10AGUS6_U05,N,N,N,3727.9739,3727.9739,3248.9682,3727.9739,3727.9739,
7/10/2024 5:15:00 AM,10AGUS7_U01,N,N,N,3727.9739,3727.9739,3235.6417,3727.9739,3727.9739,
7/10/2024 5:15:00 AM,10AGUS7_U02,N,N,N,3727.9739,3727.9739,3212.0523,3727.9739,3727.9739,
7/10/2024 5:15:00 AM,10BALOI_L01,N,N,N,3727.9739,3727.9739,4381.7907,3727.9739,3727.9739,
7/10/2024 5:15:00 AM,10BALOI_SS,N,N,N,3743.8817,3743.8817,4381.7907,3743.8817,3743.8817,
7/10/2024 5:15:00 AM,10BUR_T1L1,N,N,N,3727.9739,3727.9739,4381.7907,3727.9739,3727.9739,
7/10/2024 5:15:00 AM,10BUR_T1L2,N,N,N,3727.9739,3727.9739,4381.7907,3727.9739,3727.9739,
7/10/2024 5:15:00 AM,10GNPK_U01,N,N,N,3752.3905,3752.3905,3241.0834,3752.3905,3752.3905,
7/10/2024 5:15:00 AM,10GNPK_U02,N,N,N,3752.3905,3752.3905,3241.8567,3752.3905,3752.3905,
7/10/2024 5:15:00 AM,10GNPK_U03,N,N,N,3752.3905,3752.3905,3236.7770,3752.3905,3752.3905,
7/10/2024 5:15:00 AM,10GNPK_U04,N,N,N,3752.3905,3752.3905,3242.2848,3752.3905,3752.3905,
7/10/2024 5:15:00 AM,10IDPP_G01,N,N,N,3752.0205,3752.0205,3229.2829,3752.0205,3752.0205,
7/10/2024 5:15:00 AM,10IDPP_SS,N,N,N,3752.0205,3752.0205,4381.7907,3752.0205,3752.0205,
7/10/2024 5:15:00 AM,10KAUSWGN_SS,N,N,N,3752.7604,3752.7604,4381.7907,3752.7604,3752.7604,
7/10/2024 5:15:00 AM,10KAU_T1L1,N,N,N,3727.9739,3727.9739,4381.7907,3727.9739,3727.9739,
7/10/2024 5:15:00 AM,10KIW_T1L1,N,N,N,3727.9739,3727.9739,4381.7907,3727.9739,3727.9739,
7/10/2024 5:15:00 AM,10KIW_T2L1,N,N,N,3752.0205,3752.0205,4381.7907,3752.0205,3752.0205,
7/10/2024 5:15:00 AM,10LGAIT_SS,N,N,N,3752.0205,3752.0205,4381.7907,3752.0205,3752.0205,
7/10/2024 5:15:00 AM,10LIAN_G01,N,N,N,3727.9739,3727.9739,3264.4843,3727.9739,3727.9739,
7/10/2024 5:15:00 AM,10MCN_T1L1,N,N,N,3733.8931,3733.8931,4381.7907,3733.8931,3733.8931,
7/10/2024 5:15:00 AM,10MCR_T1L1,N,N,N,3733.8931,3733.8931,4381.7907,3733.8931,3733.8931,
7/10/2024 5:15:00 AM,10MCT_T1L1,N,N,N,3727.9739,3727.9739,4381.7907,3727.9739,3727.9739,
7/10/2024 5:15:00 AM,10MEGC_G01,N,N,N,3727.9739,3727.9739,3216.0257,3727.9739,3727.9739,
7/10/2024 5:15:00 AM,10MLN_T1L1,N,N,N,3701.7075,3701.7075,4381.7907,3701.7075,3701.7075,
7/10/2024 5:15:00 AM,10MPL_T1L1,N,N,N,3727.9739,3727.9739,4381.7907,3727.9739,3727.9739,
7/10/2024 5:15:00 AM,10MRW_T1L1,N,N,N,3701.7075,3701.7075,4381.7907,3701.7075,3701.7075,
7/10/2024 5:15:00 AM,10MRW_T2L1,N,N,N,3733.8931,3733.8931,4381.7907,3733.8931,3733.8931,
7/10/2024 5:15:00 AM,10NUN_T1L2,N,N,N,3727.9739,3727.9739,4381.7907,3727.9739,3727.9739,
7/10/2024 5:15:00 AM,10OPO_T1L1,N,N,N,3752.0205,3752.0205,4381.7907,3752.0205,3752.0205,
7/10/2024 5:15:00 AM,10PAT_T1L1,N,N,N,3752.0205,3752.0205,4381.7907,3752.0205,3752.0205,
7/10/2024 5:15:00 AM,10PGW_T1L1,N,N,N,3752.0205,3752.0205,4381.7907,3752.0205,3752.0205,
7/10/2024 5:15:00 AM,10PLT_T1L1,N,N,N,3752.0205,3752.0205,4381.7907,3752.0205,3752.0205,
7/10/2024 5:15:00 AM,10PLT_T2L1,N,N,N,3752.0205,3752.0205,4381.7907,3752.0205,3752.0205,
7/10/2024 5:15:00 AM,10PPEI_U01,N,N,N,3727.9739,3727.9739,3224.2803,3727.9739,3727.9739,
7/10/2024 5:15:00 AM,10SRZ_T1L1,N,N,N,3733.8931,3733.8931,4381.7907,3733.8931,3733.8931,
7/10/2024 5:15:00 AM,11CDO_T1L1,N,N,N,3750.9107,3750.9107,4381.7907,3750.9107,3750.9107,
7/10/2024 5:15:00 AM,11FDC_SS,N,N,N,3673.9614,3673.9614,4381.7907,3673.9614,3673.9614,
7/10/2024 5:15:00 AM,11FDC_U01,N,N,N,3673.5914,3673.5914,3175.5377,3673.5914,3673.5914,
7/10/2024 5:15:00 AM,11FDC_U02,N,N,N,3673.5914,3673.5914,3172.7420,3673.5914,3673.5914,
7/10/2024 5:15:00 AM,11FDC_U03,N,N,N,3673.5914,3673.5914,3163.4481,3673.5914,3673.5914,
7/10/2024 5:15:00 AM,11FGBPC_G01,N,N,N,3703.5573,3703.5573,3186.2931,3703.5573,3703.5573,
7/10/2024 5:15:00 AM,11JASAAN_SS,N,N,N,3710.5863,3710.5863,4381.7907,3710.5863,3710.5863,
7/10/2024 5:15:00 AM,11JASA_BAT,N,N,N,3703.5573,3703.5573,3121.8777,3703.5573,3703.5573,
7/10/2024 5:15:00 AM,11KBSOL_G01,N,N,N,3683.95,3683.95,3184.5561,3683.95,3683.95,
7/10/2024 5:15:00 AM,11KEGMAR_G01,N,N,N,3665.8225,3665.8225,3225.0442,3665.8225,3665.8225,
7/10/2024 5:15:00 AM,11KIBAWE_SS,N,N,N,3683.95,3683.95,4381.7907,3683.95,3683.95,
7/10/2024 5:15:00 AM,11KIB_T1L1,N,N,N,3665.8225,3665.8225,4381.7907,3665.8225,3665.8225,
7/10/2024 5:15:00 AM,11KIB_T1L2,N,N,N,3665.8225,3665.8225,4381.7907,3665.8225,3665.8225,
7/10/2024 5:15:00 AM,11KIRAS_G01,N,N,N,3703.5573,3703.5573,3179.0860,3703.5573,3703.5573,
7/10/2024 5:15:00 AM,11KNG_T1L1,N,N,N,3703.5573,3703.5573,4381.7907,3703.5573,3703.5573,
7/10/2024 5:15:00 AM,11LBA_T1L1,N,N,N,3710.5863,3710.5863,4381.7907,3710.5863,3710.5863,
7/10/2024 5:15:00 AM,11LUN_T1L1,N,N,N,3703.5573,3703.5573,4381.7907,3703.5573,3703.5573,
7/10/2024 5:15:00 AM,11MAN1_S01,N,N,N,3676.5510,3676.5510,4381.7907,3676.5510,3676.5510,
7/10/2024 5:15:00 AM,11MAN2_S01,N,N,N,3676.5510,3676.5510,4381.7907,3676.5510,3676.5510,
7/10/2024 5:15:00 AM,11MANFOR_G01,N,N,N,3676.5510,3676.5510,3200.9557,3676.5510,3676.5510,
7/10/2024 5:15:00 AM,11MANFOR_G02,N,N,N,3676.5510,3676.5510,3210.8345,3676.5510,3676.5510,
7/10/2024 5:15:00 AM,11MANOLO_SS,N,N,N,3676.9209,3676.9209,4381.7907,3676.9209,3676.9209,
7/10/2024 5:15:00 AM,11MARAM_SS,N,N,N,3693.5686,3693.5686,4381.7907,3693.5686,3693.5686,
7/10/2024 5:15:00 AM,11MINBAL_G01,N,N,N,3703.5573,3703.5573,3170.9640,3703.5573,3703.5573,
7/10/2024 5:15:00 AM,11MINBU_G01,N,N,N,3703.5573,3703.5573,3301.1580,3703.5573,3703.5573,
7/10/2024 5:15:00 AM,11MLY_T1L1,N,N,N,3665.8225,3665.8225,4381.7907,3665.8225,3665.8225,
7/10/2024 5:15:00 AM,11MNCBLG_G01,N,N,N,3703.5573,3703.5573,3233.8911,3703.5573,3703.5573,
7/10/2024 5:15:00 AM,11MNRGY_G01,N,N,N,3703.5573,3703.5573,3179.0860,3703.5573,3703.5573,
7/10/2024 5:15:00 AM,11MNRGY_G02,N,N,N,3703.5573,3703.5573,3179.0860,3703.5573,3703.5573,
7/10/2024 5:15:00 AM,11MOR_T1L1,N,N,N,3750.9107,3750.9107,4381.7907,3750.9107,3750.9107,
7/10/2024 5:15:00 AM,11NAT_T1L1,N,N,N,3703.5573,3703.5573,4381.7907,3703.5573,3703.5573,
7/10/2024 5:15:00 AM,11NAT_T2L1,N,N,N,3703.5573,3703.5573,4381.7907,3703.5573,3703.5573,
7/10/2024 5:15:00 AM,11NBPC_G01,N,N,N,3665.8225,3665.8225,3170.9045,3665.8225,3665.8225,
7/10/2024 5:15:00 AM,11OPOL_SS,N,N,N,3750.5407,3750.5407,4381.7907,3750.5407,3750.5407,
7/10/2024 5:15:00 AM,11OPO_T1L1,N,N,N,3750.9107,3750.9107,4381.7907,3750.9107,3750.9107,
7/10/2024 5:15:00 AM,11PACERM_G01,N,N,N,3750.9107,3750.9107,3219.1009,3750.9107,3750.9107,
7/10/2024 5:15:00 AM,11PAL_T1L1,N,N,N,3683.95,3683.95,4381.7907,3683.95,3683.95,
7/10/2024 5:15:00 AM,11PG4_T1L1,N,N,N,3665.8225,3665.8225,4381.7907,3665.8225,3665.8225,
7/10/2024 5:15:00 AM,11PKBUK_G01,N,N,N,3703.5573,3703.5573,3179.0860,3703.5573,3703.5573,
7/10/2024 5:15:00 AM,11PULA4_U01,N,N,N,3665.4525,3665.4525,3228.2970,3665.4525,3665.4525,
7/10/2024 5:15:00 AM,11PULA4_U02,N,N,N,3699.4878,3699.4878,3175.1875,3699.4878,3699.4878,
7/10/2024 5:15:00 AM,11PULA4_U03,N,N,N,3665.4525,3665.4525,3169.6046,3665.4525,3665.4525,
7/10/2024 5:15:00 AM,11SME_T1L1,N,N,N,3699.4878,3699.4878,4381.7907,3699.4878,3699.4878,
7/10/2024 5:15:00 AM,11SMH_T1L1,N,N,N,3699.4878,3699.4878,4381.7907,3699.4878,3699.4878,
7/10/2024 5:15:00 AM,11STEAG_U01,N,N,N,3699.4878,3699.4878,3237.2161,3699.4878,3699.4878,
7/10/2024 5:15:00 AM,11STEAG_U02,N,N,N,3699.4878,3699.4878,3091.5209,3699.4878,3699.4878,
7/10/2024 5:15:00 AM,11TAGOL_SS,N,N,N,3699.4878,3699.4878,4381.7907,3699.4878,3699.4878,
7/10/2024 5:15:00 AM,11VILLA_BAT,N,N,N,3695.0484,3695.0484,3175.2868,3695.0484,3695.0484,
7/10/2024 5:15:00 AM,11VILLA_L01,N,N,N,3695.0484,3695.0484,4381.7907,3695.0484,3695.0484,
7/10/2024 5:15:00 AM,11VILLA_SS,N,N,N,3700.9676,3700.9676,4381.7907,3700.9676,3700.9676,
7/10/2024 5:15:00 AM,12ALE_T1L1,N,N,N,3995.0769,3995.0769,4381.7907,3995.0769,3995.0769,
7/10/2024 5:15:00 AM,12ASIGA_G01,N,N,N,3922.1970,3922.1970,3342.0998,3922.1970,3922.1970,
7/10/2024 5:15:00 AM,12BAG_T1L1,N,N,N,3948.0934,3948.0934,4381.7907,3948.0934,3948.0934,
7/10/2024 5:15:00 AM,12BISLIG_SS,N,N,N,3948.0934,3948.0934,4381.7907,3948.0934,3948.0934,
7/10/2024 5:15:00 AM,12BUTUAN_SS,N,N,N,3922.5669,3922.5669,4381.7907,3922.5669,3922.5669,
7/10/2024 5:15:00 AM,12BUT_T2L1,N,N,N,3890.7513,3890.7513,4381.7907,3890.7513,3890.7513,
7/10/2024 5:15:00 AM,12BYG_T1L1,N,N,N,3922.1970,3922.1970,4381.7907,3922.1970,3922.1970,
7/10/2024 5:15:00 AM,12KEGGIN_G01,N,N,N,3890.7513,3890.7513,3315.7095,3890.7513,3890.7513,
7/10/2024 5:15:00 AM,12KEGTAN_G01,N,N,N,3995.0769,3995.0769,3393.0536,3995.0769,3995.0769,
7/10/2024 5:15:00 AM,12LKMAINIT_G01,N,N,N,3922.1970,3922.1970,3339.8162,3922.1970,3922.1970,
7/10/2024 5:15:00 AM,12LMO_T1L1,N,N,N,3922.1970,3922.1970,4381.7907,3922.1970,3922.1970,
7/10/2024 5:15:00 AM,12MAD_T1L1,N,N,N,3976.2095,3976.2095,4381.7907,3976.2095,3976.2095,
7/10/2024 5:15:00 AM,12NACSUR_G01,N,N,N,3976.2095,3976.2095,3381.8711,3976.2095,3976.2095,
7/10/2024 5:15:00 AM,12NASIP_SS,N,N,N,3890.7513,3890.7513,4381.7907,3890.7513,3890.7513,
7/10/2024 5:15:00 AM,12NAS_T1L1,N,N,N,3922.1970,3922.1970,4381.7907,3922.1970,3922.1970,
7/10/2024 5:15:00 AM,12PBA_T1L1,N,N,N,3948.0934,3948.0934,4381.7907,3948.0934,3948.0934,
7/10/2024 5:15:00 AM,12PKSFRA_U01,N,N,N,3995.0769,3995.0769,3393.0536,3995.0769,3995.0769,
7/10/2024 5:15:00 AM,12PKSFRA_U02,N,N,N,3995.0769,3995.0769,3393.0536,3995.0769,3995.0769,
7/10/2024 5:15:00 AM,12PLACER_SS,N,N,N,3976.5795,3976.5795,4381.7907,3976.5795,3976.5795,
7/10/2024 5:15:00 AM,12SFRAN_SS,N,N,N,3995.4468,3995.4468,4381.7907,3995.4468,3995.4468,
7/10/2024 5:15:00 AM,12SLU_T1L1,N,N,N,3890.7513,3890.7513,4381.7907,3890.7513,3890.7513,
7/10/2024 5:15:00 AM,12SNT_T1L1,N,N,N,3922.1970,3922.1970,4381.7907,3922.1970,3922.1970,
7/10/2024 5:15:00 AM,12STCRUZ_L01,N,N,N,3976.2095,3976.2095,4381.7907,3976.2095,3976.2095,
7/10/2024 5:15:00 AM,12SUR_T1L1,N,N,N,3976.2095,3976.2095,4381.7907,3976.2095,3976.2095,
7/10/2024 5:15:00 AM,12TBD_T1L1,N,N,N,3699.4878,3699.4878,4381.7907,3699.4878,3699.4878,
7/10/2024 5:15:00 AM,12TBO_T1L1,N,N,N,3948.0934,3948.0934,4381.7907,3948.0934,3948.0934,
7/10/2024 5:15:00 AM,12TDG_T1L1,N,N,N,3995.0769,3995.0769,4381.7907,3995.0769,3995.0769,
7/10/2024 5:15:00 AM,12THERMA2_SS,N,N,N,3890.7513,3890.7513,4381.7907,3890.7513,3890.7513,
7/10/2024 5:15:00 AM,12TM2_U01,N,N,N,3890.7513,3890.7513,3315.7095,3890.7513,3890.7513,
7/10/2024 5:15:00 AM,12TM2_U02,N,N,N,3890.7513,3890.7513,3315.7095,3890.7513,3890.7513,
7/10/2024 5:15:00 AM,12TRE_T1L1,N,N,N,3948.0934,3948.0934,4381.7907,3948.0934,3948.0934,
7/10/2024 5:15:00 AM,13ASU_T1L1,N,N,N,3840.8083,3840.8083,4381.7907,3840.8083,3840.8083,
7/10/2024 5:15:00 AM,13BAJ_T1L1,N,N,N,3704.6671,3704.6671,4381.7907,3704.6671,3704.6671,
7/10/2024 5:15:00 AM,13BNS_T1L1,N,N,N,3640.2960,3640.2960,4381.7907,3640.2960,3640.2960,
7/10/2024 5:15:00 AM,13BNY_T1L1,N,N,N,3817.8714,3817.8714,4381.7907,3817.8714,3817.8714,
7/10/2024 5:15:00 AM,13BUNAW_SS,N,N,N,3690.9790,3690.9790,4381.7907,3690.9790,3690.9790,
7/10/2024 5:15:00 AM,13CULAMAN_SS,N,N,N,3577.0348,3577.0348,4381.7907,3577.0348,3577.0348,
7/10/2024 5:15:00 AM,13DAVAO_SS,N,N,N,3704.6671,3704.6671,4381.7907,3704.6671,3704.6671,
7/10/2024 5:15:00 AM,13DAV_T1L1,N,N,N,3651.3945,3651.3945,4381.7907,3651.3945,3651.3945,
7/10/2024 5:15:00 AM,13DCPP_U01,N,N,N,3651.0245,3651.0245,3234.9368,3651.0245,3651.0245,
7/10/2024 5:15:00 AM,13DCPP_U02,N,N,N,3651.0245,3651.0245,3234.6051,3651.0245,3651.0245,
7/10/2024 5:15:00 AM,13DIGSOL_G01,N,N,N,3640.2960,3640.2960,3179.6151,3640.2960,3640.2960,
7/10/2024 5:15:00 AM,13DIG_T1L1,N,N,N,3704.6671,3704.6671,4381.7907,3704.6671,3704.6671,
7/10/2024 5:15:00 AM,13DIG_T2L1,N,N,N,3640.2960,3640.2960,4381.7907,3640.2960,3640.2960,
7/10/2024 5:15:00 AM,13DIG_T3L1,N,N,N,3651.3945,3651.3945,4381.7907,3651.3945,3651.3945,
7/10/2024 5:15:00 AM,13DLP_T1L1,N,N,N,3704.6671,3704.6671,4381.7907,3704.6671,3704.6671,
7/10/2024 5:15:00 AM,13DLP_T1L2,N,N,N,3704.6671,3704.6671,4381.7907,3704.6671,3704.6671,
7/10/2024 5:15:00 AM,13DLP_T1L3,N,N,N,3704.6671,3704.6671,4381.7907,3704.6671,3704.6671,
7/10/2024 5:15:00 AM,13DLP_T2L1,N,N,N,3713.1759,3713.1759,4381.7907,3713.1759,3713.1759,
7/10/2024 5:15:00 AM,13DRA_T1L1,N,N,N,3713.1759,3713.1759,4381.7907,3713.1759,3713.1759,
7/10/2024 5:15:00 AM,13DRA_T1L2,N,N,N,3713.1759,3713.1759,4381.7907,3713.1759,3713.1759,
7/10/2024 5:15:00 AM,13DSP_T1L1,N,N,N,3640.2960,3640.2960,4381.7907,3640.2960,3640.2960,
7/10/2024 5:15:00 AM,13DSR_T1L1,N,N,N,3577.4047,3577.4047,4381.7907,3577.4047,3577.4047,
7/10/2024 5:15:00 AM,13EUROH_G01,N,N,N,3840.8083,3840.8083,3314.4166,3840.8083,3840.8083,
7/10/2024 5:15:00 AM,13MACO_BAT,N,N,N,3817.8714,3817.8714,3075.3678,3817.8714,3817.8714,
7/10/2024 5:15:00 AM,13MACO_SS,N,N,N,3817.8714,3817.8714,4381.7907,3817.8714,3817.8714,
7/10/2024 5:15:00 AM,13MAGDBNK_G01,N,N,N,3817.8714,3817.8714,3280.5799,3817.8714,3817.8714,
7/10/2024 5:15:00 AM,13MAGDBNK_U01,N,N,N,3817.8714,3817.8714,3280.5799,3817.8714,3817.8714,
7/10/2024 5:15:00 AM,13MAGDBNK_U02,N,N,N,3817.8714,3817.8714,3280.5799,3817.8714,3817.8714,
7/10/2024 5:15:00 AM,13MAGDBNK_U03,N,N,N,3817.8714,3817.8714,3457.8665,3817.8714,3817.8714,
7/10/2024 5:15:00 AM,13MALITA_BAT,N,N,N,3577.4047,3577.4047,2954.9442,3577.4047,3577.4047,
7/10/2024 5:15:00 AM,13MATAN_SS,N,N,N,3599.6016,3599.6016,4381.7907,3599.6016,3599.6016,
7/10/2024 5:15:00 AM,13MATIBNK_G01,N,N,N,3699.4878,3699.4878,3175.1875,3699.4878,3699.4878,
7/10/2024 5:15:00 AM,13MON_T1L1,N,N,N,3840.8083,3840.8083,4381.7907,3840.8083,3840.8083,
7/10/2024 5:15:00 AM,13MPCDIG_G01,N,N,N,3640.2960,3640.2960,3179.6151,3640.2960,3640.2960,
7/10/2024 5:15:00 AM,13MSR_T1L1,N,N,N,3840.8083,3840.8083,4381.7907,3840.8083,3840.8083,
7/10/2024 5:15:00 AM,13NABUN_SS,N,N,N,3840.8083,3840.8083,4381.7907,3840.8083,3840.8083,
7/10/2024 5:15:00 AM,13PMA_T1L1,N,N,N,3640.2960,3640.2960,4381.7907,3640.2960,3640.2960,
7/10/2024 5:15:00 AM,13SIBULAN_G01,N,N,N,3704.6671,3704.6671,3197.4564,3704.6671,3704.6671,
7/10/2024 5:15:00 AM,13SMC_U01,N,N,N,3573.7052,3573.7052,3075.8652,3573.7052,3573.7052,
7/10/2024 5:15:00 AM,13SMC_U02,N,N,N,3699.4878,3699.4878,3129.0999,3699.4878,3699.4878,
7/10/2024 5:15:00 AM,13TALOM1_G01,N,N,N,3704.6671,3704.6671,3233.1807,3704.6671,3704.6671,
7/10/2024 5:15:00 AM,13TALOM23_G01,N,N,N,3704.6671,3704.6671,3185.5065,3704.6671,3704.6671,
7/10/2024 5:15:00 AM,13TGM_T1L1,N,N,N,3817.8714,3817.8714,4381.7907,3817.8714,3817.8714,
7/10/2024 5:15:00 AM,13THERMA1_SS,N,N,N,3817.8714,3817.8714,4381.7907,3817.8714,3817.8714,
7/10/2024 5:15:00 AM,13TM1_U01,N,N,N,3817.8714,3817.8714,3280.5799,3817.8714,3817.8714,
7/10/2024 5:15:00 AM,13TM1_U02,N,N,N,3817.8714,3817.8714,3280.5799,3817.8714,3817.8714,
7/10/2024 5:15:00 AM,13TORIL_SS,N,N,N,3683.58,3683.58,4381.7907,3683.58,3683.58,
7/10/2024 5:15:00 AM,13TUDAY2_G01,N,N,N,3704.6671,3704.6671,3202.6432,3704.6671,3704.6671,
7/10/2024 5:15:00 AM,14ALMADA_G01,N,N,N,3877.8031,3877.8031,3289.0528,3877.8031,3877.8031,
7/10/2024 5:15:00 AM,14ASTROSOL_G01,N,N,N,3648.4349,3648.4349,3221.0144,3648.4349,3648.4349,
7/10/2024 5:15:00 AM,14BGN_T1L1,N,N,N,3591.8327,3591.8327,4381.7907,3591.8327,3591.8327,
7/10/2024 5:15:00 AM,14BGN_T2L1,N,N,N,3725.7542,3725.7542,4381.7907,3725.7542,3725.7542,
7/10/2024 5:15:00 AM,14BIOGS_G01,N,N,N,3725.7542,3725.7542,3467.6904,3725.7542,3725.7542,
7/10/2024 5:15:00 AM,14BIOMS_U01,N,N,N,3725.7542,3725.7542,3232.0085,3725.7542,3725.7542,
7/10/2024 5:15:00 AM,14COTSUGR_G01,N,N,N,3591.8327,3591.8327,3144.4306,3591.8327,3591.8327,
7/10/2024 5:15:00 AM,14DSA_T1L1,N,N,N,3877.8031,3877.8031,4381.7907,3877.8031,3877.8031,
7/10/2024 5:15:00 AM,14DSA_T2L1,N,N,N,3725.7542,3725.7542,4381.7907,3725.7542,3725.7542,
7/10/2024 5:15:00 AM,14GENSAN_SS,N,N,N,3648.4349,3648.4349,4381.7907,3648.4349,3648.4349,
7/10/2024 5:15:00 AM,14GERBIO_G01,N,N,N,3725.7542,3725.7542,3266.1277,3725.7542,3725.7542,
7/10/2024 5:15:00 AM,14GLA_T1L1,N,N,N,3648.4349,3648.4349,4381.7907,3648.4349,3648.4349,
7/10/2024 5:15:00 AM,14KAMANGA_SS,N,N,N,3547.4389,3547.4389,4381.7907,3547.4389,3547.4389,
7/10/2024 5:15:00 AM,14KAM_L03,N,N,N,3648.4349,3648.4349,4381.7907,3648.4349,3648.4349,
7/10/2024 5:15:00 AM,14KIDAP_SS,N,N,N,3590.3529,3590.3529,4381.7907,3590.3529,3590.3529,
7/10/2024 5:15:00 AM,14KLN_T1L1,N,N,N,3725.7542,3725.7542,4381.7907,3725.7542,3725.7542,
7/10/2024 5:15:00 AM,14LAMSAN_G01,N,N,N,3877.8031,3877.8031,3289.8761,3877.8031,3877.8031,
7/10/2024 5:15:00 AM,14LLE_T1L1,N,N,N,3648.4349,3648.4349,4381.7907,3648.4349,3648.4349,
7/10/2024 5:15:00 AM,14MARBEL_U01,N,N,N,3725.7542,3725.7542,3202.8533,3725.7542,3725.7542,
7/10/2024 5:15:00 AM,14MID_T1L1,N,N,N,3877.8031,3877.8031,4381.7907,3877.8031,3877.8031,
7/10/2024 5:15:00 AM,14MTAPO_U01,N,N,N,3589.2431,3589.2431,3145.9394,3589.2431,3589.2431,
7/10/2024 5:15:00 AM,14MTAPO_U02,N,N,N,3589.6130,3589.6130,3141.0841,3589.6130,3589.6130,
7/10/2024 5:15:00 AM,14MTAPO_U03,N,N,N,3699.4878,3699.4878,3144.1963,3699.4878,3699.4878,
7/10/2024 5:15:00 AM,14NVSOL_G01,N,N,N,3725.7542,3725.7542,3266.1277,3725.7542,3725.7542,
7/10/2024 5:15:00 AM,14PKPSOC_G01,N,N,N,3648.4349,3648.4349,3221.0144,3648.4349,3648.4349,
7/10/2024 5:15:00 AM,14PTU_T1L1,N,N,N,3648.4349,3648.4349,4381.7907,3648.4349,3648.4349,
7/10/2024 5:15:00 AM,14SARANG_U01,N,N,N,3648.4349,3648.4349,3187.4926,3648.4349,3648.4349,
7/10/2024 5:15:00 AM,14SARANG_U02,N,N,N,3546.6990,3546.6990,3213.6199,3546.6990,3546.6990,
7/10/2024 5:15:00 AM,14SIGHYDRO_G01,N,N,N,3648.4349,3648.4349,3224.9744,3648.4349,3648.4349,
7/10/2024 5:15:00 AM,14SKU_T1L1,N,N,N,3877.8031,3877.8031,4381.7907,3877.8031,3877.8031,
7/10/2024 5:15:00 AM,14SMY_T1L1,N,N,N,3877.8031,3877.8031,4381.7907,3877.8031,3877.8031,
7/10/2024 5:15:00 AM,14SPGI_U01,N,N,N,3725.7542,3725.7542,3223.4985,3725.7542,3725.7542,
7/10/2024 5:15:00 AM,14SRL_T1L1,N,N,N,3725.7542,3725.7542,4381.7907,3725.7542,3725.7542,
7/10/2024 5:15:00 AM,14SULTAN_SS,N,N,N,3882.2425,3882.2425,4381.7907,3882.2425,3882.2425,
7/10/2024 5:15:00 AM,14SUPKOR_G01,N,N,N,3725.7542,3725.7542,3266.1277,3725.7542,3725.7542,
7/10/2024 5:15:00 AM,14TACSUR_L02,N,N,N,3725.7542,3725.7542,4381.7907,3725.7542,3725.7542,
7/10/2024 5:15:00 AM,14TACUR_SS,N,N,N,3726.1241,3726.1241,4381.7907,3726.1241,3726.1241,
7/10/2024 5:15:00 AM,14TIN_T1L1,N,N,N,3648.4349,3648.4349,4381.7907,3648.4349,3648.4349,
7/10/2024 5:15:00 AM,14TIN_T1L2,N,N,N,3648.4349,3648.4349,4381.7907,3648.4349,3648.4349,
EOF
