TIME_INTERVAL,RESOURCE_NAME,AP_FLAG,SEC_FLAG,PSM_FLAG,DIPC_PRICE,RTD_PRICE,ADMIN_PRICE,SEC_PRICE,PSM_PRICE,
8/7/2024 1:00:00 PM,01ACNPC_G01,N,N,N,13312.1168,13312.1168,7692.9581,13312.1168,13312.1168,
8/7/2024 1:00:00 PM,01AEC_L01,N,N,N,13327.8832,13327.8832,7957.3788,13327.8832,13327.8832,
8/7/2024 1:00:00 PM,01AMBUK_SS,N,N,N,13183.3577,13183.3577,7957.3788,13183.3577,13183.3577,
8/7/2024 1:00:00 PM,01AMBUK_T1L1,N,N,N,13183.3577,13183.3577,7957.3788,13183.3577,13183.3577,
8/7/2024 1:00:00 PM,01AMBUK_U01,N,N,N,13176.7883,13176.7883,11815.6910,13176.7883,13176.7883,
8/7/2024 1:00:00 PM,01AMBUK_U02,N,N,N,13176.7883,13176.7883,12537.7933,13176.7883,13176.7883,
8/7/2024 1:00:00 PM,01AMBUK_U03,N,N,N,13175.4745,13175.4745,12544.5674,13175.4745,13175.4745,
8/7/2024 1:00:00 PM,01AMPHAW_G01,N,N,N,13132.1168,13132.1168,7656.5584,13132.1168,13132.1168,
8/7/2024 1:00:00 PM,01ANDA_G01,N,N,N,13327.8832,13327.8832,9549.1949,13327.8832,13327.8832,
8/7/2024 1:00:00 PM,01ANGAT_A,N,N,N,13450.0730,13450.0730,7636.7623,13450.0730,13450.0730,
8/7/2024 1:00:00 PM,01ANGAT_M,N,N,N,13467.1533,13467.1533,12709.5416,13467.1533,13467.1533,
8/7/2024 1:00:00 PM,01ANGAT_SS,N,N,N,13460.5839,13460.5839,7957.3788,13460.5839,13460.5839,
8/7/2024 1:00:00 PM,01ANGAT_T5L1,N,N,N,13138.6861,13138.6861,7957.3788,13138.6861,13138.6861,
8/7/2024 1:00:00 PM,01APEC_G01,N,N,N,13327.8832,13327.8832,11306.6677,13327.8832,13327.8832,
8/7/2024 1:00:00 PM,01ARAYSOL_G01,N,N,N,13327.8832,13327.8832,7733.9866,13327.8832,13327.8832,
8/7/2024 1:00:00 PM,01ARAYSOL_G02,N,N,N,13327.8832,13327.8832,8394.8413,13327.8832,13327.8832,
8/7/2024 1:00:00 PM,01ARMSOL_G01,N,N,N,13312.1168,13312.1168,9361.3170,13312.1168,13312.1168,
8/7/2024 1:00:00 PM,01BAKSIP_G01,N,N,N,13132.1168,13132.1168,7920.0141,13132.1168,13132.1168,
8/7/2024 1:00:00 PM,01BAKUN_G01,N,N,N,12661.7518,12661.7518,7025.7349,12661.7518,12661.7518,
8/7/2024 1:00:00 PM,01BAKUN_SS,N,N,N,12668.3212,12668.3212,7957.3788,12668.3212,12668.3212,
8/7/2024 1:00:00 PM,01BALNEO_L01,N,N,N,13009.9270,13009.9270,7957.3788,13009.9270,13009.9270,
8/7/2024 1:00:00 PM,01BALNEO_L02,N,N,N,13009.9270,13009.9270,7957.3788,13009.9270,13009.9270,
8/7/2024 1:00:00 PM,01BALNEO_SS,N,N,N,12978.3942,12978.3942,7957.3788,12978.3942,12978.3942,
8/7/2024 1:00:00 PM,01BALSIK_SS,N,N,N,13107.1533,13107.1533,7957.3788,13107.1533,13107.1533,
8/7/2024 1:00:00 PM,01BALWIND_G01,N,N,N,11357.0803,11357.0803,9355.6546,11357.0803,11357.0803,
8/7/2024 1:00:00 PM,01BANTAY_SS,N,N,N,12480.4380,12480.4380,7957.3788,12480.4380,12480.4380,
8/7/2024 1:00:00 PM,01BATAAN_SS,N,N,N,12706.4234,12706.4234,7957.3788,12706.4234,12706.4234,
8/7/2024 1:00:00 PM,01BAUANG_GS1,N,N,N,12991.5328,12991.5328,12442.9792,12991.5328,12991.5328,
8/7/2024 1:00:00 PM,01BAUANG_GS2,N,N,N,12991.5328,12991.5328,12446.33,12991.5328,12991.5328,
8/7/2024 1:00:00 PM,01BAUANG_GS3,N,N,N,12992.8467,12992.8467,12446.33,12992.8467,12992.8467,
8/7/2024 1:00:00 PM,01BAUANG_SS,N,N,N,12999.4161,12999.4161,7957.3788,12999.4161,12999.4161,
8/7/2024 1:00:00 PM,01BAUAN_T1L1,N,N,N,13015.1825,13015.1825,7957.3788,13015.1825,13015.1825,
8/7/2024 1:00:00 PM,01BAUAN_T1L2,N,N,N,13015.1825,13015.1825,7957.3788,13015.1825,13015.1825,
8/7/2024 1:00:00 PM,01BAUAN_T1L3,N,N,N,13015.1825,13015.1825,7957.3788,13015.1825,13015.1825,
8/7/2024 1:00:00 PM,01BAUAN_T2L1,N,N,N,13015.1825,13015.1825,7957.3788,13015.1825,13015.1825,
8/7/2024 1:00:00 PM,01BAUAN_T2L2,N,N,N,13005.9854,13005.9854,7957.3788,13005.9854,13005.9854,
8/7/2024 1:00:00 PM,01BCNOT_SS,N,N,N,12899.5620,12899.5620,7957.3788,12899.5620,12899.5620,
8/7/2024 1:00:00 PM,01BCNOT_T1L1,N,N,N,12903.5036,12903.5036,7957.3788,12903.5036,12903.5036,
8/7/2024 1:00:00 PM,01BCNOT_T1L2,N,N,N,12903.5036,12903.5036,7957.3788,12903.5036,12903.5036,
8/7/2024 1:00:00 PM,01BINENG_G01,N,N,N,13132.1168,13132.1168,6047.6672,13132.1168,13132.1168,
8/7/2024 1:00:00 PM,01BINGA_SS,N,N,N,13143.9416,13143.9416,7957.3788,13143.9416,13143.9416,
8/7/2024 1:00:00 PM,01BINGA_T1L1,N,N,N,13146.5693,13146.5693,7957.3788,13146.5693,13146.5693,
8/7/2024 1:00:00 PM,01BINGA_U01,N,N,N,13136.0584,13136.0584,8745.8441,13136.0584,13136.0584,
8/7/2024 1:00:00 PM,01BINGA_U02,N,N,N,13136.0584,13136.0584,6784.6438,13136.0584,13136.0584,
8/7/2024 1:00:00 PM,01BINGA_U03,N,N,N,13143.9416,13143.9416,6894.2926,13143.9416,13143.9416,
8/7/2024 1:00:00 PM,01BINGA_U04,N,N,N,13141.3139,13141.3139,8747.5347,13141.3139,13141.3139,
8/7/2024 1:00:00 PM,01BNTAY_T1L1,N,N,N,12483.0657,12483.0657,7957.3788,12483.0657,12483.0657,
8/7/2024 1:00:00 PM,01BNTAY_T1L2,N,N,N,12483.0657,12483.0657,7957.3788,12483.0657,12483.0657,
8/7/2024 1:00:00 PM,01BNTAY_T1L3,N,N,N,12483.0657,12483.0657,7957.3788,12483.0657,12483.0657,
8/7/2024 1:00:00 PM,01BOSUNG_G01,N,N,N,12027.1533,12027.1533,8050.5024,12027.1533,12027.1533,
8/7/2024 1:00:00 PM,01BOTOLAN_SS,N,N,N,12960,12960,7957.3788,12960,12960,
8/7/2024 1:00:00 PM,01BOTOL_T1L1,N,N,N,12954.7445,12954.7445,7957.3788,12954.7445,12954.7445,
8/7/2024 1:00:00 PM,01BOTOL_T1L2,N,N,N,12954.7445,12954.7445,7957.3788,12954.7445,12954.7445,
8/7/2024 1:00:00 PM,01BPC_T1L1,N,N,N,12706.4234,12706.4234,7957.3788,12706.4234,12706.4234,
8/7/2024 1:00:00 PM,01BPC_T2L2,N,N,N,12706.4234,12706.4234,7957.3788,12706.4234,12706.4234,
8/7/2024 1:00:00 PM,01BPPC_SS,N,N,N,12992.8467,12992.8467,7957.3788,12992.8467,12992.8467,
8/7/2024 1:00:00 PM,01BT2020_G01,N,N,N,13041.4599,13041.4599,7260.3297,13041.4599,13041.4599,
8/7/2024 1:00:00 PM,01BT2020_G02,N,N,N,13041.4599,13041.4599,7260.3297,13041.4599,13041.4599,
8/7/2024 1:00:00 PM,01BTNSOL_G01,N,N,N,12712.9927,12712.9927,8255.2069,12712.9927,12712.9927,
8/7/2024 1:00:00 PM,01BTPP_T3L1,N,N,N,12712.9927,12712.9927,7957.3788,12712.9927,12712.9927,
8/7/2024 1:00:00 PM,01BTPP_T3L2,N,N,N,12712.9927,12712.9927,7957.3788,12712.9927,12712.9927,
8/7/2024 1:00:00 PM,01BTPP_T3L3,N,N,N,12712.9927,12712.9927,7957.3788,12712.9927,12712.9927,
8/7/2024 1:00:00 PM,01BTPP_T3L4,N,N,N,12712.9927,12712.9927,7957.3788,12712.9927,12712.9927,
8/7/2024 1:00:00 PM,01BTPP_T3L5,N,N,N,12712.9927,12712.9927,7957.3788,12712.9927,12712.9927,
8/7/2024 1:00:00 PM,01BTPP_T4L1,N,N,N,13138.6861,13138.6861,7957.3788,13138.6861,13138.6861,
8/7/2024 1:00:00 PM,01BTSOLEN_BAT,N,N,N,12712.9927,12712.9927,8592.7354,12712.9927,12712.9927,
8/7/2024 1:00:00 PM,01BTSOLEN_G01,N,N,N,12712.9927,12712.9927,8592.7354,12712.9927,12712.9927,
8/7/2024 1:00:00 PM,01BULSOL_G01,N,N,N,13430.3650,13430.3650,11482.4904,13430.3650,13430.3650,
8/7/2024 1:00:00 PM,01BURGOS_G01,N,N,N,11767.0073,11767.0073,4012.6264,11767.0073,11767.0073,
8/7/2024 1:00:00 PM,01BURGOS_G02,N,N,N,12027.1533,12027.1533,7054.6869,12027.1533,12027.1533,
8/7/2024 1:00:00 PM,01BURGOS_G03,N,N,N,12027.1533,12027.1533,7335.0808,12027.1533,12027.1533,
8/7/2024 1:00:00 PM,01BURGOS_SS,N,N,N,11768.3212,11768.3212,7957.3788,11768.3212,11768.3212,
8/7/2024 1:00:00 PM,01BUTAO_G01,N,N,N,13209.6350,13209.6350,7408.0536,13209.6350,13209.6350,
8/7/2024 1:00:00 PM,01BYOMB_DID,N,N,N,13522.3358,13522.3358,7957.3788,13522.3358,13522.3358,
8/7/2024 1:00:00 PM,01BYOMB_SS,N,N,N,13517.0803,13517.0803,7957.3788,13517.0803,13517.0803,
8/7/2024 1:00:00 PM,01BYOMB_T1L1,N,N,N,13536.7883,13536.7883,7957.3788,13536.7883,13536.7883,
8/7/2024 1:00:00 PM,01BYOMB_T1L2,N,N,N,13522.3358,13522.3358,7957.3788,13522.3358,13522.3358,
8/7/2024 1:00:00 PM,01BYOMB_T1L3,N,N,N,13536.7883,13536.7883,7957.3788,13536.7883,13536.7883,
8/7/2024 1:00:00 PM,01CABSOL_G01,N,N,N,13582.7737,13582.7737,7399.1466,13582.7737,13582.7737,
8/7/2024 1:00:00 PM,01CAGBIO_G01,N,N,N,13986.1314,13986.1314,7778.3166,13986.1314,13986.1314,
8/7/2024 1:00:00 PM,01CAGYSOL_G01,N,N,N,14110.9489,14110.9489,7509.8375,14110.9489,14110.9489,
8/7/2024 1:00:00 PM,01CALIBUNK_G01,N,N,N,13327.8832,13327.8832,7453.8252,13327.8832,13327.8832,
8/7/2024 1:00:00 PM,01CAPRIS_G01,N,N,N,11491.0949,11491.0949,2406.6472,11491.0949,11491.0949,
8/7/2024 1:00:00 PM,01CAPRIS_G02,N,N,N,11491.0949,11491.0949,3674.4343,11491.0949,11491.0949,
8/7/2024 1:00:00 PM,01CASECN_G01,N,N,N,12987.5912,12987.5912,5088.9859,12987.5912,12987.5912,
8/7/2024 1:00:00 PM,01CASECN_SS,N,N,N,12987.5912,12987.5912,7957.3788,12987.5912,12987.5912,
8/7/2024 1:00:00 PM,01CAYBSOL_G01,N,N,N,12852.2628,12852.2628,7147.0268,12852.2628,12852.2628,
8/7/2024 1:00:00 PM,01CBNTU_SS,N,N,N,13590.6569,13590.6569,7957.3788,13590.6569,13590.6569,
8/7/2024 1:00:00 PM,01CBNTU_T1L1,N,N,N,13582.7737,13582.7737,7957.3788,13582.7737,13582.7737,
8/7/2024 1:00:00 PM,01CBNTU_T1L3,N,N,N,13582.7737,13582.7737,7957.3788,13582.7737,13582.7737,
8/7/2024 1:00:00 PM,01CBNTU_T2L1,N,N,N,13582.7737,13582.7737,7957.3788,13582.7737,13582.7737,
8/7/2024 1:00:00 PM,01CBNTU_T2L2,N,N,N,13582.7737,13582.7737,7957.3788,13582.7737,13582.7737,
8/7/2024 1:00:00 PM,01CBN_CELCOR,N,N,N,13582.7737,13582.7737,7957.3788,13582.7737,13582.7737,
8/7/2024 1:00:00 PM,01CIP2_G01,N,N,N,12903.5036,12903.5036,12430.1565,12903.5036,12903.5036,
8/7/2024 1:00:00 PM,01CLARK_L01,N,N,N,13138.6861,13138.6861,7957.3788,13138.6861,13138.6861,
8/7/2024 1:00:00 PM,01CLARK_L02,N,N,N,13323.9416,13323.9416,7957.3788,13323.9416,13323.9416,
8/7/2024 1:00:00 PM,01CLARK_L03,N,N,N,13323.9416,13323.9416,7957.3788,13323.9416,13323.9416,
8/7/2024 1:00:00 PM,01CLARK_L04,N,N,N,13326.5693,13326.5693,7957.3788,13326.5693,13326.5693,
8/7/2024 1:00:00 PM,01CLARK_SS,N,N,N,13323.9416,13323.9416,7957.3788,13323.9416,13323.9416,
8/7/2024 1:00:00 PM,01CLARK_T1L1,N,N,N,13323.9416,13323.9416,7957.3788,13323.9416,13323.9416,
8/7/2024 1:00:00 PM,01CLARK_T1L2,N,N,N,13323.9416,13323.9416,7957.3788,13323.9416,13323.9416,
8/7/2024 1:00:00 PM,01CLARK_T2L1,N,N,N,13138.6861,13138.6861,7957.3788,13138.6861,13138.6861,
8/7/2024 1:00:00 PM,01CLASOL_G01,N,N,N,13323.9416,13323.9416,10604.5779,13323.9416,13323.9416,
8/7/2024 1:00:00 PM,01CLEANG_G01,N,N,N,13041.4599,13041.4599,7260.3297,13041.4599,13041.4599,
8/7/2024 1:00:00 PM,01CNCEP_BAT,N,N,N,13306.8613,13306.8613,3251.4298,13306.8613,13306.8613,
8/7/2024 1:00:00 PM,01CNCEP_CAT,N,N,N,13306.8613,13306.8613,7957.3788,13306.8613,13306.8613,
8/7/2024 1:00:00 PM,01CNCEP_DAP2,N,N,N,13306.8613,13306.8613,7957.3788,13306.8613,13306.8613,
8/7/2024 1:00:00 PM,01CNCEP_SS,N,N,N,13305.5474,13305.5474,7957.3788,13305.5474,13305.5474,
8/7/2024 1:00:00 PM,01CNCEP_T1L3,N,N,N,13305.5474,13305.5474,7957.3788,13305.5474,13305.5474,
8/7/2024 1:00:00 PM,01CNCEP_TEI,N,N,N,13312.1168,13312.1168,7957.3788,13312.1168,13312.1168,
8/7/2024 1:00:00 PM,01CN_TRELC1,N,N,N,13312.1168,13312.1168,7957.3788,13312.1168,13312.1168,
8/7/2024 1:00:00 PM,01CN_TRELC2,N,N,N,13306.8613,13306.8613,7957.3788,13306.8613,13306.8613,
8/7/2024 1:00:00 PM,01CONSOL_G01,N,N,N,13306.8613,13306.8613,8686.3485,13306.8613,13306.8613,
8/7/2024 1:00:00 PM,01CRUZD_MECO,N,N,N,13430.3650,13430.3650,7957.3788,13430.3650,13430.3650,
8/7/2024 1:00:00 PM,01CRUZD_SS,N,N,N,13429.0511,13429.0511,7957.3788,13429.0511,13429.0511,
8/7/2024 1:00:00 PM,01CRUZD_T2L1,N,N,N,13430.3650,13430.3650,7957.3788,13430.3650,13430.3650,
8/7/2024 1:00:00 PM,01CURIM_SS,N,N,N,12128.3212,12128.3212,7957.3788,12128.3212,12128.3212,
8/7/2024 1:00:00 PM,01CURIM_T1L1,N,N,N,12120.4380,12120.4380,7957.3788,12120.4380,12120.4380,
8/7/2024 1:00:00 PM,01CURIM_T1L2,N,N,N,12120.4380,12120.4380,7957.3788,12120.4380,12120.4380,
8/7/2024 1:00:00 PM,01CURSOL_G02,N,N,N,12024.5255,12024.5255,8126.6793,12024.5255,12024.5255,
8/7/2024 1:00:00 PM,01DALSOL_G01,N,N,N,13312.1168,13312.1168,9525.4283,13312.1168,13312.1168,
8/7/2024 1:00:00 PM,01DUHAT_SS,N,N,N,13658.9781,13658.9781,7957.3788,13658.9781,13658.9781,
8/7/2024 1:00:00 PM,01DUHAT_T1L1,N,N,N,13702.3358,13702.3358,7957.3788,13702.3358,13702.3358,
8/7/2024 1:00:00 PM,01EHVSJ_SS,N,N,N,13365.9854,13365.9854,7957.3788,13365.9854,13365.9854,
8/7/2024 1:00:00 PM,01EHVSM_SS,N,N,N,13109.7810,13109.7810,7957.3788,13109.7810,13109.7810,
8/7/2024 1:00:00 PM,01GAMU_BAT,N,N,N,14009.7810,14009.7810,7764.8333,14009.7810,14009.7810,
8/7/2024 1:00:00 PM,01GAMU_BATL,N,N,N,14009.7810,14009.7810,7957.3788,14009.7810,14009.7810,
8/7/2024 1:00:00 PM,01GAMU_SS,N,N,N,13986.1314,13986.1314,7957.3788,13986.1314,13986.1314,
8/7/2024 1:00:00 PM,01GAMU_T1L1,N,N,N,14009.7810,14009.7810,7957.3788,14009.7810,14009.7810,
8/7/2024 1:00:00 PM,01GAMU_T1L2,N,N,N,13986.1314,13986.1314,7957.3788,13986.1314,13986.1314,
8/7/2024 1:00:00 PM,01GFII_G01,N,N,N,14009.7810,14009.7810,7748.1084,14009.7810,14009.7810,
8/7/2024 1:00:00 PM,01GIFT_G01,N,N,N,13582.7737,13582.7737,7600.4051,13582.7737,13582.7737,
8/7/2024 1:00:00 PM,01GIFT_G02,N,N,N,13582.7737,13582.7737,7361.4760,13582.7737,13582.7737,
8/7/2024 1:00:00 PM,01GIGSOL_G01,N,N,N,12954.7445,12954.7445,7168.5323,12954.7445,12954.7445,
8/7/2024 1:00:00 PM,01GNPD_SS,N,N,N,13034.8905,13034.8905,7957.3788,13034.8905,13034.8905,
8/7/2024 1:00:00 PM,01GNPD_U01,N,N,N,12907.4453,12907.4453,7200.2187,12907.4453,12907.4453,
8/7/2024 1:00:00 PM,01GNPD_U02,N,N,N,13032.2628,13032.2628,3114.5240,13032.2628,13032.2628,
8/7/2024 1:00:00 PM,01GRGOLD_G01,N,N,N,13582.7737,13582.7737,7813.6247,13582.7737,13582.7737,
8/7/2024 1:00:00 PM,01HANJI_SS,N,N,N,12991.5328,12991.5328,7957.3788,12991.5328,12991.5328,
8/7/2024 1:00:00 PM,01HANJI_T1L1,N,N,N,12991.5328,12991.5328,7957.3788,12991.5328,12991.5328,
8/7/2024 1:00:00 PM,01HANJI_T2L1,N,N,N,12991.5328,12991.5328,7957.3788,12991.5328,12991.5328,
8/7/2024 1:00:00 PM,01HERMO_FBL,N,N,N,13041.4599,13041.4599,7957.3788,13041.4599,13041.4599,
8/7/2024 1:00:00 PM,01HERMO_SS,N,N,N,13030.9489,13030.9489,7957.3788,13030.9489,13030.9489,
8/7/2024 1:00:00 PM,01HERMO_T1L1,N,N,N,13041.4599,13041.4599,7957.3788,13041.4599,13041.4599,
8/7/2024 1:00:00 PM,01HERMO_T1L2,N,N,N,13041.4599,13041.4599,7957.3788,13041.4599,13041.4599,
8/7/2024 1:00:00 PM,01HERMO_T1L3,N,N,N,13138.6861,13138.6861,7957.3788,13138.6861,13138.6861,
8/7/2024 1:00:00 PM,01HERMO_T1L4,N,N,N,13041.4599,13041.4599,7957.3788,13041.4599,13041.4599,
8/7/2024 1:00:00 PM,01HYPGRN_G01,N,N,N,13702.3358,13702.3358,7614.7032,13702.3358,13702.3358,
8/7/2024 1:00:00 PM,01IBEC_G01,N,N,N,13796.9343,13796.9343,7670.8451,13796.9343,13796.9343,
8/7/2024 1:00:00 PM,01IBULAO_G01,N,N,N,13536.7883,13536.7883,8926.0994,13536.7883,13536.7883,
8/7/2024 1:00:00 PM,01IPOWER_G01,N,N,N,13582.7737,13582.7737,7813.1963,13582.7737,13582.7737,
8/7/2024 1:00:00 PM,01IPOWER_G02,N,N,N,13582.7737,13582.7737,7823.9670,13582.7737,13582.7737,
8/7/2024 1:00:00 PM,01KDAM_SS,N,N,N,12979.7080,12979.7080,7957.3788,12979.7080,12979.7080,
8/7/2024 1:00:00 PM,01LAMAO_BAT,N,N,N,12676.2044,12676.2044,4008.2789,12676.2044,12676.2044,
8/7/2024 1:00:00 PM,01LAMAO_SS,N,N,N,12678.8321,12678.8321,7957.3788,12678.8321,12678.8321,
8/7/2024 1:00:00 PM,01LAOAG_SS,N,N,N,12050.8029,12050.8029,7957.3788,12050.8029,12050.8029,
8/7/2024 1:00:00 PM,01LAOAG_T1L1,N,N,N,12042.9197,12042.9197,7957.3788,12042.9197,12042.9197,
8/7/2024 1:00:00 PM,01LAOAG_T1L2,N,N,N,12042.9197,12042.9197,7957.3788,12042.9197,12042.9197,
8/7/2024 1:00:00 PM,01LAOAG_T2L2,N,N,N,12027.1533,12027.1533,7957.3788,12027.1533,12027.1533,
8/7/2024 1:00:00 PM,01LAOSOL_G01,N,N,N,12894.3066,12894.3066,8050.1226,12894.3066,12894.3066,
8/7/2024 1:00:00 PM,01LAOSOL_SS,N,N,N,12894.3066,12894.3066,7957.3788,12894.3066,12894.3066,
8/7/2024 1:00:00 PM,01LASUER_U01,N,N,N,13986.1314,13986.1314,7696.9083,13986.1314,13986.1314,
8/7/2024 1:00:00 PM,01LATRI_SS,N,N,N,13122.9197,13122.9197,7957.3788,13122.9197,13122.9197,
8/7/2024 1:00:00 PM,01LATRI_T1L1,N,N,N,13132.1168,13132.1168,7957.3788,13132.1168,13132.1168,
8/7/2024 1:00:00 PM,01LATRI_T2L1,N,N,N,13132.1168,13132.1168,7957.3788,13132.1168,13132.1168,
8/7/2024 1:00:00 PM,01LATRI_T2L2,N,N,N,13132.1168,13132.1168,7957.3788,13132.1168,13132.1168,
8/7/2024 1:00:00 PM,01LATRI_T2L3,N,N,N,13132.1168,13132.1168,7957.3788,13132.1168,13132.1168,
8/7/2024 1:00:00 PM,01LAT_BENECO,N,N,N,13132.1168,13132.1168,7957.3788,13132.1168,13132.1168,
8/7/2024 1:00:00 PM,01LAT_PHILEX,N,N,N,13132.1168,13132.1168,7957.3788,13132.1168,13132.1168,
8/7/2024 1:00:00 PM,01LBRDR_SS,N,N,N,12919.2701,12919.2701,7957.3788,12919.2701,12919.2701,
8/7/2024 1:00:00 PM,01LBR_CNPELC,N,N,N,13138.6861,13138.6861,7957.3788,13138.6861,13138.6861,
8/7/2024 1:00:00 PM,01LBR_DECORP,N,N,N,12928.4672,12928.4672,7957.3788,12928.4672,12928.4672,
8/7/2024 1:00:00 PM,01LBR_PNELC1,N,N,N,12927.1533,12927.1533,7957.3788,12927.1533,12927.1533,
8/7/2024 1:00:00 PM,01LIMAY_BAT,N,N,N,12712.9927,12712.9927,3071.1544,12712.9927,12712.9927,
8/7/2024 1:00:00 PM,01LIMAY_SS,N,N,N,12706.4234,12706.4234,7957.3788,12706.4234,12706.4234,
8/7/2024 1:00:00 PM,01LIMAY_U01,N,N,N,12706.4234,12706.4234,11984.9854,12706.4234,12706.4234,
8/7/2024 1:00:00 PM,01LIMAY_U02,N,N,N,12706.4234,12706.4234,7084.7545,12706.4234,12706.4234,
8/7/2024 1:00:00 PM,01LIMAY_U03,N,N,N,12703.7956,12703.7956,7084.7545,12703.7956,12703.7956,
8/7/2024 1:00:00 PM,01LIMAY_U04,N,N,N,12706.4234,12706.4234,7084.7545,12706.4234,12706.4234,
8/7/2024 1:00:00 PM,01LIMAY_U05,N,N,N,12703.7956,12703.7956,11984.9854,12703.7956,12703.7956,
8/7/2024 1:00:00 PM,01LIMAY_U06,N,N,N,12706.4234,12706.4234,7084.7545,12706.4234,12706.4234,
8/7/2024 1:00:00 PM,01LIMAY_U07,N,N,N,12706.4234,12706.4234,7084.7545,12706.4234,12706.4234,
8/7/2024 1:00:00 PM,01LIMAY_U08,N,N,N,12706.4234,12706.4234,7084.7545,12706.4234,12706.4234,
8/7/2024 1:00:00 PM,01MAEC_G01,N,N,N,12024.5255,12024.5255,8194.5517,12024.5255,12024.5255,
8/7/2024 1:00:00 PM,01MAEC_S01,N,N,N,12024.5255,12024.5255,7957.3788,12024.5255,12024.5255,
8/7/2024 1:00:00 PM,01MAGAPIT_BAT,N,N,N,14110.9489,14110.9489,7899.9419,14110.9489,14110.9489,
8/7/2024 1:00:00 PM,01MAGAT_BAT,N,N,N,13791.6788,13791.6788,3464.3942,13791.6788,13791.6788,
8/7/2024 1:00:00 PM,01MAGAT_SS,N,N,N,13791.6788,13791.6788,7957.3788,13791.6788,13791.6788,
8/7/2024 1:00:00 PM,01MAGAT_U01,N,N,N,13791.6788,13791.6788,12697.4610,13791.6788,13791.6788,
8/7/2024 1:00:00 PM,01MAGAT_U02,N,N,N,13791.6788,13791.6788,12914.7884,13791.6788,13791.6788,
8/7/2024 1:00:00 PM,01MAGAT_U03,N,N,N,13791.6788,13791.6788,10466.2913,13791.6788,13791.6788,
8/7/2024 1:00:00 PM,01MAGAT_U04,N,N,N,13791.6788,13791.6788,10577.3019,13791.6788,13791.6788,
8/7/2024 1:00:00 PM,01MALOL_SS,N,N,N,13405.4015,13405.4015,7957.3788,13405.4015,13405.4015,
8/7/2024 1:00:00 PM,01MALOL_T1L1,N,N,N,13451.3869,13451.3869,7957.3788,13451.3869,13451.3869,
8/7/2024 1:00:00 PM,01MARIS_U01,N,N,N,13796.9343,13796.9343,8397.6361,13796.9343,13796.9343,
8/7/2024 1:00:00 PM,01MARIS_U02,N,N,N,13796.9343,13796.9343,8347.2128,13796.9343,13796.9343,
8/7/2024 1:00:00 PM,01MARSOL_G01,N,N,N,12638.1022,12638.1022,9038.3265,12638.1022,12638.1022,
8/7/2024 1:00:00 PM,01MARVEL_AUX,N,N,N,12634.1606,12634.1606,7957.3788,12634.1606,12634.1606,
8/7/2024 1:00:00 PM,01MARVEL_G01,N,N,N,12628.9051,12628.9051,7316.0140,12628.9051,12628.9051,
8/7/2024 1:00:00 PM,01MARVEL_G02,N,N,N,12628.9051,12628.9051,7279.2634,12628.9051,12628.9051,
8/7/2024 1:00:00 PM,01MARVEL_SS,N,N,N,12634.1606,12634.1606,7957.3788,12634.1606,12634.1606,
8/7/2024 1:00:00 PM,01MASIWA_G01,N,N,N,13582.7737,13582.7737,7597.6792,13582.7737,13582.7737,
8/7/2024 1:00:00 PM,01MASIWA_SS,N,N,N,13582.7737,13582.7737,7957.3788,13582.7737,13582.7737,
8/7/2024 1:00:00 PM,01MATUNO_G01,N,N,N,13522.3358,13522.3358,7565.5823,13522.3358,13522.3358,
8/7/2024 1:00:00 PM,01MEXICO_SS,N,N,N,13326.5693,13326.5693,7957.3788,13326.5693,13326.5693,
8/7/2024 1:00:00 PM,01MEX_AEC,N,N,N,13326.5693,13326.5693,7957.3788,13326.5693,13326.5693,
8/7/2024 1:00:00 PM,01MEX_CISP,N,N,N,13327.8832,13327.8832,7957.3788,13327.8832,13327.8832,
8/7/2024 1:00:00 PM,01MEX_CLARK1,N,N,N,13327.8832,13327.8832,7957.3788,13327.8832,13327.8832,
8/7/2024 1:00:00 PM,01MEX_CLARK2,N,N,N,13327.8832,13327.8832,7957.3788,13327.8832,13327.8832,
8/7/2024 1:00:00 PM,01MEX_CND,N,N,N,13327.8832,13327.8832,7957.3788,13327.8832,13327.8832,
8/7/2024 1:00:00 PM,01MEX_L01,N,N,N,13327.8832,13327.8832,7957.3788,13327.8832,13327.8832,
8/7/2024 1:00:00 PM,01MEX_MIC,N,N,N,13326.5693,13326.5693,7957.3788,13326.5693,13326.5693,
8/7/2024 1:00:00 PM,01MEX_PELCO1,N,N,N,13327.8832,13327.8832,7957.3788,13327.8832,13327.8832,
8/7/2024 1:00:00 PM,01MEX_PIMP,N,N,N,13327.8832,13327.8832,7957.3788,13327.8832,13327.8832,
8/7/2024 1:00:00 PM,01MEX_SFLAPC,N,N,N,13327.8832,13327.8832,7957.3788,13327.8832,13327.8832,
8/7/2024 1:00:00 PM,01MEX_SKK,N,N,N,13326.5693,13326.5693,7957.3788,13326.5693,13326.5693,
8/7/2024 1:00:00 PM,01MPGC_SS,N,N,N,13021.7518,13021.7518,7957.3788,13021.7518,13021.7518,
8/7/2024 1:00:00 PM,01MPGC_U01,N,N,N,12957.3723,12957.3723,6731.4557,12957.3723,12957.3723,
8/7/2024 1:00:00 PM,01MPGC_U02,N,N,N,12957.3723,12957.3723,7189.2910,12957.3723,12957.3723,
8/7/2024 1:00:00 PM,01MPGC_U03,N,N,N,13138.6861,13138.6861,6638.6845,13138.6861,13138.6861,
8/7/2024 1:00:00 PM,01MPGC_U04,N,N,N,12957.3723,12957.3723,9627.3386,12957.3723,12957.3723,
8/7/2024 1:00:00 PM,01MRVEL_T1L1,N,N,N,12638.1022,12638.1022,7957.3788,12638.1022,12638.1022,
8/7/2024 1:00:00 PM,01MSINLO_BAT,N,N,N,12501.4599,12501.4599,3097.6940,12501.4599,12501.4599,
8/7/2024 1:00:00 PM,01MSINLO_G01,N,N,N,12496.2044,12496.2044,7023.1106,12496.2044,12496.2044,
8/7/2024 1:00:00 PM,01MSINLO_G02,N,N,N,12500.1460,12500.1460,7934.2361,12500.1460,12500.1460,
8/7/2024 1:00:00 PM,01MSINLO_G03,N,N,N,12496.2044,12496.2044,6941.4453,12496.2044,12496.2044,
8/7/2024 1:00:00 PM,01MSINLO_SS,N,N,N,12501.4599,12501.4599,7957.3788,12501.4599,12501.4599,
8/7/2024 1:00:00 PM,01NIABAL_G01,N,N,N,13796.9343,13796.9343,8756.4145,13796.9343,13796.9343,
8/7/2024 1:00:00 PM,01NMHC_G01,N,N,N,13132.1168,13132.1168,6612.6383,13132.1168,13132.1168,
8/7/2024 1:00:00 PM,01NMHC_G03,N,N,N,13132.1168,13132.1168,9802.4485,13132.1168,13132.1168,
8/7/2024 1:00:00 PM,01NSNMN_L01,N,N,N,13138.6861,13138.6861,7957.3788,13138.6861,13138.6861,
8/7/2024 1:00:00 PM,01NSNMN_L02,N,N,N,13157.0803,13157.0803,7957.3788,13157.0803,13157.0803,
8/7/2024 1:00:00 PM,01NSNMN_SS,N,N,N,13138.6861,13138.6861,7957.3788,13138.6861,13138.6861,
8/7/2024 1:00:00 PM,01NSNMN_T1L1,N,N,N,13146.5693,13146.5693,7957.3788,13146.5693,13146.5693,
8/7/2024 1:00:00 PM,01NWIND_G01,N,N,N,12027.1533,12027.1533,3541.7326,12027.1533,12027.1533,
8/7/2024 1:00:00 PM,01NWIND_G02,N,N,N,12027.1533,12027.1533,4113.7838,12027.1533,12027.1533,
8/7/2024 1:00:00 PM,01NWIND_L01,N,N,N,12027.1533,12027.1533,7957.3788,12027.1533,12027.1533,
8/7/2024 1:00:00 PM,01OLONG_SS,N,N,N,13004.6715,13004.6715,7957.3788,13004.6715,13004.6715,
8/7/2024 1:00:00 PM,01OLONG_T1L1,N,N,N,13017.8102,13017.8102,7957.3788,13017.8102,13017.8102,
8/7/2024 1:00:00 PM,01OLONG_T2L2,N,N,N,13017.8102,13017.8102,7957.3788,13017.8102,13017.8102,
8/7/2024 1:00:00 PM,01OLONG_T3L3,N,N,N,13017.8102,13017.8102,7957.3788,13017.8102,13017.8102,
8/7/2024 1:00:00 PM,01PAGCAP_L01,N,N,N,11493.7226,11493.7226,7957.3788,11493.7226,11493.7226,
8/7/2024 1:00:00 PM,01PAGUD_SS,N,N,N,11493.7226,11493.7226,7957.3788,11493.7226,11493.7226,
8/7/2024 1:00:00 PM,01PASQSOL_G01,N,N,N,11627.7372,11627.7372,7145.3234,11627.7372,11627.7372,
8/7/2024 1:00:00 PM,01PAVGSOL_G01,N,N,N,12712.9927,12712.9927,7534.9277,12712.9927,12712.9927,
8/7/2024 1:00:00 PM,01PETRON_G01,N,N,N,12706.4234,12706.4234,6868.5146,12706.4234,12706.4234,
8/7/2024 1:00:00 PM,01PETSOL_G01,N,N,N,13306.8613,13306.8613,8162.7041,13306.8613,13306.8613,
8/7/2024 1:00:00 PM,01PETSOL_G02,N,N,N,13306.8613,13306.8613,9074.6769,13306.8613,13306.8613,
8/7/2024 1:00:00 PM,01PNTBNG_SS,N,N,N,13401.4599,13401.4599,7957.3788,13401.4599,13401.4599,
8/7/2024 1:00:00 PM,01PNTBNG_U01,N,N,N,13401.4599,13401.4599,7497.9486,13401.4599,13401.4599,
8/7/2024 1:00:00 PM,01PNTBNG_U02,N,N,N,13401.4599,13401.4599,7497.9486,13401.4599,13401.4599,
8/7/2024 1:00:00 PM,01RASLAG_G01,N,N,N,13327.8832,13327.8832,8728.2627,13327.8832,13327.8832,
8/7/2024 1:00:00 PM,01RASLAG_G02,N,N,N,13327.8832,13327.8832,8266.5420,13327.8832,13327.8832,
8/7/2024 1:00:00 PM,01RASLAG_G03,N,N,N,13327.8832,13327.8832,8604.3913,13327.8832,13327.8832,
8/7/2024 1:00:00 PM,01SABANG_G01,N,N,N,13132.1168,13132.1168,6446.3027,13132.1168,13132.1168,
8/7/2024 1:00:00 PM,01SANMIGSOL_G01,N,N,N,13430.3650,13430.3650,7502.3751,13430.3650,13430.3650,
8/7/2024 1:00:00 PM,01SE_ABRECO,N,N,N,12556.6423,12556.6423,7957.3788,12556.6423,12556.6423,
8/7/2024 1:00:00 PM,01SLANGN_G01,N,N,N,13132.1168,13132.1168,7407.4375,13132.1168,13132.1168,
8/7/2024 1:00:00 PM,01SMBELL_G01,N,N,N,13536.7883,13536.7883,7573.8805,13536.7883,13536.7883,
8/7/2024 1:00:00 PM,01SMC_G01,N,N,N,12672.2628,12672.2628,6920.1692,12672.2628,12672.2628,
8/7/2024 1:00:00 PM,01SMC_G02,N,N,N,12670.9489,12670.9489,7403.4875,12670.9489,12670.9489,
8/7/2024 1:00:00 PM,01SMC_G03,N,N,N,12670.9489,12670.9489,7502.4926,12670.9489,12670.9489,
8/7/2024 1:00:00 PM,01SMC_G04,N,N,N,12615.7664,12615.7664,7357.2044,12615.7664,12615.7664,
8/7/2024 1:00:00 PM,01SMC_SS,N,N,N,12672.2628,12672.2628,7957.3788,12672.2628,12672.2628,
8/7/2024 1:00:00 PM,01SMC_SS2,N,N,N,12670.9489,12670.9489,7957.3788,12670.9489,12670.9489,
8/7/2024 1:00:00 PM,01SMC_SS3,N,N,N,12670.9489,12670.9489,7957.3788,12670.9489,12670.9489,
8/7/2024 1:00:00 PM,01SMC_SS4,N,N,N,12615.7664,12615.7664,7957.3788,12615.7664,12615.7664,
8/7/2024 1:00:00 PM,01SNEST_SS,N,N,N,12522.4818,12522.4818,7957.3788,12522.4818,12522.4818,
8/7/2024 1:00:00 PM,01SNEST_T3L1,N,N,N,12578.9781,12578.9781,7957.3788,12578.9781,12578.9781,
8/7/2024 1:00:00 PM,01SNEST_T3L2,N,N,N,12578.9781,12578.9781,7957.3788,12578.9781,12578.9781,
8/7/2024 1:00:00 PM,01SNJOSE_L01,N,N,N,13492.1168,13492.1168,7957.3788,13492.1168,13492.1168,
8/7/2024 1:00:00 PM,01SNJOSE_SS,N,N,N,13467.1533,13467.1533,7957.3788,13467.1533,13467.1533,
8/7/2024 1:00:00 PM,01SNJOS_CAM,N,N,N,13492.1168,13492.1168,7957.3788,13492.1168,13492.1168,
8/7/2024 1:00:00 PM,01SNJOS_T1L1,N,N,N,13489.4891,13489.4891,7957.3788,13489.4891,13489.4891,
8/7/2024 1:00:00 PM,01SNJOS_T1L2,N,N,N,13614.3066,13614.3066,7957.3788,13614.3066,13614.3066,
8/7/2024 1:00:00 PM,01SNJOS_T1L3,N,N,N,13490.8029,13490.8029,7957.3788,13490.8029,13490.8029,
8/7/2024 1:00:00 PM,01SNMAN_BAT,N,N,N,13209.6350,13209.6350,3252.7244,13209.6350,13209.6350,
8/7/2024 1:00:00 PM,01SNMAN_LYO,N,N,N,13209.6350,13209.6350,7957.3788,13209.6350,13209.6350,
8/7/2024 1:00:00 PM,01SNMAN_SS,N,N,N,13140,13140,7957.3788,13140,13140,
8/7/2024 1:00:00 PM,01SNMAN_T1L2,N,N,N,13209.6350,13209.6350,7957.3788,13209.6350,13209.6350,
8/7/2024 1:00:00 PM,01SNMARSOL_G01,N,N,N,12874.5985,12874.5985,8260.5575,12874.5985,12874.5985,
8/7/2024 1:00:00 PM,01SNMAR_SS,N,N,N,12874.5985,12874.5985,7957.3788,12874.5985,12874.5985,
8/7/2024 1:00:00 PM,01SNM_PNELC3,N,N,N,13209.6350,13209.6350,7957.3788,13209.6350,13209.6350,
8/7/2024 1:00:00 PM,01SNTGO_SS,N,N,N,13794.3066,13794.3066,7957.3788,13794.3066,13794.3066,
8/7/2024 1:00:00 PM,01SNTGO_T1L1,N,N,N,13796.9343,13796.9343,7957.3788,13796.9343,13796.9343,
8/7/2024 1:00:00 PM,01SNTGO_T1L2,N,N,N,13796.9343,13796.9343,7957.3788,13796.9343,13796.9343,
8/7/2024 1:00:00 PM,01SNTGO_T1L3,N,N,N,13796.9343,13796.9343,7957.3788,13796.9343,13796.9343,
8/7/2024 1:00:00 PM,01SNTGO_T2L1,N,N,N,13796.9343,13796.9343,7957.3788,13796.9343,13796.9343,
8/7/2024 1:00:00 PM,01SNTGO_T2L2,N,N,N,13796.9343,13796.9343,7957.3788,13796.9343,13796.9343,
8/7/2024 1:00:00 PM,01SPABUL_G01,N,N,N,13430.3650,13430.3650,7748.0183,13430.3650,13430.3650,
8/7/2024 1:00:00 PM,01SROQUE_SS,N,N,N,13120.2920,13120.2920,7957.3788,13120.2920,13120.2920,
8/7/2024 1:00:00 PM,01SROQUE_U01,N,N,N,13104.5255,13104.5255,5648.4302,13104.5255,13104.5255,
8/7/2024 1:00:00 PM,01SROQUE_U02,N,N,N,13115.0365,13115.0365,8800.7675,13115.0365,13115.0365,
8/7/2024 1:00:00 PM,01SROQUE_U03,N,N,N,13120.2920,13120.2920,7354.9946,13120.2920,13120.2920,
8/7/2024 1:00:00 PM,01SUAL_G01,N,N,N,12762.9197,12762.9197,8267.1430,12762.9197,12762.9197,
8/7/2024 1:00:00 PM,01SUAL_G02,N,N,N,12806.2774,12806.2774,6483.3077,12806.2774,12806.2774,
8/7/2024 1:00:00 PM,01SUAL_T3L1,N,N,N,12827.2993,12827.2993,7957.3788,12827.2993,12827.2993,
8/7/2024 1:00:00 PM,01SUBIC_T3L1,N,N,N,12975.7664,12975.7664,7957.3788,12975.7664,12975.7664,
8/7/2024 1:00:00 PM,01SUBIC_T3L2,N,N,N,12975.7664,12975.7664,7957.3788,12975.7664,12975.7664,
8/7/2024 1:00:00 PM,01SUBSOL_G01,N,N,N,12975.7664,12975.7664,9278.0463,12975.7664,12975.7664,
8/7/2024 1:00:00 PM,01SUPSOL_G01,N,N,N,12958.6861,12958.6861,9557.3938,12958.6861,12958.6861,
8/7/2024 1:00:00 PM,01S_ENRO_G01,N,N,N,12975.7664,12975.7664,12253.4501,12975.7664,12975.7664,
8/7/2024 1:00:00 PM,01S_ENRO_SS,N,N,N,12975.7664,12975.7664,7957.3788,12975.7664,12975.7664,
8/7/2024 1:00:00 PM,01TERASU_G01,N,N,N,13312.1168,13312.1168,9054.7254,13312.1168,13312.1168,
8/7/2024 1:00:00 PM,01TGEGA_SS,N,N,N,14101.7518,14101.7518,7957.3788,14101.7518,14101.7518,
8/7/2024 1:00:00 PM,01TGEGA_T1L1,N,N,N,14110.9489,14110.9489,7957.3788,14110.9489,14110.9489,
8/7/2024 1:00:00 PM,01TG_CGELCO1,N,N,N,14110.9489,14110.9489,7957.3788,14110.9489,14110.9489,
8/7/2024 1:00:00 PM,01TG_CGELCO2,N,N,N,14110.9489,14110.9489,7957.3788,14110.9489,14110.9489,
8/7/2024 1:00:00 PM,01TG_ISELCO2,N,N,N,14110.9489,14110.9489,7957.3788,14110.9489,14110.9489,
8/7/2024 1:00:00 PM,01TPCBUNK_G01,N,N,N,13312.1168,13312.1168,8846.8402,13312.1168,13312.1168,
8/7/2024 1:00:00 PM,01TRASU_L01,N,N,N,13312.1168,13312.1168,7957.3788,13312.1168,13312.1168,
8/7/2024 1:00:00 PM,01TRUSTBIO_G01,N,N,N,13327.8832,13327.8832,7453.8252,13327.8832,13327.8832,
8/7/2024 1:00:00 PM,01TRUSTSOL_G01,N,N,N,13327.8832,13327.8832,7677.2832,13327.8832,13327.8832,
8/7/2024 1:00:00 PM,01T_ASIA_G01,N,N,N,13489.4891,13489.4891,12657.7474,13489.4891,13489.4891,
8/7/2024 1:00:00 PM,01T_ASI_T3L1,N,N,N,13489.4891,13489.4891,7957.3788,13489.4891,13489.4891,
8/7/2024 1:00:00 PM,01UPPC_G01,N,N,N,13327.8832,13327.8832,7453.8252,13327.8832,13327.8832,
8/7/2024 1:00:00 PM,01VSGRIP_G01,N,N,N,13582.7737,13582.7737,7794.2060,13582.7737,13582.7737,
8/7/2024 1:00:00 PM,01YHGRN_G01,N,N,N,13041.4599,13041.4599,8143.8518,13041.4599,13041.4599,
8/7/2024 1:00:00 PM,01ZAMSOL_G01,N,N,N,12954.7445,12954.7445,9028.8369,12954.7445,12954.7445,
8/7/2024 1:00:00 PM,02ARANE_T1L1,N,N,N,13737.8102,13737.8102,7957.3788,13737.8102,13737.8102,
8/7/2024 1:00:00 PM,02BALNT_T1L1,N,N,N,13632.7007,13632.7007,7957.3788,13632.7007,13632.7007,
8/7/2024 1:00:00 PM,02DOLOR_T1L1,N,N,N,13670.8029,13670.8029,7957.3788,13670.8029,13670.8029,
8/7/2024 1:00:00 PM,02ECOPRK_G01,N,N,N,13632.7007,13632.7007,9621.3166,13632.7007,13632.7007,
8/7/2024 1:00:00 PM,02ECOTAGA_G01,N,N,N,13632.7007,13632.7007,10972.0377,13632.7007,13632.7007,
8/7/2024 1:00:00 PM,02MMPP_G01,N,N,N,13632.7007,13632.7007,7581.8045,13632.7007,13632.7007,
8/7/2024 1:00:00 PM,02PACO_T1L1,N,N,N,13764.0876,13764.0876,7957.3788,13764.0876,13764.0876,
8/7/2024 1:00:00 PM,02PNGEA_G01,N,N,N,13632.7007,13632.7007,7484.2606,13632.7007,13632.7007,
8/7/2024 1:00:00 PM,02PNGYSOL_G01,N,N,N,13670.8029,13670.8029,8148.2173,13670.8029,13670.8029,
8/7/2024 1:00:00 PM,02SMNRTH_G01,N,N,N,13632.7007,13632.7007,7581.8045,13632.7007,13632.7007,
8/7/2024 1:00:00 PM,02SUCAT_T1L1,N,N,N,13698.3942,13698.3942,7957.3788,13698.3942,13698.3942,
8/7/2024 1:00:00 PM,02TMOBIL_G01,N,N,N,13632.7007,13632.7007,12868.8091,13632.7007,13632.7007,
8/7/2024 1:00:00 PM,02TMOBIL_G02,N,N,N,13632.7007,13632.7007,7581.8045,13632.7007,13632.7007,
8/7/2024 1:00:00 PM,02TMOBIL_G03,N,N,N,13632.7007,13632.7007,8419.4190,13632.7007,13632.7007,
8/7/2024 1:00:00 PM,02TMOBIL_G04,N,N,N,13632.7007,13632.7007,1273.9768,13632.7007,13632.7007,
8/7/2024 1:00:00 PM,02VALSOL_G01,N,N,N,13632.7007,13632.7007,9465.7193,13632.7007,13632.7007,
8/7/2024 1:00:00 PM,02ZAPOT_SS,N,N,N,13653.7226,13653.7226,7957.3788,13653.7226,13653.7226,
8/7/2024 1:00:00 PM,02ZAPOT_T1L1,N,N,N,13680,13680,7957.3788,13680,13680,
8/7/2024 1:00:00 PM,03ADISOL_G01,N,N,N,13291.0949,13291.0949,6036.5480,13291.0949,13291.0949,
8/7/2024 1:00:00 PM,03ALMNOS_BAT1,N,N,N,13467.1533,13467.1533,7487.6849,13467.1533,13467.1533,
8/7/2024 1:00:00 PM,03ALMNOS_BAT2,N,N,N,13467.1533,13467.1533,7487.6849,13467.1533,13467.1533,
8/7/2024 1:00:00 PM,03AMADEO_T1L1,N,N,N,13521.0219,13521.0219,7957.3788,13521.0219,13521.0219,
8/7/2024 1:00:00 PM,03AVION_SS,N,N,N,13247.7372,13247.7372,7957.3788,13247.7372,13247.7372,
8/7/2024 1:00:00 PM,03AVION_U01,N,N,N,13246.4234,13246.4234,7224.1426,13246.4234,13246.4234,
8/7/2024 1:00:00 PM,03AVION_U02,N,N,N,13246.4234,13246.4234,9043.1329,13246.4234,13246.4234,
8/7/2024 1:00:00 PM,03AWOC_G01,N,N,N,13670.8029,13670.8029,4269.0017,13670.8029,13670.8029,
8/7/2024 1:00:00 PM,03BACMAN_SS,N,N,N,12835.1825,12835.1825,7957.3788,12835.1825,12835.1825,
8/7/2024 1:00:00 PM,03BACMAN_U01,N,N,N,12777.3723,12777.3723,7027.5553,12777.3723,12777.3723,
8/7/2024 1:00:00 PM,03BACMAN_U02,N,N,N,12778.6861,12778.6861,7011.0840,12778.6861,12778.6861,
8/7/2024 1:00:00 PM,03BACMAN_U03,N,N,N,12831.2409,12831.2409,7253.3636,12831.2409,12831.2409,
8/7/2024 1:00:00 PM,03BALUG_G01,N,N,N,13444.8175,13444.8175,6165.4014,13444.8175,13444.8175,
8/7/2024 1:00:00 PM,03BART_G01,N,N,N,13075.6204,13075.6204,7198.1284,13075.6204,13075.6204,
8/7/2024 1:00:00 PM,03BATAN_SS,N,N,N,13308.1752,13308.1752,7957.3788,13308.1752,13308.1752,
8/7/2024 1:00:00 PM,03BATAN_T1L2,N,N,N,13321.3139,13321.3139,7957.3788,13321.3139,13321.3139,
8/7/2024 1:00:00 PM,03BATAN_T2L2,N,N,N,13313.4307,13313.4307,7957.3788,13313.4307,13313.4307,
8/7/2024 1:00:00 PM,03BAT_BTLEC2,N,N,N,13343.6496,13343.6496,7957.3788,13343.6496,13343.6496,
8/7/2024 1:00:00 PM,03BAT_LIP01,N,N,N,13313.4307,13313.4307,7957.3788,13313.4307,13313.4307,
8/7/2024 1:00:00 PM,03BAT_LIP02,N,N,N,13313.4307,13313.4307,7957.3788,13313.4307,13313.4307,
8/7/2024 1:00:00 PM,03BAT_MECO,N,N,N,13313.4307,13313.4307,7957.3788,13313.4307,13313.4307,
8/7/2024 1:00:00 PM,03BAT_MECO1,N,N,N,13343.6496,13343.6496,7957.3788,13343.6496,13343.6496,
8/7/2024 1:00:00 PM,03BAT_MECO2,N,N,N,13343.6496,13343.6496,7957.3788,13343.6496,13343.6496,
8/7/2024 1:00:00 PM,03BAT_ROS01,N,N,N,13343.6496,13343.6496,7957.3788,13343.6496,13343.6496,
8/7/2024 1:00:00 PM,03BAT_T1L1,N,N,N,13321.3139,13321.3139,7957.3788,13321.3139,13321.3139,
8/7/2024 1:00:00 PM,03BAT_T2L1,N,N,N,13313.4307,13313.4307,7957.3788,13313.4307,13313.4307,
8/7/2024 1:00:00 PM,03BBEC_G01,N,N,N,13075.6204,13075.6204,7194.8013,13075.6204,13075.6204,
8/7/2024 1:00:00 PM,03BINAN_SS,N,N,N,13591.9708,13591.9708,7957.3788,13591.9708,13591.9708,
8/7/2024 1:00:00 PM,03BINAN_T1L1,N,N,N,13609.0511,13609.0511,7957.3788,13609.0511,13609.0511,
8/7/2024 1:00:00 PM,03BOTOCA_G01,N,N,N,13443.5036,13443.5036,7463.8342,13443.5036,13443.5036,
8/7/2024 1:00:00 PM,03BOTOCA_L01,N,N,N,13444.8175,13444.8175,7957.3788,13444.8175,13444.8175,
8/7/2024 1:00:00 PM,03BOTOCA_SS,N,N,N,13443.5036,13443.5036,7957.3788,13443.5036,13443.5036,
8/7/2024 1:00:00 PM,03CADPI_G01,N,N,N,13291.0949,13291.0949,7278.9035,13291.0949,13291.0949,
8/7/2024 1:00:00 PM,03CALACA_G01,N,N,N,13250.3650,13250.3650,7433.8452,13250.3650,13250.3650,
8/7/2024 1:00:00 PM,03CALACA_G02,N,N,N,13283.2117,13283.2117,5228.3010,13283.2117,13283.2117,
8/7/2024 1:00:00 PM,03CALAMBA_L01,N,N,N,13576.2044,13576.2044,7957.3788,13576.2044,13576.2044,
8/7/2024 1:00:00 PM,03CALAMBA_SS,N,N,N,13551.2409,13551.2409,7957.3788,13551.2409,13551.2409,
8/7/2024 1:00:00 PM,03CALAU_SS,N,N,N,13597.2263,13597.2263,7957.3788,13597.2263,13597.2263,
8/7/2024 1:00:00 PM,03CALAU_T1L1,N,N,N,13619.5620,13619.5620,7957.3788,13619.5620,13619.5620,
8/7/2024 1:00:00 PM,03CALIRY_G01,N,N,N,13442.1898,13442.1898,7458.7280,13442.1898,13442.1898,
8/7/2024 1:00:00 PM,03CALIRY_SS,N,N,N,13442.1898,13442.1898,7957.3788,13442.1898,13442.1898,
8/7/2024 1:00:00 PM,03CALIRY_SS1,N,N,N,13444.8175,13444.8175,7957.3788,13444.8175,13444.8175,
8/7/2024 1:00:00 PM,03CALIR_TAL1,N,N,N,13450.0730,13450.0730,7957.3788,13450.0730,13450.0730,
8/7/2024 1:00:00 PM,03CALI_FLECO,N,N,N,13450.0730,13450.0730,7957.3788,13450.0730,13450.0730,
8/7/2024 1:00:00 PM,03CALSOL_G01,N,N,N,13291.0949,13291.0949,9851.5059,13291.0949,13291.0949,
8/7/2024 1:00:00 PM,03CLABSOL_G01,N,N,N,13075.6204,13075.6204,7197.8090,13075.6204,13075.6204,
8/7/2024 1:00:00 PM,03CLACA_SS,N,N,N,13494.7445,13494.7445,7957.3788,13494.7445,13494.7445,
8/7/2024 1:00:00 PM,03CLA_BCNOT,N,N,N,13256.9343,13256.9343,7957.3788,13256.9343,13256.9343,
8/7/2024 1:00:00 PM,03CLA_BTLEC1,N,N,N,13291.0949,13291.0949,7957.3788,13291.0949,13291.0949,
8/7/2024 1:00:00 PM,03CLA_STLCOR,N,N,N,13291.0949,13291.0949,7957.3788,13291.0949,13291.0949,
8/7/2024 1:00:00 PM,03CLA_T1L1,N,N,N,13291.0949,13291.0949,7957.3788,13291.0949,13291.0949,
8/7/2024 1:00:00 PM,03CLBATO_G01,N,N,N,13619.5620,13619.5620,7449.1405,13619.5620,13619.5620,
8/7/2024 1:00:00 PM,03COLASI_G01,N,N,N,13333.1387,13333.1387,8763.6122,13333.1387,13333.1387,
8/7/2024 1:00:00 PM,03DARAG_SS,N,N,N,12956.0584,12956.0584,7957.3788,12956.0584,12956.0584,
8/7/2024 1:00:00 PM,03DARAG_T1L1,N,N,N,13138.6861,13138.6861,7957.3788,13138.6861,13138.6861,
8/7/2024 1:00:00 PM,03DAR_ALECO,N,N,N,12975.7664,12975.7664,7957.3788,12975.7664,12975.7664,
8/7/2024 1:00:00 PM,03DAR_SRECO2,N,N,N,12978.3942,12978.3942,7957.3788,12978.3942,12978.3942,
8/7/2024 1:00:00 PM,03DAR_STDOM,N,N,N,12975.7664,12975.7664,7957.3788,12975.7664,12975.7664,
8/7/2024 1:00:00 PM,03DASMA_L01,N,N,N,13552.5547,13552.5547,7957.3788,13552.5547,13552.5547,
8/7/2024 1:00:00 PM,03DASMA_SS,N,N,N,13501.3139,13501.3139,7957.3788,13501.3139,13501.3139,
8/7/2024 1:00:00 PM,03EERI_G01,N,N,N,13220.1460,13220.1460,7295.4335,13220.1460,13220.1460,
8/7/2024 1:00:00 PM,03EERI_G02,N,N,N,13220.1460,13220.1460,10491.1423,13220.1460,13220.1460,
8/7/2024 1:00:00 PM,03EERI_G03,N,N,N,13138.6861,13138.6861,7433.8452,13138.6861,13138.6861,
8/7/2024 1:00:00 PM,03EERI_L01,N,N,N,13220.1460,13220.1460,7957.3788,13220.1460,13220.1460,
8/7/2024 1:00:00 PM,03EERI_SS,N,N,N,13220.1460,13220.1460,7957.3788,13220.1460,13220.1460,
8/7/2024 1:00:00 PM,03GUMAC_SS,N,N,N,13452.7007,13452.7007,7957.3788,13452.7007,13452.7007,
8/7/2024 1:00:00 PM,03GUMAC_T1L1,N,N,N,13460.5839,13460.5839,7957.3788,13460.5839,13460.5839,
8/7/2024 1:00:00 PM,03GUMAC_T1L2,N,N,N,13460.5839,13460.5839,7957.3788,13460.5839,13460.5839,
8/7/2024 1:00:00 PM,03GUMAC_T1L3,N,N,N,13460.5839,13460.5839,7957.3788,13460.5839,13460.5839,
8/7/2024 1:00:00 PM,03GUMAC_T1L4,N,N,N,13460.5839,13460.5839,7957.3788,13460.5839,13460.5839,
8/7/2024 1:00:00 PM,03ILI500_SS,N,N,N,13220.1460,13220.1460,7957.3788,13220.1460,13220.1460,
8/7/2024 1:00:00 PM,03ILIJAN_G01,N,N,N,13214.8905,13214.8905,8007.4662,13214.8905,13214.8905,
8/7/2024 1:00:00 PM,03ILIJAN_G02,N,N,N,13216.2044,13216.2044,7333.8655,13216.2044,13216.2044,
8/7/2024 1:00:00 PM,03ILIJAN_SS,N,N,N,13214.8905,13214.8905,7957.3788,13214.8905,13214.8905,
8/7/2024 1:00:00 PM,03ILIJAN_SS2,N,N,N,13216.2044,13216.2044,7957.3788,13216.2044,13216.2044,
8/7/2024 1:00:00 PM,03INARI_G01,N,N,N,13075.6204,13075.6204,6358.4109,13075.6204,13075.6204,
8/7/2024 1:00:00 PM,03INGRID_GS1,N,N,N,13589.3431,13589.3431,11948.4774,13589.3431,13589.3431,
8/7/2024 1:00:00 PM,03INGRID_GS2,N,N,N,13589.3431,13589.3431,8047.4745,13589.3431,13589.3431,
8/7/2024 1:00:00 PM,03INGRID_GS3,N,N,N,13589.3431,13589.3431,12314.4692,13589.3431,13589.3431,
8/7/2024 1:00:00 PM,03INGRID_GS4,N,N,N,13589.3431,13589.3431,12267.3857,13589.3431,13589.3431,
8/7/2024 1:00:00 PM,03INGRID_GS5,N,N,N,13589.3431,13589.3431,12743.0868,13589.3431,13589.3431,
8/7/2024 1:00:00 PM,03INGRID_GS6,N,N,N,13589.3431,13589.3431,11951.1017,13589.3431,13589.3431,
8/7/2024 1:00:00 PM,03KAL_E_T1L1,N,N,N,13506.5693,13506.5693,7957.3788,13506.5693,13506.5693,
8/7/2024 1:00:00 PM,03KAL_G01,N,N,N,13505.2555,13505.2555,7499.4369,13505.2555,13505.2555,
8/7/2024 1:00:00 PM,03KAL_G02,N,N,N,13505.2555,13505.2555,6474.2460,13505.2555,13505.2555,
8/7/2024 1:00:00 PM,03KAL_G03,N,N,N,13498.6861,13498.6861,8078.6176,13498.6861,13498.6861,
8/7/2024 1:00:00 PM,03KAL_G04,N,N,N,13500,13500,7890.7326,13500,13500,
8/7/2024 1:00:00 PM,03KAL_SS,N,N,N,13505.2555,13505.2555,7957.3788,13505.2555,13505.2555,
8/7/2024 1:00:00 PM,03LABO_SS,N,N,N,13316.0584,13316.0584,7957.3788,13316.0584,13316.0584,
8/7/2024 1:00:00 PM,03LABO_T1L1,N,N,N,13333.1387,13333.1387,7957.3788,13333.1387,13333.1387,
8/7/2024 1:00:00 PM,03LABO_T1L2,N,N,N,13333.1387,13333.1387,7957.3788,13333.1387,13333.1387,
8/7/2024 1:00:00 PM,03LMHP_G01,N,N,N,12928.4672,12928.4672,7142.8032,12928.4672,12928.4672,
8/7/2024 1:00:00 PM,03LUMBAN_BAT,N,N,N,13506.5693,13506.5693,7499.8921,13506.5693,13506.5693,
8/7/2024 1:00:00 PM,03LUMBAN_BATL,N,N,N,13506.5693,13506.5693,7957.3788,13506.5693,13506.5693,
8/7/2024 1:00:00 PM,03LUMBAN_SS,N,N,N,13506.5693,13506.5693,7957.3788,13506.5693,13506.5693,
8/7/2024 1:00:00 PM,03LWERLAB_G01,N,N,N,13500,13500,7185.2168,13500,13500,
8/7/2024 1:00:00 PM,03MAJAY_G01,N,N,N,13444.8175,13444.8175,6730.3074,13444.8175,13444.8175,
8/7/2024 1:00:00 PM,03MAKBA_T3L1,N,N,N,13138.6861,13138.6861,7957.3788,13138.6861,13138.6861,
8/7/2024 1:00:00 PM,03MAKBA_T3L2,N,N,N,13138.6861,13138.6861,7957.3788,13138.6861,13138.6861,
8/7/2024 1:00:00 PM,03MALAYA_G01,N,N,N,13590.6569,13590.6569,7557.1537,13590.6569,13590.6569,
8/7/2024 1:00:00 PM,03MALAYA_G02,N,N,N,13138.6861,13138.6861,1271.2206,13138.6861,13138.6861,
8/7/2024 1:00:00 PM,03MEC_G01,N,N,N,13552.5547,13552.5547,8683.9158,13552.5547,13552.5547,
8/7/2024 1:00:00 PM,03MGI_G02,N,N,N,13619.5620,13619.5620,7568.6769,13619.5620,13619.5620,
8/7/2024 1:00:00 PM,03MGPP_G01,N,N,N,13619.5620,13619.5620,7599.10,13619.5620,13619.5620,
8/7/2024 1:00:00 PM,03MKBNA_SS,N,N,N,13468.4672,13468.4672,7957.3788,13468.4672,13468.4672,
8/7/2024 1:00:00 PM,03MKBNB_SS,N,N,N,13138.6861,13138.6861,7957.3788,13138.6861,13138.6861,
8/7/2024 1:00:00 PM,03MKBNC_SS,N,N,N,13138.6861,13138.6861,7957.3788,13138.6861,13138.6861,
8/7/2024 1:00:00 PM,03MKBND_SS,N,N,N,13464.5255,13464.5255,7957.3788,13464.5255,13464.5255,
8/7/2024 1:00:00 PM,03MKBNE_SS,N,N,N,13467.1533,13467.1533,7957.3788,13467.1533,13467.1533,
8/7/2024 1:00:00 PM,03MKBN_A,N,N,N,13390.9489,13390.9489,7596.3357,13390.9489,13390.9489,
8/7/2024 1:00:00 PM,03MKBN_B,N,N,N,13457.9562,13457.9562,6990.8294,13457.9562,13457.9562,
8/7/2024 1:00:00 PM,03MKBN_C,N,N,N,13138.6861,13138.6861,7433.8452,13138.6861,13138.6861,
8/7/2024 1:00:00 PM,03MKBN_D,N,N,N,13457.9562,13457.9562,7524.6713,13457.9562,13457.9562,
8/7/2024 1:00:00 PM,03MKBN_E,N,N,N,13467.1533,13467.1533,7574.2432,13467.1533,13467.1533,
8/7/2024 1:00:00 PM,03MKBN_SLACE,N,N,N,13467.1533,13467.1533,7957.3788,13467.1533,13467.1533,
8/7/2024 1:00:00 PM,03MLAYA_L01,N,N,N,13590.6569,13590.6569,7957.3788,13590.6569,13590.6569,
8/7/2024 1:00:00 PM,03MLAYA_SS,N,N,N,13590.6569,13590.6569,7957.3788,13590.6569,13590.6569,
8/7/2024 1:00:00 PM,03MLAYA_SS1,N,N,N,13590.6569,13590.6569,7957.3788,13590.6569,13590.6569,
8/7/2024 1:00:00 PM,03MLAYA_T2L1,N,N,N,13590.6569,13590.6569,7957.3788,13590.6569,13590.6569,
8/7/2024 1:00:00 PM,03MLAYA_T2L2,N,N,N,13138.6861,13138.6861,7957.3788,13138.6861,13138.6861,
8/7/2024 1:00:00 PM,03NAG_CSRC2B,N,N,N,13075.6204,13075.6204,7957.3788,13075.6204,13075.6204,
8/7/2024 1:00:00 PM,03NAG_CSRCO1,N,N,N,13075.6204,13075.6204,7957.3788,13075.6204,13075.6204,
8/7/2024 1:00:00 PM,03NAG_CSRCO2,N,N,N,13075.6204,13075.6204,7957.3788,13075.6204,13075.6204,
8/7/2024 1:00:00 PM,03NAG_CSRCO3,N,N,N,13075.6204,13075.6204,7957.3788,13075.6204,13075.6204,
8/7/2024 1:00:00 PM,03NAG_CSRCO4,N,N,N,13075.6204,13075.6204,7957.3788,13075.6204,13075.6204,
8/7/2024 1:00:00 PM,03NAG_SS,N,N,N,13075.6204,13075.6204,7957.3788,13075.6204,13075.6204,
8/7/2024 1:00:00 PM,03ORMAT_G01,N,N,N,13467.1533,13467.1533,8377.6748,13467.1533,13467.1533,
8/7/2024 1:00:00 PM,03ORMAT_SS,N,N,N,13467.1533,13467.1533,7957.3788,13467.1533,13467.1533,
8/7/2024 1:00:00 PM,03PAGBIL_G01,N,N,N,13159.7080,13159.7080,7321.7685,13159.7080,13159.7080,
8/7/2024 1:00:00 PM,03PAGBIL_G02,N,N,N,13158.3942,13158.3942,7768.9412,13158.3942,13158.3942,
8/7/2024 1:00:00 PM,03PAGBIL_G03,N,N,N,13154.4526,13154.4526,8195.6201,13154.4526,13154.4526,
8/7/2024 1:00:00 PM,03PAGEHV_SS,N,N,N,13201.7518,13201.7518,7957.3788,13201.7518,13201.7518,
8/7/2024 1:00:00 PM,03PALAK_G01,N,N,N,13619.5620,13619.5620,7077.3432,13619.5620,13619.5620,
8/7/2024 1:00:00 PM,03PALAYAN_G01,N,N,N,13138.6861,13138.6861,7435.64,13138.6861,13138.6861,
8/7/2024 1:00:00 PM,03PGBIL_SS,N,N,N,13159.7080,13159.7080,7957.3788,13159.7080,13159.7080,
8/7/2024 1:00:00 PM,03PGBIL_SS1,N,N,N,13159.7080,13159.7080,7957.3788,13159.7080,13159.7080,
8/7/2024 1:00:00 PM,03PGBIL_SS2,N,N,N,13159.7080,13159.7080,7957.3788,13159.7080,13159.7080,
8/7/2024 1:00:00 PM,03QPPL_G01,N,N,N,12928.4672,12928.4672,8252.6157,12928.4672,12928.4672,
8/7/2024 1:00:00 PM,03QPPL_SU1,N,N,N,12928.4672,12928.4672,7957.3788,12928.4672,12928.4672,
8/7/2024 1:00:00 PM,03QPPL_T5L1,N,N,N,12928.4672,12928.4672,7957.3788,12928.4672,12928.4672,
8/7/2024 1:00:00 PM,03RCBMI_G01,N,N,N,13313.4307,13313.4307,7441.5263,13313.4307,13313.4307,
8/7/2024 1:00:00 PM,03RCBMI_G02,N,N,N,13313.4307,13313.4307,7441.5263,13313.4307,13313.4307,
8/7/2024 1:00:00 PM,03SBPL_G01,N,N,N,12928.4672,12928.4672,8283.8776,12928.4672,12928.4672,
8/7/2024 1:00:00 PM,03SBPL_L01,N,N,N,12928.4672,12928.4672,7957.3788,12928.4672,12928.4672,
8/7/2024 1:00:00 PM,03SLPGC_G01,N,N,N,13138.6861,13138.6861,2737.0547,13138.6861,13138.6861,
8/7/2024 1:00:00 PM,03SLPGC_G02,N,N,N,13216.2044,13216.2044,8033.3391,13216.2044,13216.2044,
8/7/2024 1:00:00 PM,03SLPGC_SS,N,N,N,13280.5839,13280.5839,7957.3788,13280.5839,13280.5839,
8/7/2024 1:00:00 PM,03SLTEC_G01,N,N,N,13138.6861,13138.6861,6495.8151,13138.6861,13138.6861,
8/7/2024 1:00:00 PM,03SLTEC_G02,N,N,N,13252.9927,13252.9927,9210.7520,13252.9927,13252.9927,
8/7/2024 1:00:00 PM,03SLTEC_SS,N,N,N,13256.9343,13256.9343,7957.3788,13256.9343,13256.9343,
8/7/2024 1:00:00 PM,03SNGAB_G01,N,N,N,13217.5182,13217.5182,9560.8169,13217.5182,13217.5182,
8/7/2024 1:00:00 PM,03SNGAB_S01,N,N,N,13217.5182,13217.5182,7957.3788,13217.5182,13217.5182,
8/7/2024 1:00:00 PM,03SOLACE_G01,N,N,N,13467.1533,13467.1533,7634.3677,13467.1533,13467.1533,
8/7/2024 1:00:00 PM,03STA-RI_G01,N,N,N,13138.6861,13138.6861,7719.1362,13138.6861,13138.6861,
8/7/2024 1:00:00 PM,03STA-RI_G02,N,N,N,13138.6861,13138.6861,5947.1639,13138.6861,13138.6861,
8/7/2024 1:00:00 PM,03STA-RI_G03,N,N,N,13246.4234,13246.4234,8360.5495,13246.4234,13246.4234,
8/7/2024 1:00:00 PM,03STA-RI_G04,N,N,N,13246.4234,13246.4234,8374.6394,13246.4234,13246.4234,
8/7/2024 1:00:00 PM,03STA-RI_G05,N,N,N,13243.7956,13243.7956,8410.1456,13243.7956,13243.7956,
8/7/2024 1:00:00 PM,03STA-RI_G06,N,N,N,13243.7956,13243.7956,9892.3480,13243.7956,13243.7956,
8/7/2024 1:00:00 PM,03STAR_SS1,N,N,N,13250.3650,13250.3650,7957.3788,13250.3650,13250.3650,
8/7/2024 1:00:00 PM,03STAR_SS2,N,N,N,13138.6861,13138.6861,7957.3788,13138.6861,13138.6861,
8/7/2024 1:00:00 PM,03STAR_SS3,N,N,N,13246.4234,13246.4234,7957.3788,13246.4234,13246.4234,
8/7/2024 1:00:00 PM,03STAR_SS4,N,N,N,13246.4234,13246.4234,7957.3788,13246.4234,13246.4234,
8/7/2024 1:00:00 PM,03STAR_SS5,N,N,N,13243.7956,13243.7956,7957.3788,13243.7956,13243.7956,
8/7/2024 1:00:00 PM,03STAR_SS6,N,N,N,13243.7956,13243.7956,7957.3788,13243.7956,13243.7956,
8/7/2024 1:00:00 PM,03STROS_T1L1,N,N,N,13622.1898,13622.1898,7957.3788,13622.1898,13622.1898,
8/7/2024 1:00:00 PM,03TAYAB_SS,N,N,N,13212.2628,13212.2628,7957.3788,13212.2628,13212.2628,
8/7/2024 1:00:00 PM,03TAYAB_T1L1,N,N,N,13212.2628,13212.2628,7957.3788,13212.2628,13212.2628,
8/7/2024 1:00:00 PM,03TAYAB_T1L2,N,N,N,13212.2628,13212.2628,7957.3788,13212.2628,13212.2628,
8/7/2024 1:00:00 PM,03TGPP_G01,N,N,N,12969.1971,12969.1971,7592.6875,12969.1971,12969.1971,
8/7/2024 1:00:00 PM,03TGPP_L01,N,N,N,12969.1971,12969.1971,7957.3788,12969.1971,12969.1971,
8/7/2024 1:00:00 PM,03TIBAG_G01,N,N,N,13500,13500,7498.1384,13500,13500,
8/7/2024 1:00:00 PM,03TIWIA_SS,N,N,N,12974.4526,12974.4526,7957.3788,12974.4526,12974.4526,
8/7/2024 1:00:00 PM,03TIWIC_L01,N,N,N,13138.6861,13138.6861,7957.3788,13138.6861,13138.6861,
8/7/2024 1:00:00 PM,03TIWIC_SS,N,N,N,12974.4526,12974.4526,7957.3788,12974.4526,12974.4526,
8/7/2024 1:00:00 PM,03TIWI_A,N,N,N,12974.4526,12974.4526,7513.5872,12974.4526,12974.4526,
8/7/2024 1:00:00 PM,03TIWI_C,N,N,N,12974.4526,12974.4526,7186.4192,12974.4526,12974.4526,
8/7/2024 1:00:00 PM,03UPLAB_G01,N,N,N,13506.5693,13506.5693,7509.1449,13506.5693,13506.5693,
8/7/2024 1:00:00 PM,04BABAT_SS,N,N,N,14202.9197,14202.9197,7957.3788,14202.9197,14202.9197,
8/7/2024 1:00:00 PM,04BABAT_T1L1,N,N,N,14214.7445,14214.7445,7957.3788,14214.7445,14214.7445,
8/7/2024 1:00:00 PM,04BAGLI_T1L1,N,N,N,14221.3139,14221.3139,7957.3788,14221.3139,14221.3139,
8/7/2024 1:00:00 PM,04BAGLI_T1L2,N,N,N,14221.3139,14221.3139,7957.3788,14221.3139,14221.3139,
8/7/2024 1:00:00 PM,04BILGPP_G01,N,N,N,13564.3796,13564.3796,8093.4043,13564.3796,13564.3796,
8/7/2024 1:00:00 PM,04CLBYBNK_G01,N,N,N,14629.9270,14629.9270,3176.6656,14629.9270,14629.9270,
8/7/2024 1:00:00 PM,04CLBYOG_L02,N,N,N,14629.9270,14629.9270,7957.3788,14629.9270,14629.9270,
8/7/2024 1:00:00 PM,04CLBYOG_SS,N,N,N,14619.4161,14619.4161,7957.3788,14619.4161,14619.4161,
8/7/2024 1:00:00 PM,04IASMOD_G01,N,N,N,13552.5547,13552.5547,5455.7757,13552.5547,13552.5547,
8/7/2024 1:00:00 PM,04IASMOD_G02,N,N,N,13552.5547,13552.5547,6490.5743,13552.5547,13552.5547,
8/7/2024 1:00:00 PM,04IASMOD_G03,N,N,N,13552.5547,13552.5547,6852.1875,13552.5547,13552.5547,
8/7/2024 1:00:00 PM,04IASMOD_G04,N,N,N,13552.5547,13552.5547,6419.3556,13552.5547,13552.5547,
8/7/2024 1:00:00 PM,04IASMOD_G05,N,N,N,13552.5547,13552.5547,6842.0715,13552.5547,13552.5547,
8/7/2024 1:00:00 PM,04IASMOD_G06,N,N,N,13552.5547,13552.5547,6013.3550,13552.5547,13552.5547,
8/7/2024 1:00:00 PM,04ISABE_SS,N,N,N,13552.5547,13552.5547,7957.3788,13552.5547,13552.5547,
8/7/2024 1:00:00 PM,04ISABE_T1L1,N,N,N,13552.5547,13552.5547,7957.3788,13552.5547,13552.5547,
8/7/2024 1:00:00 PM,04ISABE_T2L1,N,N,N,13552.5547,13552.5547,7957.3788,13552.5547,13552.5547,
8/7/2024 1:00:00 PM,04ISABE_T3L1,N,N,N,13552.5547,13552.5547,7957.3788,13552.5547,13552.5547,
8/7/2024 1:00:00 PM,04ISABE_T4L2,N,N,N,13552.5547,13552.5547,7957.3788,13552.5547,13552.5547,
8/7/2024 1:00:00 PM,04ISABE_T5L2,N,N,N,13552.5547,13552.5547,7957.3788,13552.5547,13552.5547,
8/7/2024 1:00:00 PM,04LEYTE_A,N,N,N,13551.2409,13551.2409,8147.4675,13551.2409,13551.2409,
8/7/2024 1:00:00 PM,04LEYTE_S01,N,N,N,13551.2409,13551.2409,7957.3788,13551.2409,13551.2409,
8/7/2024 1:00:00 PM,04LGPP_G01,N,N,N,13490.8029,13490.8029,6897.3830,13490.8029,13490.8029,
8/7/2024 1:00:00 PM,04MAASI_SS,N,N,N,14682.4818,14682.4818,7957.3788,14682.4818,14682.4818,
8/7/2024 1:00:00 PM,04MAASI_T1L1,N,N,N,14725.8394,14725.8394,7957.3788,14725.8394,14725.8394,
8/7/2024 1:00:00 PM,04MAASI_T2L2,N,N,N,14725.8394,14725.8394,7957.3788,14725.8394,14725.8394,
8/7/2024 1:00:00 PM,04ORMOC_BAT,N,N,N,13564.3796,13564.3796,7913.8254,13564.3796,13564.3796,
8/7/2024 1:00:00 PM,04ORMOC_SS,N,N,N,13560.4380,13560.4380,7957.3788,13560.4380,13560.4380,
8/7/2024 1:00:00 PM,04ORMOC_T2L1,N,N,N,13564.3796,13564.3796,7957.3788,13564.3796,13564.3796,
8/7/2024 1:00:00 PM,04ORMOC_T2L2,N,N,N,13564.3796,13564.3796,7957.3788,13564.3796,13564.3796,
8/7/2024 1:00:00 PM,04PARA_SS,N,N,N,14465.6934,14465.6934,7957.3788,14465.6934,14465.6934,
8/7/2024 1:00:00 PM,04PHSOL_G01,N,N,N,13564.3796,13564.3796,6569.6157,13564.3796,13564.3796,
8/7/2024 1:00:00 PM,04SEPSOL_G01,N,N,N,13564.3796,13564.3796,9408.3455,13564.3796,13564.3796,
8/7/2024 1:00:00 PM,04SNAGU_L01,N,N,N,14629.9270,14629.9270,7957.3788,14629.9270,14629.9270,
8/7/2024 1:00:00 PM,04STAR_SS,N,N,N,14218.6861,14218.6861,7957.3788,14218.6861,14218.6861,
8/7/2024 1:00:00 PM,04TABAN_SS,N,N,N,13505.2555,13505.2555,7957.3788,13505.2555,13505.2555,
8/7/2024 1:00:00 PM,04TABAN_T1L1,N,N,N,13138.6861,13138.6861,7957.3788,13138.6861,13138.6861,
8/7/2024 1:00:00 PM,04TAFT_G01,N,N,N,14754.7445,14754.7445,9714.2882,14754.7445,14754.7445,
8/7/2024 1:00:00 PM,04TONGO_T2L2,N,N,N,13497.3723,13497.3723,7957.3788,13497.3723,13497.3723,
8/7/2024 1:00:00 PM,04WRIGH_T1L1,N,N,N,14468.3212,14468.3212,7957.3788,14468.3212,14468.3212,
8/7/2024 1:00:00 PM,04WRIGH_T2L2,N,N,N,14757.3723,14757.3723,7957.3788,14757.3723,14757.3723,
8/7/2024 1:00:00 PM,05BANIL_T1L1,N,N,N,13259.5620,13259.5620,7957.3788,13259.5620,13259.5620,
8/7/2024 1:00:00 PM,05BANIL_T1L2,N,N,N,13260.8759,13260.8759,7957.3788,13260.8759,13260.8759,
8/7/2024 1:00:00 PM,05BANIL_T1L3,N,N,N,13255.6204,13255.6204,7957.3788,13255.6204,13255.6204,
8/7/2024 1:00:00 PM,05CALUNG_CEP,N,N,N,12961.3139,12961.3139,7957.3788,12961.3139,12961.3139,
8/7/2024 1:00:00 PM,05CARMENDPP_U01,N,N,N,13020.4380,13020.4380,3216.4751,13020.4380,13020.4380,
8/7/2024 1:00:00 PM,05CARMENDPP_U02,N,N,N,13020.4380,13020.4380,3216.4751,13020.4380,13020.4380,
8/7/2024 1:00:00 PM,05CARMENDPP_U03,N,N,N,13020.4380,13020.4380,3216.4751,13020.4380,13020.4380,
8/7/2024 1:00:00 PM,05CARMENDPP_U04,N,N,N,13020.4380,13020.4380,7879.8519,13020.4380,13020.4380,
8/7/2024 1:00:00 PM,05CDPPI_SS1,N,N,N,13138.6861,13138.6861,7957.3788,13138.6861,13138.6861,
8/7/2024 1:00:00 PM,05CDPPI_SS2,N,N,N,13138.6861,13138.6861,7957.3788,13138.6861,13138.6861,
8/7/2024 1:00:00 PM,05CEBU_SS,N,N,N,13188.6131,13188.6131,7957.3788,13188.6131,13188.6131,
8/7/2024 1:00:00 PM,05CEDC_SS,N,N,N,12942.9197,12942.9197,7957.3788,12942.9197,12942.9197,
8/7/2024 1:00:00 PM,05CEDC_U01,N,N,N,12938.9781,12938.9781,8334.9849,12938.9781,12938.9781,
8/7/2024 1:00:00 PM,05CEDC_U02,N,N,N,12938.9781,12938.9781,8347.9442,12938.9781,12938.9781,
8/7/2024 1:00:00 PM,05CEDC_U03,N,N,N,12940.2920,12940.2920,8209.7003,12940.2920,12940.2920,
8/7/2024 1:00:00 PM,05CEMEX_L01,N,N,N,13138.6861,13138.6861,7957.3788,13138.6861,13138.6861,
8/7/2024 1:00:00 PM,05COLON_L01,N,N,N,13141.3139,13141.3139,7957.3788,13141.3139,13141.3139,
8/7/2024 1:00:00 PM,05COMPS_SS,N,N,N,13326.5693,13326.5693,7957.3788,13326.5693,13326.5693,
8/7/2024 1:00:00 PM,05COMPS_T1L1,N,N,N,13347.5912,13347.5912,7957.3788,13347.5912,13347.5912,
8/7/2024 1:00:00 PM,05COMPS_T2L2,N,N,N,13347.5912,13347.5912,7957.3788,13347.5912,13347.5912,
8/7/2024 1:00:00 PM,05CPPC_U01,N,N,N,13251.6788,13251.6788,7990.9823,13251.6788,13251.6788,
8/7/2024 1:00:00 PM,05CPPC_U02,N,N,N,13251.6788,13251.6788,7990.9823,13251.6788,13251.6788,
8/7/2024 1:00:00 PM,05CPPC_U03,N,N,N,13251.6788,13251.6788,7990.9823,13251.6788,13251.6788,
8/7/2024 1:00:00 PM,05CPPC_U04,N,N,N,13251.6788,13251.6788,7990.9823,13251.6788,13251.6788,
8/7/2024 1:00:00 PM,05CPPC_U05,N,N,N,13251.6788,13251.6788,7990.9823,13251.6788,13251.6788,
8/7/2024 1:00:00 PM,05CPPC_U06,N,N,N,13251.6788,13251.6788,12549.8208,13251.6788,13251.6788,
8/7/2024 1:00:00 PM,05CPPC_U07,N,N,N,13251.6788,13251.6788,7990.9823,13251.6788,13251.6788,
8/7/2024 1:00:00 PM,05CPPC_U08,N,N,N,13251.6788,13251.6788,7990.9823,13251.6788,13251.6788,
8/7/2024 1:00:00 PM,05CPPC_U09,N,N,N,13251.6788,13251.6788,7990.9823,13251.6788,13251.6788,
8/7/2024 1:00:00 PM,05CPPC_U10,N,N,N,13251.6788,13251.6788,7990.9823,13251.6788,13251.6788,
8/7/2024 1:00:00 PM,05DAANB_SS,N,N,N,13434.3066,13434.3066,7957.3788,13434.3066,13434.3066,
8/7/2024 1:00:00 PM,05DMAN_SS,N,N,N,12938.9781,12938.9781,7957.3788,12938.9781,12938.9781,
8/7/2024 1:00:00 PM,05DMA_L01,N,N,N,12914.0146,12914.0146,7957.3788,12914.0146,12914.0146,
8/7/2024 1:00:00 PM,05EAUC_U01,N,N,N,13375.1825,13375.1825,8055.3213,13375.1825,13375.1825,
8/7/2024 1:00:00 PM,05EAUC_U02,N,N,N,13375.1825,13375.1825,3276.6748,13375.1825,13375.1825,
8/7/2024 1:00:00 PM,05EAUC_U03,N,N,N,13375.1825,13375.1825,6520.4536,13375.1825,13375.1825,
8/7/2024 1:00:00 PM,05EAUC_U04,N,N,N,13375.1825,13375.1825,8055.3213,13375.1825,13375.1825,
8/7/2024 1:00:00 PM,05KSPC_G01,N,N,N,13138.6861,13138.6861,6308.7499,13138.6861,13138.6861,
8/7/2024 1:00:00 PM,05KSPC_G02,N,N,N,13126.8613,13126.8613,8007.3283,13126.8613,13126.8613,
8/7/2024 1:00:00 PM,05KSPC_SS1,N,N,N,13132.1168,13132.1168,7957.3788,13132.1168,13132.1168,
8/7/2024 1:00:00 PM,05KSPC_SS2,N,N,N,13126.8613,13126.8613,7957.3788,13126.8613,13126.8613,
8/7/2024 1:00:00 PM,05LAPU_SS,N,N,N,13358.1022,13358.1022,7957.3788,13358.1022,13358.1022,
8/7/2024 1:00:00 PM,05MCTAN_T1L1,N,N,N,13375.1825,13375.1825,7957.3788,13375.1825,13375.1825,
8/7/2024 1:00:00 PM,05MNDUE_SS,N,N,N,13341.0219,13341.0219,7957.3788,13341.0219,13341.0219,
8/7/2024 1:00:00 PM,05MNDUE_T1L1,N,N,N,13354.1606,13354.1606,7957.3788,13354.1606,13354.1606,
8/7/2024 1:00:00 PM,05MNDUE_T1L2,N,N,N,13354.1606,13354.1606,7957.3788,13354.1606,13354.1606,
8/7/2024 1:00:00 PM,05MNDUE_T1L4,N,N,N,13354.1606,13354.1606,7957.3788,13354.1606,13354.1606,
8/7/2024 1:00:00 PM,05MNDUE_T1L5,N,N,N,13354.1606,13354.1606,7957.3788,13354.1606,13354.1606,
8/7/2024 1:00:00 PM,05NAGA_T1L1,N,N,N,13138.6861,13138.6861,7957.3788,13138.6861,13138.6861,
8/7/2024 1:00:00 PM,05NAGA_T2L2,N,N,N,13138.6861,13138.6861,7957.3788,13138.6861,13138.6861,
8/7/2024 1:00:00 PM,05NAGLES_L01,N,N,N,13157.0803,13157.0803,7957.3788,13157.0803,13157.0803,
8/7/2024 1:00:00 PM,05NNAGVE_L01,N,N,N,13138.6861,13138.6861,7957.3788,13138.6861,13138.6861,
8/7/2024 1:00:00 PM,05NNAGVE_L02,N,N,N,13138.6861,13138.6861,7957.3788,13138.6861,13138.6861,
8/7/2024 1:00:00 PM,05QUIOT_T1L1,N,N,N,13251.6788,13251.6788,7957.3788,13251.6788,13251.6788,
8/7/2024 1:00:00 PM,05SAMB_L01,N,N,N,12797.0803,12797.0803,7957.3788,12797.0803,12797.0803,
8/7/2024 1:00:00 PM,05SAMB_L02,N,N,N,13138.6861,13138.6861,7957.3788,13138.6861,13138.6861,
8/7/2024 1:00:00 PM,05SAMB_SS,N,N,N,12797.0803,12797.0803,7957.3788,12797.0803,12797.0803,
8/7/2024 1:00:00 PM,05TALATR1_SS,N,N,N,12961.3139,12961.3139,7957.3788,12961.3139,12961.3139,
8/7/2024 1:00:00 PM,05TALAV_SS,N,N,N,12961.3139,12961.3139,7957.3788,12961.3139,12961.3139,
8/7/2024 1:00:00 PM,05TALAV_T1L1,N,N,N,12961.3139,12961.3139,7957.3788,12961.3139,12961.3139,
8/7/2024 1:00:00 PM,05TALIS_T1L1,N,N,N,13138.6861,13138.6861,7957.3788,13138.6861,13138.6861,
8/7/2024 1:00:00 PM,05THVI_SS1,N,N,N,13007.2993,13007.2993,7957.3788,13007.2993,13007.2993,
8/7/2024 1:00:00 PM,05THVI_SS2,N,N,N,13007.2993,13007.2993,7957.3788,13007.2993,13007.2993,
8/7/2024 1:00:00 PM,05THVI_U01,N,N,N,13007.2993,13007.2993,7878.2162,13007.2993,13007.2993,
8/7/2024 1:00:00 PM,05THVI_U02,N,N,N,13007.2993,13007.2993,7862.8052,13007.2993,13007.2993,
8/7/2024 1:00:00 PM,05TOLEDO_BAT,N,N,N,12961.3139,12961.3139,7848.8342,12961.3139,12961.3139,
8/7/2024 1:00:00 PM,05TOLSOL_G01,N,N,N,12961.3139,12961.3139,5088.2777,12961.3139,12961.3139,
8/7/2024 1:00:00 PM,05TOL_CARMEN,N,N,N,13020.4380,13020.4380,7957.3788,13020.4380,13020.4380,
8/7/2024 1:00:00 PM,05TPC_G01,N,N,N,13020.4380,13020.4380,7879.8519,13020.4380,13020.4380,
8/7/2024 1:00:00 PM,05TPC_G02,N,N,N,13020.4380,13020.4380,7825.1834,13020.4380,13020.4380,
8/7/2024 1:00:00 PM,05TPC_L01,N,N,N,13020.4380,13020.4380,7957.3788,13020.4380,13020.4380,
8/7/2024 1:00:00 PM,05TPC_S01,N,N,N,13020.4380,13020.4380,7957.3788,13020.4380,13020.4380,
8/7/2024 1:00:00 PM,05TPC_S02,N,N,N,13020.4380,13020.4380,7957.3788,13020.4380,13020.4380,
8/7/2024 1:00:00 PM,05TPVI_U01,N,N,N,13138.6861,13138.6861,3236.2180,13138.6861,13138.6861,
8/7/2024 1:00:00 PM,05TPVI_U02,N,N,N,13138.6861,13138.6861,3236.2180,13138.6861,13138.6861,
8/7/2024 1:00:00 PM,05TPVI_U03,N,N,N,13138.6861,13138.6861,4141.2365,13138.6861,13138.6861,
8/7/2024 1:00:00 PM,05TPVI_U04,N,N,N,13138.6861,13138.6861,3236.2180,13138.6861,13138.6861,
8/7/2024 1:00:00 PM,05TPVI_U05,N,N,N,13138.6861,13138.6861,3236.2180,13138.6861,13138.6861,
8/7/2024 1:00:00 PM,05TPVI_U06,N,N,N,13138.6861,13138.6861,3236.2180,13138.6861,13138.6861,
8/7/2024 1:00:00 PM,06AMLAN_SS,N,N,N,12710.3650,12710.3650,7957.3788,12710.3650,12710.3650,
8/7/2024 1:00:00 PM,06AMLAN_T1L1,N,N,N,12711.6788,12711.6788,7957.3788,12711.6788,12711.6788,
8/7/2024 1:00:00 PM,06AMLAN_T2L2,N,N,N,12711.6788,12711.6788,7957.3788,12711.6788,12711.6788,
8/7/2024 1:00:00 PM,06AMLA_G01,N,N,N,12711.6788,12711.6788,7699.0285,12711.6788,12711.6788,
8/7/2024 1:00:00 PM,06BACOL_SS,N,N,N,13145.2555,13145.2555,7957.3788,13145.2555,13145.2555,
8/7/2024 1:00:00 PM,06BACOL_T1L1,N,N,N,13143.9416,13143.9416,7957.3788,13143.9416,13143.9416,
8/7/2024 1:00:00 PM,06BACOL_T1L2,N,N,N,13143.9416,13143.9416,7957.3788,13143.9416,13143.9416,
8/7/2024 1:00:00 PM,06BACOL_T2L2,N,N,N,13143.9416,13143.9416,7957.3788,13143.9416,13143.9416,
8/7/2024 1:00:00 PM,06BACOL_T3L3,N,N,N,13143.9416,13143.9416,7957.3788,13143.9416,13143.9416,
8/7/2024 1:00:00 PM,06BBGPP_G01,N,N,N,13145.2555,13145.2555,8030.1679,13145.2555,13145.2555,
8/7/2024 1:00:00 PM,06BBGPP_L01,N,N,N,13145.2555,13145.2555,7957.3788,13145.2555,13145.2555,
8/7/2024 1:00:00 PM,06BCLBAS_LD1,N,N,N,13143.9416,13143.9416,7957.3788,13143.9416,13143.9416,
8/7/2024 1:00:00 PM,06BCL_SS,N,N,N,13141.3139,13141.3139,7957.3788,13141.3139,13141.3139,
8/7/2024 1:00:00 PM,06BISCOM_G01,N,N,N,13054.5985,13054.5985,7950.8123,13054.5985,13054.5985,
8/7/2024 1:00:00 PM,06CABI_G01,N,N,N,12711.6788,12711.6788,7699.0285,12711.6788,12711.6788,
8/7/2024 1:00:00 PM,06CADIZL_SS,N,N,N,13061.1679,13061.1679,7957.3788,13061.1679,13061.1679,
8/7/2024 1:00:00 PM,06CADIZL_T1L1,N,N,N,13061.1679,13061.1679,7957.3788,13061.1679,13061.1679,
8/7/2024 1:00:00 PM,06CADIZL_T1L2,N,N,N,13061.1679,13061.1679,7957.3788,13061.1679,13061.1679,
8/7/2024 1:00:00 PM,06CADIZL_T1L3,N,N,N,13061.1679,13061.1679,7957.3788,13061.1679,13061.1679,
8/7/2024 1:00:00 PM,06CADIZL_T1L4,N,N,N,13061.1679,13061.1679,7957.3788,13061.1679,13061.1679,
8/7/2024 1:00:00 PM,06CARSOL_G01,N,N,N,13143.9416,13143.9416,8885.1004,13143.9416,13143.9416,
8/7/2024 1:00:00 PM,06CAY_SS,N,N,N,13037.5182,13037.5182,7957.3788,13037.5182,13037.5182,
8/7/2024 1:00:00 PM,06CENPRI_U01,N,N,N,13143.9416,13143.9416,3290.5919,13143.9416,13143.9416,
8/7/2024 1:00:00 PM,06CENPRI_U02,N,N,N,13143.9416,13143.9416,3290.5919,13143.9416,13143.9416,
8/7/2024 1:00:00 PM,06CENPRI_U03,N,N,N,13143.9416,13143.9416,3290.5919,13143.9416,13143.9416,
8/7/2024 1:00:00 PM,06CENPRI_U04,N,N,N,13143.9416,13143.9416,8029.6861,13143.9416,13143.9416,
8/7/2024 1:00:00 PM,06CENPRI_U05,N,N,N,13143.9416,13143.9416,8029.6861,13143.9416,13143.9416,
8/7/2024 1:00:00 PM,06CLTRAVA_SS,N,N,N,13040.1460,13040.1460,7957.3788,13040.1460,13040.1460,
8/7/2024 1:00:00 PM,06FFHC_G01,N,N,N,13061.1679,13061.1679,7958.4826,13061.1679,13061.1679,
8/7/2024 1:00:00 PM,06GAHIT_SS,N,N,N,13112.4088,13112.4088,7957.3788,13112.4088,13112.4088,
8/7/2024 1:00:00 PM,06HELIOS_G01,N,N,N,13058.5401,13058.5401,8750.1074,13058.5401,13058.5401,
8/7/2024 1:00:00 PM,06HELIOS_S01,N,N,N,13058.5401,13058.5401,7957.3788,13058.5401,13058.5401,
8/7/2024 1:00:00 PM,06HPCO_G01,N,N,N,13138.6861,13138.6861,7934.47,13138.6861,13138.6861,
8/7/2024 1:00:00 PM,06HPCO_G02,N,N,N,13138.6861,13138.6861,7934.47,13138.6861,13138.6861,
8/7/2024 1:00:00 PM,06KABAN_BAT,N,N,N,13069.0511,13069.0511,11913.6153,13069.0511,13069.0511,
8/7/2024 1:00:00 PM,06KABAN_L01,N,N,N,13069.0511,13069.0511,7957.3788,13069.0511,13069.0511,
8/7/2024 1:00:00 PM,06KABAN_SS,N,N,N,13069.0511,13069.0511,7957.3788,13069.0511,13069.0511,
8/7/2024 1:00:00 PM,06KABAN_T1L1,N,N,N,13054.5985,13054.5985,7957.3788,13054.5985,13054.5985,
8/7/2024 1:00:00 PM,06KABAN_T2L2,N,N,N,13054.5985,13054.5985,7957.3788,13054.5985,13054.5985,
8/7/2024 1:00:00 PM,06MABIN_SS,N,N,N,12875.9124,12875.9124,7957.3788,12875.9124,12875.9124,
8/7/2024 1:00:00 PM,06MABIN_T1L1,N,N,N,12874.5985,12874.5985,7957.3788,12874.5985,12874.5985,
8/7/2024 1:00:00 PM,06MABIN_T2L2,N,N,N,12874.5985,12874.5985,7957.3788,12874.5985,12874.5985,
8/7/2024 1:00:00 PM,06MANSOL_G01,N,N,N,13061.1679,13061.1679,7218.0677,13061.1679,13061.1679,
8/7/2024 1:00:00 PM,06MNTSOL_G01,N,N,N,12711.6788,12711.6788,7388.3615,12711.6788,12711.6788,
8/7/2024 1:00:00 PM,06NASULO_G01,N,N,N,12609.1971,12609.1971,7610.5486,12609.1971,12609.1971,
8/7/2024 1:00:00 PM,06NTNEGB_G01,N,N,N,13138.6861,13138.6861,7934.47,13138.6861,13138.6861,
8/7/2024 1:00:00 PM,06PAL1A_G01,N,N,N,12593.4307,12593.4307,7602.4349,12593.4307,12593.4307,
8/7/2024 1:00:00 PM,06PAL1A_SS,N,N,N,12594.7445,12594.7445,7957.3788,12594.7445,12594.7445,
8/7/2024 1:00:00 PM,06PAL2A_U01,N,N,N,12609.1971,12609.1971,7587.4063,12609.1971,12609.1971,
8/7/2024 1:00:00 PM,06PAL2A_U02,N,N,N,12609.1971,12609.1971,7628.8954,12609.1971,12609.1971,
8/7/2024 1:00:00 PM,06PAL2A_U03,N,N,N,13138.6861,13138.6861,12176.7298,13138.6861,13138.6861,
8/7/2024 1:00:00 PM,06PAL2A_U04,N,N,N,13138.6861,13138.6861,9067.5333,13138.6861,13138.6861,
8/7/2024 1:00:00 PM,06PGPP2_SS,N,N,N,12611.8248,12611.8248,7957.3788,12611.8248,12611.8248,
8/7/2024 1:00:00 PM,06SACASL_G01,N,N,N,12974.4526,12974.4526,6009.2669,12974.4526,12974.4526,
8/7/2024 1:00:00 PM,06SACASL_G02,N,N,N,12974.4526,12974.4526,7629.2292,12974.4526,12974.4526,
8/7/2024 1:00:00 PM,06SACSUN_G01,N,N,N,12956.0584,12956.0584,6080.2481,12956.0584,12956.0584,
8/7/2024 1:00:00 PM,06SCBE_G01,N,N,N,13061.1679,13061.1679,7958.4826,13061.1679,13061.1679,
8/7/2024 1:00:00 PM,06SCBIOP_G01,N,N,N,12960,12960,3211.9440,12960,12960,
8/7/2024 1:00:00 PM,06SLYSOL_G01,N,N,N,13143.9416,13143.9416,6831.6108,13143.9416,13143.9416,
8/7/2024 1:00:00 PM,06SNCARLOS_SS,N,N,N,12975.7664,12975.7664,7957.3788,12975.7664,12975.7664,
8/7/2024 1:00:00 PM,06STNEGB_G01,N,N,N,13138.6861,13138.6861,7934.47,13138.6861,13138.6861,
8/7/2024 1:00:00 PM,06URC_G01,N,N,N,12874.5985,12874.5985,7816.2156,12874.5985,12874.5985,
8/7/2024 1:00:00 PM,06VMC_G01,N,N,N,13138.6861,13138.6861,7934.47,13138.6861,13138.6861,
8/7/2024 1:00:00 PM,06VMC_G02,N,N,N,13143.9416,13143.9416,8029.6861,13143.9416,13143.9416,
8/7/2024 1:00:00 PM,07BDPP_U01,N,N,N,24104,24104,21676.3587,24104,24104,
8/7/2024 1:00:00 PM,07BDPP_U02,N,N,N,24104,24104,21986.2939,24104,24104,
8/7/2024 1:00:00 PM,07BDPP_U03,N,N,N,24104,24104,21035,24104,24104,
8/7/2024 1:00:00 PM,07BDPP_U04,N,N,N,24104,24104,20864.2278,24104,24104,
8/7/2024 1:00:00 PM,07BOHOL_T1L1,N,N,N,23058.1606,23058.1606,7957.3788,23058.1606,23058.1606,
8/7/2024 1:00:00 PM,07BOHOL_T4L4,N,N,N,23058.1606,23058.1606,7957.3788,23058.1606,23058.1606,
8/7/2024 1:00:00 PM,07COREL_T1L1,N,N,N,24104,24104,7957.3788,24104,24104,
8/7/2024 1:00:00 PM,07COREL_T1L2,N,N,N,24104,24104,7957.3788,24104,24104,
8/7/2024 1:00:00 PM,07COREL_T1L3,N,N,N,24104,24104,7957.3788,24104,24104,
8/7/2024 1:00:00 PM,07JANOPO_G01,N,N,N,24104,24104,19988.8691,24104,24104,
8/7/2024 1:00:00 PM,07LOBOC_G01,N,N,N,24104,24104,19950.4093,24104,24104,
8/7/2024 1:00:00 PM,07LOBOC_G02,N,N,N,24104,24104,18341.2496,24104,24104,
8/7/2024 1:00:00 PM,07SEVILL_G01,N,N,N,24104,24104,19431.5676,24104,24104,
8/7/2024 1:00:00 PM,07TPLPB4_U01,N,N,N,23024,23024,19551.3764,23024,23024,
8/7/2024 1:00:00 PM,07TPLPB4_U02,N,N,N,23024,23024,19353.4045,23024,23024,
8/7/2024 1:00:00 PM,07TPLPB4_U03,N,N,N,23024,23024,18927.37,23024,23024,
8/7/2024 1:00:00 PM,07TPLPB4_U04,N,N,N,23024,23024,19402.0828,23024,23024,
8/7/2024 1:00:00 PM,07UBAY_BAT,N,N,N,23058.1606,23058.1606,22586.9437,23058.1606,23058.1606,
8/7/2024 1:00:00 PM,07UBAY_T1L1,N,N,N,23058.1606,23058.1606,7957.3788,23058.1606,23058.1606,
8/7/2024 1:00:00 PM,07UBAY_T2L2,N,N,N,23058.1606,23058.1606,7957.3788,23058.1606,23058.1606,
8/7/2024 1:00:00 PM,07UBAY_T3L3,N,N,N,23024,23024,7957.3788,23024,23024,
8/7/2024 1:00:00 PM,08BANTAP_L01,N,N,N,13534.1606,13534.1606,7957.3788,13534.1606,13534.1606,
8/7/2024 1:00:00 PM,08BARO_SS,N,N,N,13116.3504,13116.3504,7957.3788,13116.3504,13116.3504,
8/7/2024 1:00:00 PM,08BARTAC_L01,N,N,N,13138.6861,13138.6861,7957.3788,13138.6861,13138.6861,
8/7/2024 1:00:00 PM,08BARTAC_SS,N,N,N,13116.3504,13116.3504,7957.3788,13116.3504,13116.3504,
8/7/2024 1:00:00 PM,08BVISTA_L01,N,N,N,13557.8102,13557.8102,7957.3788,13557.8102,13557.8102,
8/7/2024 1:00:00 PM,08BVISTA_L02,N,N,N,13557.8102,13557.8102,7957.3788,13557.8102,13557.8102,
8/7/2024 1:00:00 PM,08CASA_G01,N,N,N,13263.5036,13263.5036,20783.6610,13263.5036,13263.5036,
8/7/2024 1:00:00 PM,08CASA_G02,N,N,N,13263.5036,13263.5036,20783.6610,13263.5036,13263.5036,
8/7/2024 1:00:00 PM,08CONCP_T1L1,N,N,N,13050.6569,13050.6569,7957.3788,13050.6569,13050.6569,
8/7/2024 1:00:00 PM,08COSMO_G01,N,N,N,13287.1533,13287.1533,20879.7008,13287.1533,13287.1533,
8/7/2024 1:00:00 PM,08DINGL_SS,N,N,N,13263.5036,13263.5036,7957.3788,13263.5036,13263.5036,
8/7/2024 1:00:00 PM,08DINGL_T1L1,N,N,N,13263.5036,13263.5036,7957.3788,13263.5036,13263.5036,
8/7/2024 1:00:00 PM,08DINGL_T1L2,N,N,N,13263.5036,13263.5036,7957.3788,13263.5036,13263.5036,
8/7/2024 1:00:00 PM,08DINGL_T1L3,N,N,N,13263.5036,13263.5036,7957.3788,13263.5036,13263.5036,
8/7/2024 1:00:00 PM,08DINGL_T1L4,N,N,N,13263.5036,13263.5036,7957.3788,13263.5036,13263.5036,
8/7/2024 1:00:00 PM,08DINGL_T2L1,N,N,N,13263.5036,13263.5036,7957.3788,13263.5036,13263.5036,
8/7/2024 1:00:00 PM,08DINGL_T2L2,N,N,N,13263.5036,13263.5036,7957.3788,13263.5036,13263.5036,
8/7/2024 1:00:00 PM,08GLOBAL_G01,N,N,N,13747.0073,13747.0073,20989.6514,13747.0073,13747.0073,
8/7/2024 1:00:00 PM,08NABASDPP_U01,N,N,N,13747.0073,13747.0073,33106.9314,13747.0073,13747.0073,
8/7/2024 1:00:00 PM,08NABASDPP_U02,N,N,N,13747.0073,13747.0073,33106.5731,13747.0073,13747.0073,
8/7/2024 1:00:00 PM,08NABAS_L01,N,N,N,13747.0073,13747.0073,7957.3788,13747.0073,13747.0073,
8/7/2024 1:00:00 PM,08NABAS_L02,N,N,N,13747.0073,13747.0073,7957.3788,13747.0073,13747.0073,
8/7/2024 1:00:00 PM,08NABAS_L03,N,N,N,13747.0073,13747.0073,7957.3788,13747.0073,13747.0073,
8/7/2024 1:00:00 PM,08NABAS_SS,N,N,N,13748.3212,13748.3212,7957.3788,13748.3212,13748.3212,
8/7/2024 1:00:00 PM,08PALM_G01,N,N,N,13050.6569,13050.6569,7934.47,13050.6569,13050.6569,
8/7/2024 1:00:00 PM,08PALM_S01,N,N,N,13050.6569,13050.6569,7957.3788,13050.6569,13050.6569,
8/7/2024 1:00:00 PM,08PANIT_SS,N,N,N,13528.9051,13528.9051,7957.3788,13528.9051,13528.9051,
8/7/2024 1:00:00 PM,08PANIT_T1L1,N,N,N,13526.2774,13526.2774,7957.3788,13526.2774,13526.2774,
8/7/2024 1:00:00 PM,08PANIT_T2L2,N,N,N,13526.2774,13526.2774,7957.3788,13526.2774,13526.2774,
8/7/2024 1:00:00 PM,08PDPP1_U02,N,N,N,13263.5036,13263.5036,33069.0462,13263.5036,13263.5036,
8/7/2024 1:00:00 PM,08PDPP1_U03,N,N,N,13263.5036,13263.5036,23149.3997,13263.5036,13263.5036,
8/7/2024 1:00:00 PM,08PDPP1_U05,N,N,N,13263.5036,13263.5036,23493.9211,13263.5036,13263.5036,
8/7/2024 1:00:00 PM,08PDPP3_C,N,N,N,13263.5036,13263.5036,19224.9559,13263.5036,13263.5036,
8/7/2024 1:00:00 PM,08PDPP3_E,N,N,N,13263.5036,13263.5036,23114.5368,13263.5036,13263.5036,
8/7/2024 1:00:00 PM,08PDPP3_G,N,N,N,13263.5036,13263.5036,34131.3801,13263.5036,13263.5036,
8/7/2024 1:00:00 PM,08PDPP3_H,N,N,N,13263.5036,13263.5036,20783.6610,13263.5036,13263.5036,
8/7/2024 1:00:00 PM,08PDPP3_S01,N,N,N,13263.5036,13263.5036,7957.3788,13263.5036,13263.5036,
8/7/2024 1:00:00 PM,08PEDC_SS1,N,N,N,13020.4380,13020.4380,7957.3788,13020.4380,13020.4380,
8/7/2024 1:00:00 PM,08PEDC_SS2,N,N,N,13020.4380,13020.4380,7957.3788,13020.4380,13020.4380,
8/7/2024 1:00:00 PM,08PEDC_SS3,N,N,N,13020.4380,13020.4380,7957.3788,13020.4380,13020.4380,
8/7/2024 1:00:00 PM,08PEDC_T1L1,N,N,N,13024.3796,13024.3796,7957.3788,13024.3796,13024.3796,
8/7/2024 1:00:00 PM,08PEDC_T1L2,N,N,N,13025.6934,13025.6934,7957.3788,13025.6934,13025.6934,
8/7/2024 1:00:00 PM,08PEDC_U01,N,N,N,13020.4380,13020.4380,23078.7116,13020.4380,13020.4380,
8/7/2024 1:00:00 PM,08PEDC_U02,N,N,N,13020.4380,13020.4380,12704.4307,13020.4380,13020.4380,
8/7/2024 1:00:00 PM,08PEDC_U03,N,N,N,13020.4380,13020.4380,9407.3978,13020.4380,13020.4380,
8/7/2024 1:00:00 PM,08PWIND_G01,N,N,N,13747.0073,13747.0073,4341.3019,13747.0073,13747.0073,
8/7/2024 1:00:00 PM,08PWIND_G02,N,N,N,13747.0073,13747.0073,13591.1726,13747.0073,13747.0073,
8/7/2024 1:00:00 PM,08SLWIND_G01,N,N,N,13557.8102,13557.8102,4090.6519,13557.8102,13557.8102,
8/7/2024 1:00:00 PM,08SLWIND_L01,N,N,N,13557.8102,13557.8102,7957.3788,13557.8102,13557.8102,
8/7/2024 1:00:00 PM,08SNJOSE_L01,N,N,N,13287.1533,13287.1533,7957.3788,13287.1533,13287.1533,
8/7/2024 1:00:00 PM,08SNJOSE_L02,N,N,N,13287.1533,13287.1533,7957.3788,13287.1533,13287.1533,
8/7/2024 1:00:00 PM,08SNJOSE_L03,N,N,N,13287.1533,13287.1533,7957.3788,13287.1533,13287.1533,
8/7/2024 1:00:00 PM,08STBAR_SS1,N,N,N,13196.4964,13196.4964,7957.3788,13196.4964,13196.4964,
8/7/2024 1:00:00 PM,08STBAR_SS2,N,N,N,13192.5547,13192.5547,7957.3788,13192.5547,13192.5547,
8/7/2024 1:00:00 PM,08STBAR_SS3,N,N,N,13192.5547,13192.5547,7957.3788,13192.5547,13192.5547,
8/7/2024 1:00:00 PM,08STBAR_T1L1,N,N,N,13192.5547,13192.5547,7957.3788,13192.5547,13192.5547,
8/7/2024 1:00:00 PM,08STBAR_T2L2,N,N,N,13192.5547,13192.5547,7957.3788,13192.5547,13192.5547,
8/7/2024 1:00:00 PM,08STBPB1_U01,N,N,N,13192.5547,13192.5547,33198.1191,13192.5547,13192.5547,
8/7/2024 1:00:00 PM,08STBPB1_U02,N,N,N,13192.5547,13192.5547,32122.1940,13192.5547,13192.5547,
8/7/2024 1:00:00 PM,08STBPB1_U03,N,N,N,13192.5547,13192.5547,20807.6349,13192.5547,13192.5547,
8/7/2024 1:00:00 PM,08STBPB1_U04,N,N,N,13192.5547,13192.5547,34172.4841,13192.5547,13192.5547,
8/7/2024 1:00:00 PM,08SUWECO_G01,N,N,N,13192.5547,13192.5547,16470.6675,13192.5547,13192.5547,
8/7/2024 1:00:00 PM,08TIMBA_G01,N,N,N,13747.0073,13747.0073,19011.9108,13747.0073,13747.0073,
8/7/2024 1:00:00 PM,09AURORA_SS,N,N,N,3405.0482,3405.0482,10513.0159,3405.0482,3405.0482,
8/7/2024 1:00:00 PM,09CLB_T1L1,N,N,N,3406.3463,3406.3463,10513.0159,3406.3463,3406.3463,
8/7/2024 1:00:00 PM,09JIMDSL_U01,N,N,N,3406.3463,3406.3463,7860.0804,3406.3463,3406.3463,
8/7/2024 1:00:00 PM,09JIMDSL_U02,N,N,N,3406.3463,3406.3463,7860.0804,3406.3463,3406.3463,
8/7/2024 1:00:00 PM,09KAP_T1L1,N,N,N,3406.3463,3406.3463,10513.0159,3406.3463,3406.3463,
8/7/2024 1:00:00 PM,09LALA_SS,N,N,N,3301.8551,3301.8551,10513.0159,3301.8551,3301.8551,
8/7/2024 1:00:00 PM,09LIBPOWR_G01,N,N,N,3406.3463,3406.3463,8122.4785,3406.3463,3406.3463,
8/7/2024 1:00:00 PM,09MHY_T1L1,N,N,N,3406.3463,3406.3463,10513.0159,3406.3463,3406.3463,
8/7/2024 1:00:00 PM,09MLS_T1L1,N,N,N,3771.0917,3771.0917,10513.0159,3771.0917,3771.0917,
8/7/2024 1:00:00 PM,09NAGA_SS,N,N,N,3769.1447,3769.1447,10513.0159,3769.1447,3769.1447,
8/7/2024 1:00:00 PM,09PANABNK_U01,N,N,N,3406.3463,3406.3463,7860.0804,3406.3463,3406.3463,
8/7/2024 1:00:00 PM,09PANABNK_U02,N,N,N,3406.3463,3406.3463,7860.0804,3406.3463,3406.3463,
8/7/2024 1:00:00 PM,09PITOGO_SS,N,N,N,4037.1872,4037.1872,10513.0159,4037.1872,4037.1872,
8/7/2024 1:00:00 PM,09POLAN_SS,N,N,N,3466.0555,3466.0555,10513.0159,3466.0555,3466.0555,
8/7/2024 1:00:00 PM,09RXS_T2L1,N,N,N,3466.7045,3466.7045,10513.0159,3466.7045,3466.7045,
8/7/2024 1:00:00 PM,09SANGALI_BAT,N,N,N,3993.0543,3993.0543,9287.9210,3993.0543,3993.0543,
8/7/2024 1:00:00 PM,09SJG_T1L1,N,N,N,4036.2137,4036.2137,10513.0159,4036.2137,4036.2137,
8/7/2024 1:00:00 PM,09SML_T1L1,N,N,N,3406.3463,3406.3463,10513.0159,3406.3463,3406.3463,
8/7/2024 1:00:00 PM,09SRW_T1L1,N,N,N,3771.0917,3771.0917,10513.0159,3771.0917,3771.0917,
8/7/2024 1:00:00 PM,09TMG_T1L1,N,N,N,4036.2137,4036.2137,10513.0159,4036.2137,4036.2137,
8/7/2024 1:00:00 PM,09TMG_T2L1,N,N,N,3993.0543,3993.0543,10513.0159,3993.0543,3993.0543,
8/7/2024 1:00:00 PM,09TUL_T1L1,N,N,N,4036.2137,4036.2137,10513.0159,4036.2137,4036.2137,
8/7/2024 1:00:00 PM,09WMPC_S01,N,N,N,3993.0543,3993.0543,10513.0159,3993.0543,3993.0543,
8/7/2024 1:00:00 PM,09WMPC_U01,N,N,N,3993.0543,3993.0543,9287.9210,3993.0543,3993.0543,
8/7/2024 1:00:00 PM,09WMPC_U02,N,N,N,3993.0543,3993.0543,9287.9210,3993.0543,3993.0543,
8/7/2024 1:00:00 PM,09WMPC_U03,N,N,N,3993.0543,3993.0543,9287.9210,3993.0543,3993.0543,
8/7/2024 1:00:00 PM,09WMPC_U04,N,N,N,3993.0543,3993.0543,8901.6325,3993.0543,3993.0543,
8/7/2024 1:00:00 PM,09WMPC_U05,N,N,N,3993.0543,3993.0543,9287.9210,3993.0543,3993.0543,
8/7/2024 1:00:00 PM,09WMPC_U06,N,N,N,3993.0543,3993.0543,9287.9210,3993.0543,3993.0543,
8/7/2024 1:00:00 PM,09WMPC_U07,N,N,N,3993.0543,3993.0543,9287.9210,3993.0543,3993.0543,
8/7/2024 1:00:00 PM,09WMPC_U08,N,N,N,3993.0543,3993.0543,9287.9210,3993.0543,3993.0543,
8/7/2024 1:00:00 PM,09WMPC_U09,N,N,N,3993.0543,3993.0543,9287.9210,3993.0543,3993.0543,
8/7/2024 1:00:00 PM,09WMPC_U10,N,N,N,3993.0543,3993.0543,9683.7332,3993.0543,3993.0543,
8/7/2024 1:00:00 PM,09ZAMBO_SS,N,N,N,3993.0543,3993.0543,10513.0159,3993.0543,3993.0543,
8/7/2024 1:00:00 PM,09ZAMSAN_L01,N,N,N,3993.0543,3993.0543,10513.0159,3993.0543,3993.0543,
8/7/2024 1:00:00 PM,10AG6_T2L1,N,N,N,3206.4502,3206.4502,10513.0159,3206.4502,3206.4502,
8/7/2024 1:00:00 PM,10AGUS1_SS,N,N,N,3180.8141,3180.8141,10513.0159,3180.8141,3180.8141,
8/7/2024 1:00:00 PM,10AGUS1_U01,N,N,N,3180.4896,3180.4896,7140.8753,3180.4896,3180.4896,
8/7/2024 1:00:00 PM,10AGUS1_U02,N,N,N,3180.4896,3180.4896,7443.6376,3180.4896,3180.4896,
8/7/2024 1:00:00 PM,10AGUS2_SS,N,N,N,3183.7347,3183.7347,10513.0159,3183.7347,3183.7347,
8/7/2024 1:00:00 PM,10AGUS2_U01,N,N,N,3183.7347,3183.7347,7153.6910,3183.7347,3183.7347,
8/7/2024 1:00:00 PM,10AGUS2_U02,N,N,N,3183.7347,3183.7347,7894.7455,3183.7347,3183.7347,
8/7/2024 1:00:00 PM,10AGUS2_U03,N,N,N,3245.0665,3245.0665,7270.6982,3245.0665,3245.0665,
8/7/2024 1:00:00 PM,10AGUS4_SS,N,N,N,3204.5031,3204.5031,10513.0159,3204.5031,3204.5031,
8/7/2024 1:00:00 PM,10AGUS4_U01,N,N,N,3204.1786,3204.1786,7666.0214,3204.1786,3204.1786,
8/7/2024 1:00:00 PM,10AGUS4_U02,N,N,N,3204.1786,3204.1786,8357.0528,3204.1786,3204.1786,
8/7/2024 1:00:00 PM,10AGUS4_U03,N,N,N,3204.1786,3204.1786,8006.9531,3204.1786,3204.1786,
8/7/2024 1:00:00 PM,10AGUS5_SS,N,N,N,3207.7482,3207.7482,10513.0159,3207.7482,3207.7482,
8/7/2024 1:00:00 PM,10AGUS5_U01,N,N,N,3207.7482,3207.7482,7380.0957,3207.7482,3207.7482,
8/7/2024 1:00:00 PM,10AGUS5_U02,N,N,N,3207.7482,3207.7482,8115.1079,3207.7482,3207.7482,
8/7/2024 1:00:00 PM,10AGUS6_SS,N,N,N,3198.6620,3198.6620,10513.0159,3198.6620,3198.6620,
8/7/2024 1:00:00 PM,10AGUS6_U01,N,N,N,3198.6620,3198.6620,7430.5341,3198.6620,3198.6620,
8/7/2024 1:00:00 PM,10AGUS6_U02,N,N,N,3198.6620,3198.6620,7409.0107,3198.6620,3198.6620,
8/7/2024 1:00:00 PM,10AGUS6_U03,N,N,N,3198.6620,3198.6620,7489.5129,3198.6620,3198.6620,
8/7/2024 1:00:00 PM,10AGUS6_U04,N,N,N,3198.6620,3198.6620,7418.6360,3198.6620,3198.6620,
8/7/2024 1:00:00 PM,10AGUS6_U05,N,N,N,3198.6620,3198.6620,7472.4498,3198.6620,3198.6620,
8/7/2024 1:00:00 PM,10AGUS7_U01,N,N,N,3198.6620,3198.6620,9196.3629,3198.6620,3198.6620,
8/7/2024 1:00:00 PM,10AGUS7_U02,N,N,N,3198.6620,3198.6620,7266.9925,3198.6620,3198.6620,
8/7/2024 1:00:00 PM,10BALOI_L01,N,N,N,3198.6620,3198.6620,10513.0159,3198.6620,3198.6620,
8/7/2024 1:00:00 PM,10BALOI_SS,N,N,N,3224.9470,3224.9470,10513.0159,3224.9470,3224.9470,
8/7/2024 1:00:00 PM,10BUR_T1L1,N,N,N,3198.6620,3198.6620,10513.0159,3198.6620,3198.6620,
8/7/2024 1:00:00 PM,10BUR_T1L2,N,N,N,3198.6620,3198.6620,10513.0159,3198.6620,3198.6620,
8/7/2024 1:00:00 PM,10GNPK_U01,N,N,N,3223,3223,7831.5205,3223,3223,
8/7/2024 1:00:00 PM,10GNPK_U02,N,N,N,3223,3223,7785.2751,3223,3223,
8/7/2024 1:00:00 PM,10GNPK_U03,N,N,N,3225.5961,3225.5961,7762.2416,3225.5961,3225.5961,
8/7/2024 1:00:00 PM,10GNPK_U04,N,N,N,3225.9206,3225.9206,8209.3422,3225.9206,3225.9206,
8/7/2024 1:00:00 PM,10IDPP_G01,N,N,N,3223.3245,3223.3245,7480.3620,3223.3245,3223.3245,
8/7/2024 1:00:00 PM,10IDPP_SS,N,N,N,3223.3245,3223.3245,10513.0159,3223.3245,3223.3245,
8/7/2024 1:00:00 PM,10KAUSWGN_SS,N,N,N,3227.8676,3227.8676,10513.0159,3227.8676,3227.8676,
8/7/2024 1:00:00 PM,10KAU_T1L1,N,N,N,3198.6620,3198.6620,10513.0159,3198.6620,3198.6620,
8/7/2024 1:00:00 PM,10KIW_T1L1,N,N,N,3198.6620,3198.6620,10513.0159,3198.6620,3198.6620,
8/7/2024 1:00:00 PM,10KIW_T2L1,N,N,N,3225.2715,3225.2715,10513.0159,3225.2715,3225.2715,
8/7/2024 1:00:00 PM,10LGAIT_SS,N,N,N,3225.2715,3225.2715,10513.0159,3225.2715,3225.2715,
8/7/2024 1:00:00 PM,10LIAN_G01,N,N,N,3198.6620,3198.6620,7412.7340,3198.6620,3198.6620,
8/7/2024 1:00:00 PM,10MCN_T1L1,N,N,N,3206.4502,3206.4502,10513.0159,3206.4502,3206.4502,
8/7/2024 1:00:00 PM,10MCR_T1L1,N,N,N,3206.4502,3206.4502,10513.0159,3206.4502,3206.4502,
8/7/2024 1:00:00 PM,10MCT_T1L1,N,N,N,3198.6620,3198.6620,10513.0159,3198.6620,3198.6620,
8/7/2024 1:00:00 PM,10MEGC_G01,N,N,N,3198.6620,3198.6620,7412.7340,3198.6620,3198.6620,
8/7/2024 1:00:00 PM,10MLN_T1L1,N,N,N,3181.4631,3181.4631,10513.0159,3181.4631,3181.4631,
8/7/2024 1:00:00 PM,10MPL_T1L1,N,N,N,3198.6620,3198.6620,10513.0159,3198.6620,3198.6620,
8/7/2024 1:00:00 PM,10MRW_T1L1,N,N,N,3181.4631,3181.4631,10513.0159,3181.4631,3181.4631,
8/7/2024 1:00:00 PM,10MRW_T2L1,N,N,N,3206.4502,3206.4502,10513.0159,3206.4502,3206.4502,
8/7/2024 1:00:00 PM,10NUN_T1L2,N,N,N,3198.6620,3198.6620,10513.0159,3198.6620,3198.6620,
8/7/2024 1:00:00 PM,10OPO_T1L1,N,N,N,3225.2715,3225.2715,10513.0159,3225.2715,3225.2715,
8/7/2024 1:00:00 PM,10PAT_T1L1,N,N,N,3225.2715,3225.2715,10513.0159,3225.2715,3225.2715,
8/7/2024 1:00:00 PM,10PGW_T1L1,N,N,N,3225.2715,3225.2715,10513.0159,3225.2715,3225.2715,
8/7/2024 1:00:00 PM,10PLT_T1L1,N,N,N,3223.3245,3223.3245,10513.0159,3223.3245,3223.3245,
8/7/2024 1:00:00 PM,10PLT_T2L1,N,N,N,3225.2715,3225.2715,10513.0159,3225.2715,3225.2715,
8/7/2024 1:00:00 PM,10PPEI_U01,N,N,N,3198.6620,3198.6620,7978.0990,3198.6620,3198.6620,
8/7/2024 1:00:00 PM,10SRZ_T1L1,N,N,N,3206.4502,3206.4502,10513.0159,3206.4502,3206.4502,
8/7/2024 1:00:00 PM,11CDO_T1L1,N,N,N,3273.6230,3273.6230,10513.0159,3273.6230,3273.6230,
8/7/2024 1:00:00 PM,11CRYSSUG_G01,N,N,N,3397.2601,3397.2601,7933.5884,3397.2601,3397.2601,
8/7/2024 1:00:00 PM,11FDC_SS,N,N,N,3222.6755,3222.6755,10513.0159,3222.6755,3222.6755,
8/7/2024 1:00:00 PM,11FDC_U01,N,N,N,3217.4834,3217.4834,7456.3342,3217.4834,3217.4834,
8/7/2024 1:00:00 PM,11FDC_U02,N,N,N,3217.4834,3217.4834,7452.4702,3217.4834,3217.4834,
8/7/2024 1:00:00 PM,11FDC_U03,N,N,N,3217.4834,3217.4834,8850.0869,3217.4834,3217.4834,
8/7/2024 1:00:00 PM,11FGBPC_G01,N,N,N,3253.1791,3253.1791,7536.8364,3253.1791,3253.1791,
8/7/2024 1:00:00 PM,11JASAAN_SS,N,N,N,3265.8349,3265.8349,10513.0159,3265.8349,3265.8349,
8/7/2024 1:00:00 PM,11JASA_BAT,N,N,N,3253.1791,3253.1791,6564.6973,3253.1791,3253.1791,
8/7/2024 1:00:00 PM,11KBSOL_G01,N,N,N,3428.4127,3428.4127,8202.0826,3428.4127,3428.4127,
8/7/2024 1:00:00 PM,11KEGMAR_G01,N,N,N,3397.2601,3397.2601,7708.3705,3397.2601,3397.2601,
8/7/2024 1:00:00 PM,11KIBAWE_SS,N,N,N,3428.4127,3428.4127,10513.0159,3428.4127,3428.4127,
8/7/2024 1:00:00 PM,11KIB_T1L1,N,N,N,3397.2601,3397.2601,10513.0159,3397.2601,3397.2601,
8/7/2024 1:00:00 PM,11KIB_T1L2,N,N,N,3397.2601,3397.2601,10513.0159,3397.2601,3397.2601,
8/7/2024 1:00:00 PM,11KIRAS_G01,N,N,N,3253.1791,3253.1791,7523.4735,3253.1791,3253.1791,
8/7/2024 1:00:00 PM,11KNG_T1L1,N,N,N,3253.1791,3253.1791,10513.0159,3253.1791,3253.1791,
8/7/2024 1:00:00 PM,11LBA_T1L1,N,N,N,3265.8349,3265.8349,10513.0159,3265.8349,3265.8349,
8/7/2024 1:00:00 PM,11LUN_T1L1,N,N,N,3253.1791,3253.1791,10513.0159,3253.1791,3253.1791,
8/7/2024 1:00:00 PM,11MAN1_S01,N,N,N,3256.0997,3256.0997,10513.0159,3256.0997,3256.0997,
8/7/2024 1:00:00 PM,11MAN2_S01,N,N,N,3255.7752,3255.7752,10513.0159,3255.7752,3255.7752,
8/7/2024 1:00:00 PM,11MANFOR_G01,N,N,N,3256.0997,3256.0997,7759.2176,3256.0997,3256.0997,
8/7/2024 1:00:00 PM,11MANFOR_G02,N,N,N,3255.7752,3255.7752,7678.6842,3255.7752,3255.7752,
8/7/2024 1:00:00 PM,11MANOLO_SS,N,N,N,3257.0732,3257.0732,10513.0159,3257.0732,3257.0732,
8/7/2024 1:00:00 PM,11MARAM_SS,N,N,N,3367.73,3367.73,10513.0159,3367.73,3367.73,
8/7/2024 1:00:00 PM,11MINBAL_G01,N,N,N,3253.1791,3253.1791,7304.9946,3253.1791,3253.1791,
8/7/2024 1:00:00 PM,11MINBU_G01,N,N,N,3253.1791,3253.1791,7709.0313,3253.1791,3253.1791,
8/7/2024 1:00:00 PM,11MLY_T1L1,N,N,N,3397.2601,3397.2601,10513.0159,3397.2601,3397.2601,
8/7/2024 1:00:00 PM,11MNCBLG_G01,N,N,N,3253.1791,3253.1791,7696.6462,3253.1791,3253.1791,
8/7/2024 1:00:00 PM,11MNRGY_G01,N,N,N,3253.1791,3253.1791,7534.5770,3253.1791,3253.1791,
8/7/2024 1:00:00 PM,11MNRGY_G02,N,N,N,3253.1791,3253.1791,7534.5770,3253.1791,3253.1791,
8/7/2024 1:00:00 PM,11MOR_T1L1,N,N,N,3273.6230,3273.6230,10513.0159,3273.6230,3273.6230,
8/7/2024 1:00:00 PM,11NAT_T1L1,N,N,N,3253.1791,3253.1791,10513.0159,3253.1791,3253.1791,
8/7/2024 1:00:00 PM,11NAT_T2L1,N,N,N,3253.1791,3253.1791,10513.0159,3253.1791,3253.1791,
8/7/2024 1:00:00 PM,11NBPC_G01,N,N,N,3397.2601,3397.2601,7708.3705,3397.2601,3397.2601,
8/7/2024 1:00:00 PM,11OPOL_SS,N,N,N,3272.6495,3272.6495,10513.0159,3272.6495,3272.6495,
8/7/2024 1:00:00 PM,11OPO_T1L1,N,N,N,3273.6230,3273.6230,10513.0159,3273.6230,3273.6230,
8/7/2024 1:00:00 PM,11PACERM_G01,N,N,N,3273.6230,3273.6230,7593.6531,3273.6230,3273.6230,
8/7/2024 1:00:00 PM,11PAL_T1L1,N,N,N,3428.4127,3428.4127,10513.0159,3428.4127,3428.4127,
8/7/2024 1:00:00 PM,11PG4_T1L1,N,N,N,3397.2601,3397.2601,10513.0159,3397.2601,3397.2601,
8/7/2024 1:00:00 PM,11PKBUK_G01,N,N,N,3253.1791,3253.1791,7534.5770,3253.1791,3253.1791,
8/7/2024 1:00:00 PM,11PULA4_U01,N,N,N,3396.2865,3396.2865,8096.7511,3396.2865,3396.2865,
8/7/2024 1:00:00 PM,11PULA4_U02,N,N,N,3396.2865,3396.2865,3392.1705,3396.2865,3396.2865,
8/7/2024 1:00:00 PM,11PULA4_U03,N,N,N,3245.0665,3245.0665,7474.5141,3245.0665,3245.0665,
8/7/2024 1:00:00 PM,11SME_T1L1,N,N,N,3245.0665,3245.0665,10513.0159,3245.0665,3245.0665,
8/7/2024 1:00:00 PM,11SMH_T1L1,N,N,N,3245.0665,3245.0665,10513.0159,3245.0665,3245.0665,
8/7/2024 1:00:00 PM,11STEAG_U01,N,N,N,3243.1194,3243.1194,7873.4792,3243.1194,3243.1194,
8/7/2024 1:00:00 PM,11STEAG_U02,N,N,N,3243.1194,3243.1194,7215.4074,3243.1194,3243.1194,
8/7/2024 1:00:00 PM,11TAGOL_SS,N,N,N,3245.0665,3245.0665,10513.0159,3245.0665,3245.0665,
8/7/2024 1:00:00 PM,11VILLA_BAT,N,N,N,3245.7155,3245.7155,7513.4057,3245.7155,3245.7155,
8/7/2024 1:00:00 PM,11VILLA_L01,N,N,N,3245.7155,3245.7155,10513.0159,3245.7155,3245.7155,
8/7/2024 1:00:00 PM,11VILLA_SS,N,N,N,3263.2388,3263.2388,10513.0159,3263.2388,3263.2388,
8/7/2024 1:00:00 PM,12ALE_T1L1,N,N,N,3720.1442,3720.1442,10513.0159,3720.1442,3720.1442,
8/7/2024 1:00:00 PM,12ASIGA_G01,N,N,N,3579.3083,3579.3083,9551.9877,3579.3083,3579.3083,
8/7/2024 1:00:00 PM,12BAG_T1L1,N,N,N,3718.8462,3718.8462,10513.0159,3718.8462,3718.8462,
8/7/2024 1:00:00 PM,12BISLIG_SS,N,N,N,3719.1707,3719.1707,10513.0159,3719.1707,3719.1707,
8/7/2024 1:00:00 PM,12BUTUAN_SS,N,N,N,3578.9838,3578.9838,10513.0159,3578.9838,3578.9838,
8/7/2024 1:00:00 PM,12BUT_T2L1,N,N,N,3524.1422,3524.1422,10513.0159,3524.1422,3524.1422,
8/7/2024 1:00:00 PM,12BYG_T1L1,N,N,N,3579.3083,3579.3083,10513.0159,3579.3083,3579.3083,
8/7/2024 1:00:00 PM,12KEGGIN_G01,N,N,N,3524.1422,3524.1422,8170.0545,3524.1422,3524.1422,
8/7/2024 1:00:00 PM,12KEGTAN_G01,N,N,N,3720.1442,3720.1442,8589.2085,3720.1442,3720.1442,
8/7/2024 1:00:00 PM,12LKMAINIT_G01,N,N,N,3579.3083,3579.3083,7450.8575,3579.3083,3579.3083,
8/7/2024 1:00:00 PM,12LMO_T1L1,N,N,N,3579.3083,3579.3083,10513.0159,3579.3083,3579.3083,
8/7/2024 1:00:00 PM,12MAD_T1L1,N,N,N,3656.2164,3656.2164,10513.0159,3656.2164,3656.2164,
8/7/2024 1:00:00 PM,12NACSUR_G01,N,N,N,3656.2164,3656.2164,8454.5996,3656.2164,3656.2164,
8/7/2024 1:00:00 PM,12NASIP_SS,N,N,N,3523.8177,3523.8177,10513.0159,3523.8177,3523.8177,
8/7/2024 1:00:00 PM,12NAS_T1L1,N,N,N,3579.3083,3579.3083,10513.0159,3579.3083,3579.3083,
8/7/2024 1:00:00 PM,12PBA_T1L1,N,N,N,3718.8462,3718.8462,10513.0159,3718.8462,3718.8462,
8/7/2024 1:00:00 PM,12PKSFRA_U01,N,N,N,3720.1442,3720.1442,8589.2085,3720.1442,3720.1442,
8/7/2024 1:00:00 PM,12PKSFRA_U02,N,N,N,3720.1442,3720.1442,8589.2085,3720.1442,3720.1442,
8/7/2024 1:00:00 PM,12PLACER_SS,N,N,N,3655.5674,3655.5674,10513.0159,3655.5674,3655.5674,
8/7/2024 1:00:00 PM,12SFRAN_SS,N,N,N,3720.1442,3720.1442,10513.0159,3720.1442,3720.1442,
8/7/2024 1:00:00 PM,12SLU_T1L1,N,N,N,3524.1422,3524.1422,10513.0159,3524.1422,3524.1422,
8/7/2024 1:00:00 PM,12SNT_T1L1,N,N,N,3579.3083,3579.3083,10513.0159,3579.3083,3579.3083,
8/7/2024 1:00:00 PM,12STCRUZ_L01,N,N,N,3656.2164,3656.2164,10513.0159,3656.2164,3656.2164,
8/7/2024 1:00:00 PM,12SUR_T1L1,N,N,N,3656.2164,3656.2164,10513.0159,3656.2164,3656.2164,
8/7/2024 1:00:00 PM,12TBD_T1L1,N,N,N,3245.0665,3245.0665,10513.0159,3245.0665,3245.0665,
8/7/2024 1:00:00 PM,12TBO_T1L1,N,N,N,3718.8462,3718.8462,10513.0159,3718.8462,3718.8462,
8/7/2024 1:00:00 PM,12TDG_T1L1,N,N,N,3720.1442,3720.1442,10513.0159,3720.1442,3720.1442,
8/7/2024 1:00:00 PM,12THERMA2_SS,N,N,N,3523.8177,3523.8177,10513.0159,3523.8177,3523.8177,
8/7/2024 1:00:00 PM,12TM2_U01,N,N,N,3523.8177,3523.8177,11966.6256,3523.8177,3523.8177,
8/7/2024 1:00:00 PM,12TM2_U02,N,N,N,3523.8177,3523.8177,8168.6001,3523.8177,3523.8177,
8/7/2024 1:00:00 PM,12TRE_T1L1,N,N,N,3718.8462,3718.8462,10513.0159,3718.8462,3718.8462,
8/7/2024 1:00:00 PM,13ASU_T1L1,N,N,N,3622.7922,3622.7922,10513.0159,3622.7922,3622.7922,
8/7/2024 1:00:00 PM,13BAJ_T1L1,N,N,N,3468.6515,3468.6515,10513.0159,3468.6515,3468.6515,
8/7/2024 1:00:00 PM,13BNS_T1L1,N,N,N,3440.7440,3440.7440,10513.0159,3440.7440,3440.7440,
8/7/2024 1:00:00 PM,13BNY_T1L1,N,N,N,3603.6463,3603.6463,10513.0159,3603.6463,3603.6463,
8/7/2024 1:00:00 PM,13BUNAW_SS,N,N,N,3406.0217,3406.0217,10513.0159,3406.0217,3406.0217,
8/7/2024 1:00:00 PM,13CULAMAN_SS,N,N,N,3161.9928,3161.9928,10513.0159,3161.9928,3161.9928,
8/7/2024 1:00:00 PM,13DAVAO_SS,N,N,N,3468.6515,3468.6515,10513.0159,3468.6515,3468.6515,
8/7/2024 1:00:00 PM,13DAV_T1L1,N,N,N,3409.2668,3409.2668,10513.0159,3409.2668,3409.2668,
8/7/2024 1:00:00 PM,13DCPP_U01,N,N,N,3403.7502,3403.7502,7684.8497,3403.7502,3403.7502,
8/7/2024 1:00:00 PM,13DCPP_U02,N,N,N,3407.6443,3407.6443,5992.3975,3407.6443,3407.6443,
8/7/2024 1:00:00 PM,13DIGSOL_G01,N,N,N,3440.7440,3440.7440,7763.1126,3440.7440,3440.7440,
8/7/2024 1:00:00 PM,13DIG_T1L1,N,N,N,3472.8701,3472.8701,10513.0159,3472.8701,3472.8701,
8/7/2024 1:00:00 PM,13DIG_T2L1,N,N,N,3440.7440,3440.7440,10513.0159,3440.7440,3440.7440,
8/7/2024 1:00:00 PM,13DIG_T3L1,N,N,N,3409.2668,3409.2668,10513.0159,3409.2668,3409.2668,
8/7/2024 1:00:00 PM,13DLP_T1L1,N,N,N,3472.8701,3472.8701,10513.0159,3472.8701,3472.8701,
8/7/2024 1:00:00 PM,13DLP_T1L2,N,N,N,3472.8701,3472.8701,10513.0159,3472.8701,3472.8701,
8/7/2024 1:00:00 PM,13DLP_T1L3,N,N,N,3472.8701,3472.8701,10513.0159,3472.8701,3472.8701,
8/7/2024 1:00:00 PM,13DLP_T2L1,N,N,N,3437.8234,3437.8234,10513.0159,3437.8234,3437.8234,
8/7/2024 1:00:00 PM,13DRA_T1L1,N,N,N,3435.8764,3435.8764,10513.0159,3435.8764,3435.8764,
8/7/2024 1:00:00 PM,13DRA_T1L2,N,N,N,3435.8764,3435.8764,10513.0159,3435.8764,3435.8764,
8/7/2024 1:00:00 PM,13DSP_T1L1,N,N,N,3440.7440,3440.7440,10513.0159,3440.7440,3440.7440,
8/7/2024 1:00:00 PM,13DSR_T1L1,N,N,N,3165.2378,3165.2378,10513.0159,3165.2378,3165.2378,
8/7/2024 1:00:00 PM,13EUROH_G01,N,N,N,3622.7922,3622.7922,8091.0174,3622.7922,3622.7922,
8/7/2024 1:00:00 PM,13MACO_BAT,N,N,N,3603.6463,3603.6463,5378.0528,3603.6463,3603.6463,
8/7/2024 1:00:00 PM,13MACO_SS,N,N,N,3602.9973,3602.9973,10513.0159,3602.9973,3602.9973,
8/7/2024 1:00:00 PM,13MAGDBNK_G01,N,N,N,3603.6463,3603.6463,8170.6326,3603.6463,3603.6463,
8/7/2024 1:00:00 PM,13MAGDBNK_U01,N,N,N,3603.6463,3603.6463,13601.4198,3603.6463,3603.6463,
8/7/2024 1:00:00 PM,13MAGDBNK_U02,N,N,N,3603.6463,3603.6463,8170.6326,3603.6463,3603.6463,
8/7/2024 1:00:00 PM,13MAGDBNK_U03,N,N,N,3603.6463,3603.6463,13601.4191,3603.6463,3603.6463,
8/7/2024 1:00:00 PM,13MALITA_BAT,N,N,N,3165.2378,3165.2378,5029.6520,3165.2378,3165.2378,
8/7/2024 1:00:00 PM,13MATAN_SS,N,N,N,3220.4039,3220.4039,10513.0159,3220.4039,3220.4039,
8/7/2024 1:00:00 PM,13MATIBNK_G01,N,N,N,3603.6463,3603.6463,6953.7342,3603.6463,3603.6463,
8/7/2024 1:00:00 PM,13MON_T1L1,N,N,N,3622.7922,3622.7922,10513.0159,3622.7922,3622.7922,
8/7/2024 1:00:00 PM,13MPCDIG_G01,N,N,N,3440.7440,3440.7440,7732.3392,3440.7440,3440.7440,
8/7/2024 1:00:00 PM,13MSR_T1L1,N,N,N,3622.7922,3622.7922,10513.0159,3622.7922,3622.7922,
8/7/2024 1:00:00 PM,13NABUN_SS,N,N,N,3622.7922,3622.7922,10513.0159,3622.7922,3622.7922,
8/7/2024 1:00:00 PM,13PMA_T1L1,N,N,N,3440.7440,3440.7440,10513.0159,3440.7440,3440.7440,
8/7/2024 1:00:00 PM,13SIBULAN_G01,N,N,N,3468.6515,3468.6515,8725.1649,3468.6515,3468.6515,
8/7/2024 1:00:00 PM,13SMC_U01,N,N,N,3090.2768,3090.2768,7348.2679,3090.2768,3090.2768,
8/7/2024 1:00:00 PM,13SMC_U02,N,N,N,3090.2768,3090.2768,11973.2824,3090.2768,3090.2768,
8/7/2024 1:00:00 PM,13TALOM1_G01,N,N,N,3472.8701,3472.8701,8575.9148,3472.8701,3472.8701,
8/7/2024 1:00:00 PM,13TALOM23_G01,N,N,N,3468.6515,3468.6515,7959.6063,3468.6515,3468.6515,
8/7/2024 1:00:00 PM,13TGM_T1L1,N,N,N,3603.6463,3603.6463,10513.0159,3603.6463,3603.6463,
8/7/2024 1:00:00 PM,13THERMA1_SS,N,N,N,3602.9973,3602.9973,10513.0159,3602.9973,3602.9973,
8/7/2024 1:00:00 PM,13TM1_U01,N,N,N,3602.9973,3602.9973,3586.6366,3602.9973,3602.9973,
8/7/2024 1:00:00 PM,13TM1_U02,N,N,N,3602.9973,3602.9973,8169.1782,3602.9973,3602.9973,
8/7/2024 1:00:00 PM,13TORIL_SS,N,N,N,3403.1012,3403.1012,10513.0159,3403.1012,3403.1012,
8/7/2024 1:00:00 PM,13TUDAY2_G01,N,N,N,3472.8701,3472.8701,9104.5310,3472.8701,3472.8701,
8/7/2024 1:00:00 PM,14ALMADA_G01,N,N,N,3709.76,3709.76,3780.4468,3709.76,3709.76,
8/7/2024 1:00:00 PM,14ASTROSOL_G01,N,N,N,3506.2943,3506.2943,9134.8704,3506.2943,3506.2943,
8/7/2024 1:00:00 PM,14BGN_T1L1,N,N,N,3406.9953,3406.9953,10513.0159,3406.9953,3406.9953,
8/7/2024 1:00:00 PM,14BGN_T2L1,N,N,N,3603.3218,3603.3218,10513.0159,3603.3218,3603.3218,
8/7/2024 1:00:00 PM,14BIOGS_G01,N,N,N,3603.3218,3603.3218,7942.3333,3603.3218,3603.3218,
8/7/2024 1:00:00 PM,14BIOMS_U01,N,N,N,3603.3218,3603.3218,8043.7705,3603.3218,3603.3218,
8/7/2024 1:00:00 PM,14COTSUGR_G01,N,N,N,3406.9953,3406.9953,7661.5394,3406.9953,3406.9953,
8/7/2024 1:00:00 PM,14DSA_T1L1,N,N,N,3709.76,3709.76,10513.0159,3709.76,3709.76,
8/7/2024 1:00:00 PM,14DSA_T2L1,N,N,N,3603.3218,3603.3218,10513.0159,3603.3218,3603.3218,
8/7/2024 1:00:00 PM,14GENSAN_SS,N,N,N,3506.6188,3506.6188,10513.0159,3506.6188,3506.6188,
8/7/2024 1:00:00 PM,14GERBIO_G01,N,N,N,3603.3218,3603.3218,8043.7705,3603.3218,3603.3218,
8/7/2024 1:00:00 PM,14GLA_T1L1,N,N,N,3506.2943,3506.2943,10513.0159,3506.2943,3506.2943,
8/7/2024 1:00:00 PM,14KAMANGA_SS,N,N,N,3420.9491,3420.9491,10513.0159,3420.9491,3420.9491,
8/7/2024 1:00:00 PM,14KAM_L03,N,N,N,3506.2943,3506.2943,10513.0159,3506.2943,3506.2943,
8/7/2024 1:00:00 PM,14KIDAP_SS,N,N,N,3402.1277,3402.1277,10513.0159,3402.1277,3402.1277,
8/7/2024 1:00:00 PM,14KLN_T1L1,N,N,N,3603.3218,3603.3218,10513.0159,3603.3218,3603.3218,
8/7/2024 1:00:00 PM,14LAMSAN_G01,N,N,N,3709.76,3709.76,13972.3563,3709.76,3709.76,
8/7/2024 1:00:00 PM,14LLE_T1L1,N,N,N,3506.2943,3506.2943,10513.0159,3506.2943,3506.2943,
8/7/2024 1:00:00 PM,14MARBEL_U01,N,N,N,3603.3218,3603.3218,8370.9423,3603.3218,3603.3218,
8/7/2024 1:00:00 PM,14MID_T1L1,N,N,N,3709.76,3709.76,10513.0159,3709.76,3709.76,
8/7/2024 1:00:00 PM,14MTAPO_U01,N,N,N,3400.5051,3400.5051,7737.6057,3400.5051,3400.5051,
8/7/2024 1:00:00 PM,14MTAPO_U02,N,N,N,3400.8296,3400.8296,7911.5238,3400.8296,3400.8296,
8/7/2024 1:00:00 PM,14MTAPO_U03,N,N,N,3245.0665,3245.0665,9080.5020,3245.0665,3245.0665,
8/7/2024 1:00:00 PM,14NVSOL_G01,N,N,N,3603.3218,3603.3218,7657.1834,3603.3218,3603.3218,
8/7/2024 1:00:00 PM,14PKPSOC_G01,N,N,N,3506.2943,3506.2943,12669.9295,3506.2943,3506.2943,
8/7/2024 1:00:00 PM,14PTU_T1L1,N,N,N,3506.2943,3506.2943,10513.0159,3506.2943,3506.2943,
8/7/2024 1:00:00 PM,14SARANG_U01,N,N,N,3506.2943,3506.2943,7794.8261,3506.2943,3506.2943,
8/7/2024 1:00:00 PM,14SARANG_U02,N,N,N,3420.30,3420.30,7703.7974,3420.30,3420.30,
8/7/2024 1:00:00 PM,14SIGHYDRO_G01,N,N,N,3506.2943,3506.2943,9318.9002,3506.2943,3506.2943,
8/7/2024 1:00:00 PM,14SKU_T1L1,N,N,N,3709.76,3709.76,10513.0159,3709.76,3709.76,
8/7/2024 1:00:00 PM,14SMY_T1L1,N,N,N,3709.76,3709.76,10513.0159,3709.76,3709.76,
8/7/2024 1:00:00 PM,14SPGI_U01,N,N,N,3603.3218,3603.3218,6245.2434,3603.3218,3603.3218,
8/7/2024 1:00:00 PM,14SRL_T1L1,N,N,N,3603.3218,3603.3218,10513.0159,3603.3218,3603.3218,
8/7/2024 1:00:00 PM,14SULTAN_SS,N,N,N,3709.76,3709.76,10513.0159,3709.76,3709.76,
8/7/2024 1:00:00 PM,14SUPKOR_G01,N,N,N,3603.3218,3603.3218,8043.7705,3603.3218,3603.3218,
8/7/2024 1:00:00 PM,14TACSUR_L02,N,N,N,3603.3218,3603.3218,10513.0159,3603.3218,3603.3218,
8/7/2024 1:00:00 PM,14TACUR_SS,N,N,N,3603.3218,3603.3218,10513.0159,3603.3218,3603.3218,
8/7/2024 1:00:00 PM,14TIN_T1L1,N,N,N,3506.2943,3506.2943,10513.0159,3506.2943,3506.2943,
8/7/2024 1:00:00 PM,14TIN_T1L2,N,N,N,3506.2943,3506.2943,10513.0159,3506.2943,3506.2943,
EOF
