TIME_INTERVAL,RESOURCE_NAME,AP_FLAG,SEC_FLAG,PSM_FLAG,DIPC_PRICE,RTD_PRICE,ADMIN_PRICE,SEC_PRICE,PSM_PRICE,
8/3/2024 11:10:00 PM,01ACNPC_G01,N,N,N,4252.5902,4252.5902,11934.3089,4252.5902,4252.5902,
8/3/2024 11:10:00 PM,01AEC_L01,N,N,N,4250.4705,4250.4705,11684.9462,4250.4705,4250.4705,
8/3/2024 11:10:00 PM,01AMBUK_SS,N,N,N,4212.3155,4212.3155,11684.9462,4212.3155,4212.3155,
8/3/2024 11:10:00 PM,01AMBUK_T1L1,N,N,N,4212.3155,4212.3155,11684.9462,4212.3155,4212.3155,
8/3/2024 11:10:00 PM,01AMBUK_U01,N,N,N,4210.6197,4210.6197,11993.7201,4210.6197,4210.6197,
8/3/2024 11:10:00 PM,01AMBUK_U02,N,N,N,4211.8915,4211.8915,11070.7568,4211.8915,4211.8915,
8/3/2024 11:10:00 PM,01AMBUK_U03,N,N,N,4210.6197,4210.6197,14744.9102,4210.6197,4210.6197,
8/3/2024 11:10:00 PM,01AMPHAW_G01,N,N,N,4213.5873,4213.5873,12862.9479,4213.5873,4213.5873,
8/3/2024 11:10:00 PM,01ANDA_G01,N,N,N,4250.4705,4250.4705,12889.3050,4250.4705,4250.4705,
8/3/2024 11:10:00 PM,01ANGAT_A,N,N,N,4228.0014,4228.0014,12903.5492,4228.0014,4228.0014,
8/3/2024 11:10:00 PM,01ANGAT_M,N,N,N,4230.5451,4230.5451,12723.7353,4230.5451,4230.5451,
8/3/2024 11:10:00 PM,01ANGAT_SS,N,N,N,4229.6972,4229.6972,11684.9462,4229.6972,4229.6972,
8/3/2024 11:10:00 PM,01ANGAT_T5L1,N,N,N,4239.4480,4239.4480,11684.9462,4239.4480,4239.4480,
8/3/2024 11:10:00 PM,01APEC_G01,N,N,N,4250.4705,4250.4705,17660.9586,4250.4705,4250.4705,
8/3/2024 11:10:00 PM,01ARAYSOL_G01,N,N,N,4250.4705,4250.4705,12827.2465,4250.4705,4250.4705,
8/3/2024 11:10:00 PM,01ARAYSOL_G02,N,N,N,4250.4705,4250.4705,12827.2465,4250.4705,4250.4705,
8/3/2024 11:10:00 PM,01ARMSOL_G01,N,N,N,4252.5902,4252.5902,12838.1047,4252.5902,4252.5902,
8/3/2024 11:10:00 PM,01BAKSIP_G01,N,N,N,4213.5873,4213.5873,13069.6048,4213.5873,4213.5873,
8/3/2024 11:10:00 PM,01BAKUN_G01,N,N,N,4218.2507,4218.2507,12664.1943,4218.2507,4218.2507,
8/3/2024 11:10:00 PM,01BAKUN_SS,N,N,N,4218.2507,4218.2507,11684.9462,4218.2507,4218.2507,
8/3/2024 11:10:00 PM,01BALNEO_L01,N,N,N,4178.8238,4178.8238,11684.9462,4178.8238,4178.8238,
8/3/2024 11:10:00 PM,01BALNEO_L02,N,N,N,4178.8238,4178.8238,11684.9462,4178.8238,4178.8238,
8/3/2024 11:10:00 PM,01BALNEO_SS,N,N,N,4166.5294,4166.5294,11684.9462,4166.5294,4166.5294,
8/3/2024 11:10:00 PM,01BALSIK_SS,N,N,N,4120.3195,4120.3195,11684.9462,4120.3195,4120.3195,
8/3/2024 11:10:00 PM,01BALWIND_G01,N,N,N,4304.3115,4304.3115,12898.1663,4304.3115,4304.3115,
8/3/2024 11:10:00 PM,01BANTAY_SS,N,N,N,4349.6736,4349.6736,11684.9462,4349.6736,4349.6736,
8/3/2024 11:10:00 PM,01BATAAN_SS,N,N,N,4005.8544,4005.8544,11684.9462,4005.8544,4005.8544,
8/3/2024 11:10:00 PM,01BAUANG_GS1,N,N,N,4212.7394,4212.7394,20913.9676,4212.7394,4212.7394,
8/3/2024 11:10:00 PM,01BAUANG_GS2,N,N,N,4212.7394,4212.7394,18612.9762,4212.7394,4212.7394,
8/3/2024 11:10:00 PM,01BAUANG_GS3,N,N,N,4212.7394,4212.7394,20512.8905,4212.7394,4212.7394,
8/3/2024 11:10:00 PM,01BAUANG_SS,N,N,N,4219.5225,4219.5225,11684.9462,4219.5225,4219.5225,
8/3/2024 11:10:00 PM,01BAUAN_T1L1,N,N,N,4220.7944,4220.7944,11684.9462,4220.7944,4220.7944,
8/3/2024 11:10:00 PM,01BAUAN_T1L2,N,N,N,4220.7944,4220.7944,11684.9462,4220.7944,4220.7944,
8/3/2024 11:10:00 PM,01BAUAN_T1L3,N,N,N,4220.7944,4220.7944,11684.9462,4220.7944,4220.7944,
8/3/2024 11:10:00 PM,01BAUAN_T2L1,N,N,N,4220.7944,4220.7944,11684.9462,4220.7944,4220.7944,
8/3/2024 11:10:00 PM,01BAUAN_T2L2,N,N,N,4219.9465,4219.9465,11684.9462,4219.9465,4219.9465,
8/3/2024 11:10:00 PM,01BCNOT_SS,N,N,N,4243.2635,4243.2635,11684.9462,4243.2635,4243.2635,
8/3/2024 11:10:00 PM,01BCNOT_T1L1,N,N,N,4243.6874,4243.6874,11684.9462,4243.6874,4243.6874,
8/3/2024 11:10:00 PM,01BCNOT_T1L2,N,N,N,4243.6874,4243.6874,11684.9462,4243.6874,4243.6874,
8/3/2024 11:10:00 PM,01BINENG_G01,N,N,N,4213.5873,4213.5873,15178.9735,4213.5873,4213.5873,
8/3/2024 11:10:00 PM,01BINGA_SS,N,N,N,4203.4126,4203.4126,11684.9462,4203.4126,4203.4126,
8/3/2024 11:10:00 PM,01BINGA_T1L1,N,N,N,4203.8366,4203.8366,11684.9462,4203.8366,4203.8366,
8/3/2024 11:10:00 PM,01BINGA_U01,N,N,N,4201.2929,4201.2929,14541.8551,4201.2929,4201.2929,
8/3/2024 11:10:00 PM,01BINGA_U02,N,N,N,4201.2929,4201.2929,9758.9065,4201.2929,4201.2929,
8/3/2024 11:10:00 PM,01BINGA_U03,N,N,N,4201.2929,4201.2929,12272.4610,4201.2929,4201.2929,
8/3/2024 11:10:00 PM,01BINGA_U04,N,N,N,4201.2929,4201.2929,14523.6846,4201.2929,4201.2929,
8/3/2024 11:10:00 PM,01BNTAY_T1L1,N,N,N,4349.2497,4349.2497,11684.9462,4349.2497,4349.2497,
8/3/2024 11:10:00 PM,01BNTAY_T1L2,N,N,N,4349.2497,4349.2497,11684.9462,4349.2497,4349.2497,
8/3/2024 11:10:00 PM,01BNTAY_T1L3,N,N,N,4349.2497,4349.2497,11684.9462,4349.2497,4349.2497,
8/3/2024 11:10:00 PM,01BOSUNG_G01,N,N,N,4319.9975,4319.9975,13016.4767,4319.9975,4319.9975,
8/3/2024 11:10:00 PM,01BOTOLAN_SS,N,N,N,4154.6590,4154.6590,11684.9462,4154.6590,4154.6590,
8/3/2024 11:10:00 PM,01BOTOL_T1L1,N,N,N,4163.1379,4163.1379,11684.9462,4163.1379,4163.1379,
8/3/2024 11:10:00 PM,01BOTOL_T1L2,N,N,N,4163.1379,4163.1379,11684.9462,4163.1379,4163.1379,
8/3/2024 11:10:00 PM,01BPC_T1L1,N,N,N,4005.8544,4005.8544,11684.9462,4005.8544,4005.8544,
8/3/2024 11:10:00 PM,01BPC_T2L2,N,N,N,4005.8544,4005.8544,11684.9462,4005.8544,4005.8544,
8/3/2024 11:10:00 PM,01BPPC_SS,N,N,N,4212.7394,4212.7394,11684.9462,4212.7394,4212.7394,
8/3/2024 11:10:00 PM,01BT2020_G01,N,N,N,4111.8406,4111.8406,12397.5635,4111.8406,4111.8406,
8/3/2024 11:10:00 PM,01BT2020_G02,N,N,N,4111.8406,4111.8406,12397.5635,4111.8406,4111.8406,
8/3/2024 11:10:00 PM,01BTNSOL_G01,N,N,N,4007.9741,4007.9741,12170.3644,4007.9741,4007.9741,
8/3/2024 11:10:00 PM,01BTPP_T3L1,N,N,N,4007.9741,4007.9741,11684.9462,4007.9741,4007.9741,
8/3/2024 11:10:00 PM,01BTPP_T3L2,N,N,N,4007.9741,4007.9741,11684.9462,4007.9741,4007.9741,
8/3/2024 11:10:00 PM,01BTPP_T3L3,N,N,N,4007.9741,4007.9741,11684.9462,4007.9741,4007.9741,
8/3/2024 11:10:00 PM,01BTPP_T3L4,N,N,N,4007.9741,4007.9741,11684.9462,4007.9741,4007.9741,
8/3/2024 11:10:00 PM,01BTPP_T3L5,N,N,N,4007.9741,4007.9741,11684.9462,4007.9741,4007.9741,
8/3/2024 11:10:00 PM,01BTPP_T4L1,N,N,N,4239.4480,4239.4480,11684.9462,4239.4480,4239.4480,
8/3/2024 11:10:00 PM,01BTSOLEN_BAT,N,N,N,4007.9741,4007.9741,12170.3644,4007.9741,4007.9741,
8/3/2024 11:10:00 PM,01BTSOLEN_G01,N,N,N,4007.9741,4007.9741,12170.3644,4007.9741,4007.9741,
8/3/2024 11:10:00 PM,01BULSOL_G01,N,N,N,4275.9072,4275.9072,12893.2012,4275.9072,4275.9072,
8/3/2024 11:10:00 PM,01BURGOS_G01,N,N,N,4314.0622,4314.0622,7452.3466,4314.0622,4314.0622,
8/3/2024 11:10:00 PM,01BURGOS_G02,N,N,N,4319.9975,4319.9975,13016.4767,4319.9975,4319.9975,
8/3/2024 11:10:00 PM,01BURGOS_G03,N,N,N,4319.9975,4319.9975,7461.6281,4319.9975,4319.9975,
8/3/2024 11:10:00 PM,01BURGOS_SS,N,N,N,4314.0622,4314.0622,11684.9462,4314.0622,4314.0622,
8/3/2024 11:10:00 PM,01BUTAO_G01,N,N,N,4208.50,4208.50,12711.8269,4208.50,4208.50,
8/3/2024 11:10:00 PM,01BYOMB_DID,N,N,N,4286.0819,4286.0819,11684.9462,4286.0819,4286.0819,
8/3/2024 11:10:00 PM,01BYOMB_SS,N,N,N,4284.81,4284.81,11684.9462,4284.81,4284.81,
8/3/2024 11:10:00 PM,01BYOMB_T1L1,N,N,N,4289.0495,4289.0495,11684.9462,4289.0495,4289.0495,
8/3/2024 11:10:00 PM,01BYOMB_T1L2,N,N,N,4286.0819,4286.0819,11684.9462,4286.0819,4286.0819,
8/3/2024 11:10:00 PM,01BYOMB_T1L3,N,N,N,4289.0495,4289.0495,11684.9462,4289.0495,4289.0495,
8/3/2024 11:10:00 PM,01CABSOL_G01,N,N,N,4314.4862,4314.4862,13037.1517,4314.4862,4314.4862,
8/3/2024 11:10:00 PM,01CAGBIO_G01,N,N,N,4407.3301,4407.3301,13658.6836,4407.3301,4407.3301,
8/3/2024 11:10:00 PM,01CAGYSOL_G01,N,N,N,4462.0190,4462.0190,14286.0406,4462.0190,4462.0190,
8/3/2024 11:10:00 PM,01CALIBUNK_G01,N,N,N,4250.4705,4250.4705,12827.2465,4250.4705,4250.4705,
8/3/2024 11:10:00 PM,01CAPRIS_G01,N,N,N,4300.9199,4300.9199,7447.3489,4300.9199,4300.9199,
8/3/2024 11:10:00 PM,01CAPRIS_G02,N,N,N,4300.9199,4300.9199,12989.9766,4300.9199,4300.9199,
8/3/2024 11:10:00 PM,01CASECN_G01,N,N,N,4134.7336,4134.7336,12831.1388,4134.7336,4134.7336,
8/3/2024 11:10:00 PM,01CASECN_SS,N,N,N,4134.7336,4134.7336,11684.9462,4134.7336,4134.7336,
8/3/2024 11:10:00 PM,01CAYBSOL_G01,N,N,N,4119.0476,4119.0476,12409.3164,4119.0476,4119.0476,
8/3/2024 11:10:00 PM,01CBNTU_SS,N,N,N,4314.9101,4314.9101,11684.9462,4314.9101,4314.9101,
8/3/2024 11:10:00 PM,01CBNTU_T1L1,N,N,N,4314.4862,4314.4862,11684.9462,4314.4862,4314.4862,
8/3/2024 11:10:00 PM,01CBNTU_T1L3,N,N,N,4314.4862,4314.4862,11684.9462,4314.4862,4314.4862,
8/3/2024 11:10:00 PM,01CBNTU_T2L1,N,N,N,4314.4862,4314.4862,11684.9462,4314.4862,4314.4862,
8/3/2024 11:10:00 PM,01CBNTU_T2L2,N,N,N,4314.4862,4314.4862,11684.9462,4314.4862,4314.4862,
8/3/2024 11:10:00 PM,01CBN_CELCOR,N,N,N,4314.4862,4314.4862,11684.9462,4314.4862,4314.4862,
8/3/2024 11:10:00 PM,01CIP2_G01,N,N,N,4243.6874,4243.6874,21894.0163,4243.6874,4243.6874,
8/3/2024 11:10:00 PM,01CLARK_L01,N,N,N,4239.4480,4239.4480,11684.9462,4239.4480,4239.4480,
8/3/2024 11:10:00 PM,01CLARK_L02,N,N,N,4250.8945,4250.8945,11684.9462,4250.8945,4250.8945,
8/3/2024 11:10:00 PM,01CLARK_L03,N,N,N,4250.8945,4250.8945,11684.9462,4250.8945,4250.8945,
8/3/2024 11:10:00 PM,01CLARK_L04,N,N,N,4252.1663,4252.1663,11684.9462,4252.1663,4252.1663,
8/3/2024 11:10:00 PM,01CLARK_SS,N,N,N,4250.8945,4250.8945,11684.9462,4250.8945,4250.8945,
8/3/2024 11:10:00 PM,01CLARK_T1L1,N,N,N,4250.8945,4250.8945,11684.9462,4250.8945,4250.8945,
8/3/2024 11:10:00 PM,01CLARK_T1L2,N,N,N,4239.4480,4239.4480,11684.9462,4239.4480,4239.4480,
8/3/2024 11:10:00 PM,01CLARK_T2L1,N,N,N,4253.8621,4253.8621,11684.9462,4253.8621,4253.8621,
8/3/2024 11:10:00 PM,01CLASOL_G01,N,N,N,4250.8945,4250.8945,12824.3838,4250.8945,4250.8945,
8/3/2024 11:10:00 PM,01CLEANG_G01,N,N,N,4111.8406,4111.8406,12397.5635,4111.8406,4111.8406,
8/3/2024 11:10:00 PM,01CNCEP_BAT,N,N,N,4253.4381,4253.4381,7241.0136,4253.4381,4253.4381,
8/3/2024 11:10:00 PM,01CNCEP_CAT,N,N,N,4253.4381,4253.4381,11684.9462,4253.4381,4253.4381,
8/3/2024 11:10:00 PM,01CNCEP_DAP2,N,N,N,4253.4381,4253.4381,11684.9462,4253.4381,4253.4381,
8/3/2024 11:10:00 PM,01CNCEP_SS,N,N,N,4244.1113,4244.1113,11684.9462,4244.1113,4244.1113,
8/3/2024 11:10:00 PM,01CNCEP_T1L3,N,N,N,4244.1113,4244.1113,11684.9462,4244.1113,4244.1113,
8/3/2024 11:10:00 PM,01CNCEP_TEI,N,N,N,4252.5902,4252.5902,11684.9462,4252.5902,4252.5902,
8/3/2024 11:10:00 PM,01CN_TRELC1,N,N,N,4252.5902,4252.5902,11684.9462,4252.5902,4252.5902,
8/3/2024 11:10:00 PM,01CN_TRELC2,N,N,N,4253.4381,4253.4381,11684.9462,4253.4381,4253.4381,
8/3/2024 11:10:00 PM,01CONSOL_G01,N,N,N,4253.4381,4253.4381,12839.3681,4253.4381,4253.4381,
8/3/2024 11:10:00 PM,01CRUZD_MECO,N,N,N,4275.9072,4275.9072,11684.9462,4275.9072,4275.9072,
8/3/2024 11:10:00 PM,01CRUZD_SS,N,N,N,4272.0917,4272.0917,11684.9462,4272.0917,4272.0917,
8/3/2024 11:10:00 PM,01CRUZD_T2L1,N,N,N,4275.9072,4275.9072,11684.9462,4275.9072,4275.9072,
8/3/2024 11:10:00 PM,01CURIM_SS,N,N,N,4341.6186,4341.6186,11684.9462,4341.6186,4341.6186,
8/3/2024 11:10:00 PM,01CURIM_T1L1,N,N,N,4342.8905,4342.8905,11684.9462,4342.8905,4342.8905,
8/3/2024 11:10:00 PM,01CURIM_T1L2,N,N,N,4342.8905,4342.8905,11684.9462,4342.8905,4342.8905,
8/3/2024 11:10:00 PM,01CURSOL_G02,N,N,N,4342.8905,4342.8905,13076.2389,4342.8905,4342.8905,
8/3/2024 11:10:00 PM,01DALSOL_G01,N,N,N,4252.5902,4252.5902,12838.1047,4252.5902,4252.5902,
8/3/2024 11:10:00 PM,01DUHAT_SS,N,N,N,4278.4509,4278.4509,11684.9462,4278.4509,4278.4509,
8/3/2024 11:10:00 PM,01DUHAT_T1L1,N,N,N,4290.3213,4290.3213,11684.9462,4290.3213,4290.3213,
8/3/2024 11:10:00 PM,01EHVSJ_SS,N,N,N,4200.0211,4200.0211,11684.9462,4200.0211,4200.0211,
8/3/2024 11:10:00 PM,01EHVSM_SS,N,N,N,4164.8337,4164.8337,11684.9462,4164.8337,4164.8337,
8/3/2024 11:10:00 PM,01GAMU_BAT,N,N,N,4413.2653,4413.2653,13683.8493,4413.2653,4413.2653,
8/3/2024 11:10:00 PM,01GAMU_BATL,N,N,N,4413.2653,4413.2653,11684.9462,4413.2653,4413.2653,
8/3/2024 11:10:00 PM,01GAMU_SS,N,N,N,4407.7540,4407.7540,11684.9462,4407.7540,4407.7540,
8/3/2024 11:10:00 PM,01GAMU_T1L1,N,N,N,4413.2653,4413.2653,11684.9462,4413.2653,4413.2653,
8/3/2024 11:10:00 PM,01GAMU_T1L2,N,N,N,4407.3301,4407.3301,11684.9462,4407.3301,4407.3301,
8/3/2024 11:10:00 PM,01GFII_G01,N,N,N,4413.2653,4413.2653,13683.8493,4413.2653,4413.2653,
8/3/2024 11:10:00 PM,01GIFT_G01,N,N,N,4314.4862,4314.4862,13426.1993,4314.4862,4314.4862,
8/3/2024 11:10:00 PM,01GIFT_G02,N,N,N,4314.4862,4314.4862,15110.8119,4314.4862,4314.4862,
8/3/2024 11:10:00 PM,01GIGSOL_G01,N,N,N,4163.1379,4163.1379,12545.6755,4163.1379,4163.1379,
8/3/2024 11:10:00 PM,01GNPD_SS,N,N,N,4093.6109,4093.6109,11684.9462,4093.6109,4093.6109,
8/3/2024 11:10:00 PM,01GNPD_U01,N,N,N,4057.5756,4057.5756,12192.9904,4057.5756,4057.5756,
8/3/2024 11:10:00 PM,01GNPD_U02,N,N,N,4239.4480,4239.4480,9302.5832,4239.4480,4239.4480,
8/3/2024 11:10:00 PM,01GRGOLD_G01,N,N,N,4314.4862,4314.4862,14047.8639,4314.4862,4314.4862,
8/3/2024 11:10:00 PM,01HANJI_SS,N,N,N,4134.3096,4134.3096,11684.9462,4134.3096,4134.3096,
8/3/2024 11:10:00 PM,01HANJI_T1L1,N,N,N,4134.7336,4134.7336,11684.9462,4134.7336,4134.7336,
8/3/2024 11:10:00 PM,01HANJI_T2L1,N,N,N,4134.3096,4134.3096,11684.9462,4134.3096,4134.3096,
8/3/2024 11:10:00 PM,01HERMO_FBL,N,N,N,4111.8406,4111.8406,11684.9462,4111.8406,4111.8406,
8/3/2024 11:10:00 PM,01HERMO_SS,N,N,N,4108.0251,4108.0251,11684.9462,4108.0251,4108.0251,
8/3/2024 11:10:00 PM,01HERMO_T1L1,N,N,N,4111.8406,4111.8406,11684.9462,4111.8406,4111.8406,
8/3/2024 11:10:00 PM,01HERMO_T1L2,N,N,N,4111.8406,4111.8406,11684.9462,4111.8406,4111.8406,
8/3/2024 11:10:00 PM,01HERMO_T1L3,N,N,N,4239.4480,4239.4480,11684.9462,4239.4480,4239.4480,
8/3/2024 11:10:00 PM,01HERMO_T1L4,N,N,N,4111.8406,4111.8406,11684.9462,4111.8406,4111.8406,
8/3/2024 11:10:00 PM,01HYPGRN_G01,N,N,N,4290.3213,4290.3213,12876.1801,4290.3213,4290.3213,
8/3/2024 11:10:00 PM,01IBEC_G01,N,N,N,4338.2271,4338.2271,13511.5911,4338.2271,4338.2271,
8/3/2024 11:10:00 PM,01IBULAO_G01,N,N,N,4289.0495,4289.0495,14414.0067,4289.0495,4289.0495,
8/3/2024 11:10:00 PM,01IPOWER_G01,N,N,N,4314.4862,4314.4862,15531.7789,4314.4862,4314.4862,
8/3/2024 11:10:00 PM,01IPOWER_G02,N,N,N,4314.4862,4314.4862,10368.6582,4314.4862,4314.4862,
8/3/2024 11:10:00 PM,01KDAM_SS,N,N,N,4134.7336,4134.7336,11684.9462,4134.7336,4134.7336,
8/3/2024 11:10:00 PM,01LAMAO_BAT,N,N,N,3996.1036,3996.1036,20973.9177,3996.1036,3996.1036,
8/3/2024 11:10:00 PM,01LAMAO_SS,N,N,N,3996.5276,3996.5276,11684.9462,3996.5276,3996.5276,
8/3/2024 11:10:00 PM,01LAOAG_SS,N,N,N,4316.6059,4316.6059,11684.9462,4316.6059,4316.6059,
8/3/2024 11:10:00 PM,01LAOAG_T1L1,N,N,N,4320.4214,4320.4214,11684.9462,4320.4214,4320.4214,
8/3/2024 11:10:00 PM,01LAOAG_T1L2,N,N,N,4320.4214,4320.4214,11684.9462,4320.4214,4320.4214,
8/3/2024 11:10:00 PM,01LAOAG_T2L2,N,N,N,4319.9975,4319.9975,11684.9462,4319.9975,4319.9975,
8/3/2024 11:10:00 PM,01LAOSOL_G01,N,N,N,4119.0476,4119.0476,12409.3164,4119.0476,4119.0476,
8/3/2024 11:10:00 PM,01LAOSOL_SS,N,N,N,4119.0476,4119.0476,11684.9462,4119.0476,4119.0476,
8/3/2024 11:10:00 PM,01LASUER_U01,N,N,N,4407.3301,4407.3301,13797.6836,4407.3301,4407.3301,
8/3/2024 11:10:00 PM,01LATRI_SS,N,N,N,4211.0437,4211.0437,11684.9462,4211.0437,4211.0437,
8/3/2024 11:10:00 PM,01LATRI_T1L1,N,N,N,4213.5873,4213.5873,11684.9462,4213.5873,4213.5873,
8/3/2024 11:10:00 PM,01LATRI_T2L1,N,N,N,4213.5873,4213.5873,11684.9462,4213.5873,4213.5873,
8/3/2024 11:10:00 PM,01LATRI_T2L2,N,N,N,4213.5873,4213.5873,11684.9462,4213.5873,4213.5873,
8/3/2024 11:10:00 PM,01LATRI_T2L3,N,N,N,4213.5873,4213.5873,11684.9462,4213.5873,4213.5873,
8/3/2024 11:10:00 PM,01LAT_BENECO,N,N,N,4213.5873,4213.5873,11684.9462,4213.5873,4213.5873,
8/3/2024 11:10:00 PM,01LAT_PHILEX,N,N,N,4213.5873,4213.5873,11684.9462,4213.5873,4213.5873,
8/3/2024 11:10:00 PM,01LBRDR_SS,N,N,N,4119.8955,4119.8955,11684.9462,4119.8955,4119.8955,
8/3/2024 11:10:00 PM,01LBR_CNPELC,N,N,N,4239.4480,4239.4480,11684.9462,4239.4480,4239.4480,
8/3/2024 11:10:00 PM,01LBR_DECORP,N,N,N,4121.5913,4121.5913,11684.9462,4121.5913,4121.5913,
8/3/2024 11:10:00 PM,01LBR_PNELC1,N,N,N,4122.0152,4122.0152,11684.9462,4122.0152,4122.0152,
8/3/2024 11:10:00 PM,01LIMAY_BAT,N,N,N,4007.9741,4007.9741,20795.1491,4007.9741,4007.9741,
8/3/2024 11:10:00 PM,01LIMAY_SS,N,N,N,4005.4304,4005.4304,11684.9462,4005.4304,4005.4304,
8/3/2024 11:10:00 PM,01LIMAY_U01,N,N,N,4005.4304,4005.4304,12161.2741,4005.4304,4005.4304,
8/3/2024 11:10:00 PM,01LIMAY_U02,N,N,N,4005.4304,4005.4304,12161.2741,4005.4304,4005.4304,
8/3/2024 11:10:00 PM,01LIMAY_U03,N,N,N,4005.4304,4005.4304,12161.2741,4005.4304,4005.4304,
8/3/2024 11:10:00 PM,01LIMAY_U04,N,N,N,4005.4304,4005.4304,12161.2741,4005.4304,4005.4304,
8/3/2024 11:10:00 PM,01LIMAY_U05,N,N,N,4005.4304,4005.4304,12161.2741,4005.4304,4005.4304,
8/3/2024 11:10:00 PM,01LIMAY_U06,N,N,N,4005.4304,4005.4304,12161.2741,4005.4304,4005.4304,
8/3/2024 11:10:00 PM,01LIMAY_U07,N,N,N,4005.4304,4005.4304,12161.2741,4005.4304,4005.4304,
8/3/2024 11:10:00 PM,01LIMAY_U08,N,N,N,4005.4304,4005.4304,12161.2741,4005.4304,4005.4304,
8/3/2024 11:10:00 PM,01MAEC_G01,N,N,N,4342.8905,4342.8905,13076.2389,4342.8905,4342.8905,
8/3/2024 11:10:00 PM,01MAEC_S01,N,N,N,4342.8905,4342.8905,11684.9462,4342.8905,4342.8905,
8/3/2024 11:10:00 PM,01MAGAPIT_BAT,N,N,N,4462.0190,4462.0190,14286.0406,4462.0190,4462.0190,
8/3/2024 11:10:00 PM,01MAGAT_BAT,N,N,N,4328.4764,4328.4764,23383.4935,4328.4764,4328.4764,
8/3/2024 11:10:00 PM,01MAGAT_SS,N,N,N,4328.0524,4328.0524,11684.9462,4328.0524,4328.0524,
8/3/2024 11:10:00 PM,01MAGAT_U01,N,N,N,4328.0524,4328.0524,8298.2252,4328.0524,4328.0524,
8/3/2024 11:10:00 PM,01MAGAT_U02,N,N,N,4328.0524,4328.0524,12484.1519,4328.0524,4328.0524,
8/3/2024 11:10:00 PM,01MAGAT_U03,N,N,N,4328.4764,4328.4764,6648.6368,4328.4764,4328.4764,
8/3/2024 11:10:00 PM,01MAGAT_U04,N,N,N,4328.0524,4328.0524,12176.4988,4328.0524,4328.0524,
8/3/2024 11:10:00 PM,01MALOL_SS,N,N,N,4209.3479,4209.3479,11684.9462,4209.3479,4209.3479,
8/3/2024 11:10:00 PM,01MALOL_T1L1,N,N,N,4222.0662,4222.0662,11684.9462,4222.0662,4222.0662,
8/3/2024 11:10:00 PM,01MARIS_U01,N,N,N,4338.2271,4338.2271,13283.5066,4338.2271,4338.2271,
8/3/2024 11:10:00 PM,01MARIS_U02,N,N,N,4338.2271,4338.2271,13533.3847,4338.2271,4338.2271,
8/3/2024 11:10:00 PM,01MARSOL_G01,N,N,N,3984.2332,3984.2332,12102.6994,3984.2332,3984.2332,
8/3/2024 11:10:00 PM,01MARVEL_AUX,N,N,N,3981.2656,3981.2656,11684.9462,3981.2656,3981.2656,
8/3/2024 11:10:00 PM,01MARVEL_G01,N,N,N,3979.9937,3979.9937,12152.8698,3979.9937,3979.9937,
8/3/2024 11:10:00 PM,01MARVEL_G02,N,N,N,3979.9937,3979.9937,12109.7816,3979.9937,3979.9937,
8/3/2024 11:10:00 PM,01MARVEL_SS,N,N,N,3981.2656,3981.2656,11684.9462,3981.2656,3981.2656,
8/3/2024 11:10:00 PM,01MASIWA_G01,N,N,N,4314.4862,4314.4862,13037.1517,4314.4862,4314.4862,
8/3/2024 11:10:00 PM,01MASIWA_SS,N,N,N,4314.4862,4314.4862,11684.9462,4314.4862,4314.4862,
8/3/2024 11:10:00 PM,01MATUNO_G01,N,N,N,4286.0819,4286.0819,13210.6062,4286.0819,4286.0819,
8/3/2024 11:10:00 PM,01MEXICO_SS,N,N,N,4243.6874,4243.6874,11684.9462,4243.6874,4243.6874,
8/3/2024 11:10:00 PM,01MEX_AEC,N,N,N,4247.5029,4247.5029,11684.9462,4247.5029,4247.5029,
8/3/2024 11:10:00 PM,01MEX_CISP,N,N,N,4250.4705,4250.4705,11684.9462,4250.4705,4250.4705,
8/3/2024 11:10:00 PM,01MEX_CLARK1,N,N,N,4250.4705,4250.4705,11684.9462,4250.4705,4250.4705,
8/3/2024 11:10:00 PM,01MEX_CLARK2,N,N,N,4250.4705,4250.4705,11684.9462,4250.4705,4250.4705,
8/3/2024 11:10:00 PM,01MEX_CND,N,N,N,4250.4705,4250.4705,11684.9462,4250.4705,4250.4705,
8/3/2024 11:10:00 PM,01MEX_L01,N,N,N,4250.4705,4250.4705,11684.9462,4250.4705,4250.4705,
8/3/2024 11:10:00 PM,01MEX_MIC,N,N,N,4247.5029,4247.5029,11684.9462,4247.5029,4247.5029,
8/3/2024 11:10:00 PM,01MEX_PELCO1,N,N,N,4250.4705,4250.4705,11684.9462,4250.4705,4250.4705,
8/3/2024 11:10:00 PM,01MEX_PIMP,N,N,N,4250.4705,4250.4705,11684.9462,4250.4705,4250.4705,
8/3/2024 11:10:00 PM,01MEX_SFLAPC,N,N,N,4244.9592,4244.9592,11684.9462,4244.9592,4244.9592,
8/3/2024 11:10:00 PM,01MEX_SKK,N,N,N,4247.5029,4247.5029,11684.9462,4247.5029,4247.5029,
8/3/2024 11:10:00 PM,01MPGC_SS,N,N,N,4088.5236,4088.5236,11684.9462,4088.5236,4088.5236,
8/3/2024 11:10:00 PM,01MPGC_U01,N,N,N,4070.7179,4070.7179,16466.2787,4070.7179,4070.7179,
8/3/2024 11:10:00 PM,01MPGC_U02,N,N,N,4070.7179,4070.7179,12231.5736,4070.7179,4070.7179,
8/3/2024 11:10:00 PM,01MPGC_U03,N,N,N,4070.2940,4070.2940,12227.1773,4070.2940,4070.2940,
8/3/2024 11:10:00 PM,01MPGC_U04,N,N,N,4070.2940,4070.2940,11016.3691,4070.2940,4070.2940,
8/3/2024 11:10:00 PM,01MRVEL_T1L1,N,N,N,3984.2332,3984.2332,11684.9462,3984.2332,3984.2332,
8/3/2024 11:10:00 PM,01MSINLO_BAT,N,N,N,4017.7248,4017.7248,20608.0432,4017.7248,4017.7248,
8/3/2024 11:10:00 PM,01MSINLO_G01,N,N,N,4016.4530,4016.4530,11791.1671,4016.4530,4016.4530,
8/3/2024 11:10:00 PM,01MSINLO_G02,N,N,N,4017.7248,4017.7248,13153.1924,4017.7248,4017.7248,
8/3/2024 11:10:00 PM,01MSINLO_G03,N,N,N,4016.0290,4016.0290,12047.6531,4016.0290,4016.0290,
8/3/2024 11:10:00 PM,01MSINLO_SS,N,N,N,4017.7248,4017.7248,11684.9462,4017.7248,4017.7248,
8/3/2024 11:10:00 PM,01NIABAL_G01,N,N,N,4338.2271,4338.2271,13109.6923,4338.2271,4338.2271,
8/3/2024 11:10:00 PM,01NMHC_G01,N,N,N,4213.5873,4213.5873,13297.1240,4213.5873,4213.5873,
8/3/2024 11:10:00 PM,01NMHC_G03,N,N,N,4213.5873,4213.5873,14162.4351,4213.5873,4213.5873,
8/3/2024 11:10:00 PM,01NSNMN_L01,N,N,N,4239.4480,4239.4480,11684.9462,4239.4480,4239.4480,
8/3/2024 11:10:00 PM,01NSNMN_L02,N,N,N,4189.8464,4189.8464,11684.9462,4189.8464,4189.8464,
8/3/2024 11:10:00 PM,01NSNMN_SS,N,N,N,4183.4872,4183.4872,11684.9462,4183.4872,4183.4872,
8/3/2024 11:10:00 PM,01NSNMN_T1L1,N,N,N,4239.4480,4239.4480,11684.9462,4239.4480,4239.4480,
8/3/2024 11:10:00 PM,01NWIND_G01,N,N,N,4319.9975,4319.9975,7461.6281,4319.9975,4319.9975,
8/3/2024 11:10:00 PM,01NWIND_G02,N,N,N,4319.9975,4319.9975,7357.3479,4319.9975,4319.9975,
8/3/2024 11:10:00 PM,01NWIND_L01,N,N,N,4319.9975,4319.9975,11684.9462,4319.9975,4319.9975,
8/3/2024 11:10:00 PM,01OLONG_SS,N,N,N,4125.8307,4125.8307,11684.9462,4125.8307,4125.8307,
8/3/2024 11:10:00 PM,01OLONG_T1L1,N,N,N,4131.3420,4131.3420,11684.9462,4131.3420,4131.3420,
8/3/2024 11:10:00 PM,01OLONG_T2L2,N,N,N,4131.3420,4131.3420,11684.9462,4131.3420,4131.3420,
8/3/2024 11:10:00 PM,01OLONG_T3L3,N,N,N,4131.3420,4131.3420,11684.9462,4131.3420,4131.3420,
8/3/2024 11:10:00 PM,01PAGCAP_L01,N,N,N,4300.9199,4300.9199,11684.9462,4300.9199,4300.9199,
8/3/2024 11:10:00 PM,01PAGUD_SS,N,N,N,4300.9199,4300.9199,11684.9462,4300.9199,4300.9199,
8/3/2024 11:10:00 PM,01PASQSOL_G01,N,N,N,4316.6059,4316.6059,13006.8154,4316.6059,4316.6059,
8/3/2024 11:10:00 PM,01PAVGSOL_G01,N,N,N,4007.9741,4007.9741,11218.7043,4007.9741,4007.9741,
8/3/2024 11:10:00 PM,01PETRON_G01,N,N,N,4005.4304,4005.4304,6130.2043,4005.4304,4005.4304,
8/3/2024 11:10:00 PM,01PETSOL_G01,N,N,N,4253.4381,4253.4381,12839.3681,4253.4381,4253.4381,
8/3/2024 11:10:00 PM,01PETSOL_G02,N,N,N,4253.4381,4253.4381,12839.3681,4253.4381,4253.4381,
8/3/2024 11:10:00 PM,01PNTBNG_SS,N,N,N,4258.9494,4258.9494,11684.9462,4258.9494,4258.9494,
8/3/2024 11:10:00 PM,01PNTBNG_U01,N,N,N,4258.9494,4258.9494,12867.9077,4258.9494,4258.9494,
8/3/2024 11:10:00 PM,01PNTBNG_U02,N,N,N,4258.9494,4258.9494,12867.9077,4258.9494,4258.9494,
8/3/2024 11:10:00 PM,01RASLAG_G01,N,N,N,4250.4705,4250.4705,12827.2465,4250.4705,4250.4705,
8/3/2024 11:10:00 PM,01RASLAG_G02,N,N,N,4250.4705,4250.4705,12827.2465,4250.4705,4250.4705,
8/3/2024 11:10:00 PM,01RASLAG_G03,N,N,N,4250.4705,4250.4705,12827.2465,4250.4705,4250.4705,
8/3/2024 11:10:00 PM,01SABANG_G01,N,N,N,4213.5873,4213.5873,15815.1147,4213.5873,4213.5873,
8/3/2024 11:10:00 PM,01SANMIGSOL_G01,N,N,N,4275.9072,4275.9072,12893.2012,4275.9072,4275.9072,
8/3/2024 11:10:00 PM,01SE_ABRECO,N,N,N,4290.3213,4290.3213,11684.9462,4290.3213,4290.3213,
8/3/2024 11:10:00 PM,01SLANGN_G01,N,N,N,4213.5873,4213.5873,12809.4178,4213.5873,4213.5873,
8/3/2024 11:10:00 PM,01SMBELL_G01,N,N,N,4289.0495,4289.0495,13216.5071,4289.0495,4289.0495,
8/3/2024 11:10:00 PM,01SMC_G01,N,N,N,3994.8318,3994.8318,10883.2778,3994.8318,3994.8318,
8/3/2024 11:10:00 PM,01SMC_G02,N,N,N,3994.8318,3994.8318,9184.4801,3994.8318,3994.8318,
8/3/2024 11:10:00 PM,01SMC_G03,N,N,N,3994.8318,3994.8318,8118.0823,3994.8318,3994.8318,
8/3/2024 11:10:00 PM,01SMC_G04,N,N,N,3977.0261,3977.0261,6266.1527,3977.0261,3977.0261,
8/3/2024 11:10:00 PM,01SMC_SS,N,N,N,3994.8318,3994.8318,11684.9462,3994.8318,3994.8318,
8/3/2024 11:10:00 PM,01SMC_SS2,N,N,N,3994.8318,3994.8318,11684.9462,3994.8318,3994.8318,
8/3/2024 11:10:00 PM,01SMC_SS3,N,N,N,3994.8318,3994.8318,11684.9462,3994.8318,3994.8318,
8/3/2024 11:10:00 PM,01SMC_SS4,N,N,N,3977.0261,3977.0261,11684.9462,3977.0261,3977.0261,
8/3/2024 11:10:00 PM,01SNEST_SS,N,N,N,4283.5382,4283.5382,11684.9462,4283.5382,4283.5382,
8/3/2024 11:10:00 PM,01SNEST_T3L1,N,N,N,4296.2566,4296.2566,11684.9462,4296.2566,4296.2566,
8/3/2024 11:10:00 PM,01SNEST_T3L2,N,N,N,4296.2566,4296.2566,11684.9462,4296.2566,4296.2566,
8/3/2024 11:10:00 PM,01SNJOSE_L01,N,N,N,4235.6324,4235.6324,11684.9462,4235.6324,4235.6324,
8/3/2024 11:10:00 PM,01SNJOSE_SS,N,N,N,4227.5775,4227.5775,11684.9462,4227.5775,4227.5775,
8/3/2024 11:10:00 PM,01SNJOS_CAM,N,N,N,4235.6324,4235.6324,11684.9462,4235.6324,4235.6324,
8/3/2024 11:10:00 PM,01SNJOS_T1L1,N,N,N,4235.2085,4235.2085,11684.9462,4235.2085,4235.2085,
8/3/2024 11:10:00 PM,01SNJOS_T1L2,N,N,N,4272.5156,4272.5156,11684.9462,4272.5156,4272.5156,
8/3/2024 11:10:00 PM,01SNJOS_T1L3,N,N,N,4235.2085,4235.2085,11684.9462,4235.2085,4235.2085,
8/3/2024 11:10:00 PM,01SNMAN_BAT,N,N,N,4208.50,4208.50,21785.7694,4208.50,4208.50,
8/3/2024 11:10:00 PM,01SNMAN_LYO,N,N,N,4208.50,4208.50,11684.9462,4208.50,4208.50,
8/3/2024 11:10:00 PM,01SNMAN_SS,N,N,N,4183.9112,4183.9112,11684.9462,4183.9112,4183.9112,
8/3/2024 11:10:00 PM,01SNMAN_T1L2,N,N,N,4208.50,4208.50,11684.9462,4208.50,4208.50,
8/3/2024 11:10:00 PM,01SNMARSOL_G01,N,N,N,4108.0251,4108.0251,12383.9858,4108.0251,4108.0251,
8/3/2024 11:10:00 PM,01SNMAR_SS,N,N,N,4108.0251,4108.0251,11684.9462,4108.0251,4108.0251,
8/3/2024 11:10:00 PM,01SNM_PNELC3,N,N,N,4208.50,4208.50,11684.9462,4208.50,4208.50,
8/3/2024 11:10:00 PM,01SNTGO_SS,N,N,N,4338.6510,4338.6510,11684.9462,4338.6510,4338.6510,
8/3/2024 11:10:00 PM,01SNTGO_T1L1,N,N,N,4338.2271,4338.2271,11684.9462,4338.2271,4338.2271,
8/3/2024 11:10:00 PM,01SNTGO_T1L2,N,N,N,4338.2271,4338.2271,11684.9462,4338.2271,4338.2271,
8/3/2024 11:10:00 PM,01SNTGO_T1L3,N,N,N,4338.2271,4338.2271,11684.9462,4338.2271,4338.2271,
8/3/2024 11:10:00 PM,01SNTGO_T2L1,N,N,N,4338.2271,4338.2271,11684.9462,4338.2271,4338.2271,
8/3/2024 11:10:00 PM,01SNTGO_T2L2,N,N,N,4338.2271,4338.2271,11684.9462,4338.2271,4338.2271,
8/3/2024 11:10:00 PM,01SPABUL_G01,N,N,N,4275.9072,4275.9072,12893.2012,4275.9072,4275.9072,
8/3/2024 11:10:00 PM,01SROQUE_SS,N,N,N,4183.4872,4183.4872,11684.9462,4183.4872,4183.4872,
8/3/2024 11:10:00 PM,01SROQUE_U01,N,N,N,4183.4872,4183.4872,12633.6786,4183.4872,4183.4872,
8/3/2024 11:10:00 PM,01SROQUE_U02,N,N,N,4183.4872,4183.4872,12633.6786,4183.4872,4183.4872,
8/3/2024 11:10:00 PM,01SROQUE_U03,N,N,N,4183.4872,4183.4872,12633.6786,4183.4872,4183.4872,
8/3/2024 11:10:00 PM,01SUAL_G01,N,N,N,4074.1095,4074.1095,12269.8301,4074.1095,4074.1095,
8/3/2024 11:10:00 PM,01SUAL_G02,N,N,N,4087.6757,4087.6757,12489.2226,4087.6757,4087.6757,
8/3/2024 11:10:00 PM,01SUAL_T3L1,N,N,N,4092.3391,4092.3391,11684.9462,4092.3391,4092.3391,
8/3/2024 11:10:00 PM,01SUBIC_T3L1,N,N,N,4120.3195,4120.3195,11684.9462,4120.3195,4120.3195,
8/3/2024 11:10:00 PM,01SUBIC_T3L2,N,N,N,4120.3195,4120.3195,11684.9462,4120.3195,4120.3195,
8/3/2024 11:10:00 PM,01SUBSOL_G01,N,N,N,4120.3195,4120.3195,12415.4009,4120.3195,4120.3195,
8/3/2024 11:10:00 PM,01SUPSOL_G01,N,N,N,4120.3195,4120.3195,6993.2684,4120.3195,4120.3195,
8/3/2024 11:10:00 PM,01S_ENRO_G01,N,N,N,4120.3195,4120.3195,12415.4009,4120.3195,4120.3195,
8/3/2024 11:10:00 PM,01S_ENRO_SS,N,N,N,4120.3195,4120.3195,11684.9462,4120.3195,4120.3195,
8/3/2024 11:10:00 PM,01TERASU_G01,N,N,N,4252.5902,4252.5902,12838.1047,4252.5902,4252.5902,
8/3/2024 11:10:00 PM,01TGEGA_SS,N,N,N,4460.7471,4460.7471,11684.9462,4460.7471,4460.7471,
8/3/2024 11:10:00 PM,01TGEGA_T1L1,N,N,N,4462.0190,4462.0190,11684.9462,4462.0190,4462.0190,
8/3/2024 11:10:00 PM,01TG_CGELCO1,N,N,N,4462.0190,4462.0190,11684.9462,4462.0190,4462.0190,
8/3/2024 11:10:00 PM,01TG_CGELCO2,N,N,N,4462.0190,4462.0190,11684.9462,4462.0190,4462.0190,
8/3/2024 11:10:00 PM,01TG_ISELCO2,N,N,N,4462.0190,4462.0190,11684.9462,4462.0190,4462.0190,
8/3/2024 11:10:00 PM,01TPCBUNK_G01,N,N,N,4252.5902,4252.5902,18939.9910,4252.5902,4252.5902,
8/3/2024 11:10:00 PM,01TRASU_L01,N,N,N,4252.5902,4252.5902,11684.9462,4252.5902,4252.5902,
8/3/2024 11:10:00 PM,01TRUSTBIO_G01,N,N,N,4250.4705,4250.4705,12827.2465,4250.4705,4250.4705,
8/3/2024 11:10:00 PM,01TRUSTSOL_G01,N,N,N,4250.4705,4250.4705,12827.2465,4250.4705,4250.4705,
8/3/2024 11:10:00 PM,01T_ASIA_G01,N,N,N,4234.7846,4234.7846,12769.9279,4234.7846,4234.7846,
8/3/2024 11:10:00 PM,01T_ASI_T3L1,N,N,N,4234.7846,4234.7846,11684.9462,4234.7846,4234.7846,
8/3/2024 11:10:00 PM,01UPPC_G01,N,N,N,4250.4705,4250.4705,12827.2465,4250.4705,4250.4705,
8/3/2024 11:10:00 PM,01VSGRIP_G01,N,N,N,4314.4862,4314.4862,13560.4716,4314.4862,4314.4862,
8/3/2024 11:10:00 PM,01YHGRN_G01,N,N,N,4111.8406,4111.8406,12397.5635,4111.8406,4111.8406,
8/3/2024 11:10:00 PM,01ZAMSOL_G01,N,N,N,4163.1379,4163.1379,6320.7492,4163.1379,4163.1379,
8/3/2024 11:10:00 PM,02ARANE_T1L1,N,N,N,4296.6805,4296.6805,11684.9462,4296.6805,4296.6805,
8/3/2024 11:10:00 PM,02BALNT_T1L1,N,N,N,4273.3635,4273.3635,11684.9462,4273.3635,4273.3635,
8/3/2024 11:10:00 PM,02DOLOR_T1L1,N,N,N,4297.9523,4297.9523,11684.9462,4297.9523,4297.9523,
8/3/2024 11:10:00 PM,02ECOPRK_G01,N,N,N,4273.3635,4273.3635,12843.4716,4273.3635,4273.3635,
8/3/2024 11:10:00 PM,02ECOTAGA_G01,N,N,N,4273.3635,4273.3635,12843.4716,4273.3635,4273.3635,
8/3/2024 11:10:00 PM,02MMPP_G01,N,N,N,4273.3635,4273.3635,12843.4716,4273.3635,4273.3635,
8/3/2024 11:10:00 PM,02PACO_T1L1,N,N,N,4302.6157,4302.6157,11684.9462,4302.6157,4302.6157,
8/3/2024 11:10:00 PM,02PNGEA_G01,N,N,N,4273.3635,4273.3635,13113.0347,4273.3635,4273.3635,
8/3/2024 11:10:00 PM,02PNGYSOL_G01,N,N,N,4297.9523,4297.9523,12896.5632,4297.9523,4297.9523,
8/3/2024 11:10:00 PM,02SMNRTH_G01,N,N,N,4273.3635,4273.3635,12843.4716,4273.3635,4273.3635,
8/3/2024 11:10:00 PM,02SUCAT_T1L1,N,N,N,4277.6030,4277.6030,11684.9462,4277.6030,4277.6030,
8/3/2024 11:10:00 PM,02TMOBIL_G01,N,N,N,4273.3635,4273.3635,21948.1397,4273.3635,4273.3635,
8/3/2024 11:10:00 PM,02TMOBIL_G02,N,N,N,4273.3635,4273.3635,12843.4716,4273.3635,4273.3635,
8/3/2024 11:10:00 PM,02TMOBIL_G03,N,N,N,4273.3635,4273.3635,21948.1397,4273.3635,4273.3635,
8/3/2024 11:10:00 PM,02TMOBIL_G04,N,N,N,4273.3635,4273.3635,12843.4716,4273.3635,4273.3635,
8/3/2024 11:10:00 PM,02VALSOL_G01,N,N,N,4273.3635,4273.3635,12843.4716,4273.3635,4273.3635,
8/3/2024 11:10:00 PM,02ZAPOT_SS,N,N,N,4256.8297,4256.8297,11684.9462,4256.8297,4256.8297,
8/3/2024 11:10:00 PM,02ZAPOT_T1L1,N,N,N,4263.1889,4263.1889,11684.9462,4263.1889,4263.1889,
8/3/2024 11:10:00 PM,03ADISOL_G01,N,N,N,4189.8464,4189.8464,12340.4333,4189.8464,4189.8464,
8/3/2024 11:10:00 PM,03ALMNOS_BAT1,N,N,N,4241.5677,4241.5677,12611.2083,4241.5677,4241.5677,
8/3/2024 11:10:00 PM,03ALMNOS_BAT2,N,N,N,4241.5677,4241.5677,17364.0754,4241.5677,4241.5677,
8/3/2024 11:10:00 PM,03AMADEO_T1L1,N,N,N,4235.6324,4235.6324,11684.9462,4235.6324,4235.6324,
8/3/2024 11:10:00 PM,03AVION_SS,N,N,N,4172.8886,4172.8886,11684.9462,4172.8886,4172.8886,
8/3/2024 11:10:00 PM,03AVION_U01,N,N,N,4172.0407,4172.0407,12582.7372,4172.0407,4172.0407,
8/3/2024 11:10:00 PM,03AVION_U02,N,N,N,4171.6168,4171.6168,14555.7602,4171.6168,4171.6168,
8/3/2024 11:10:00 PM,03AWOC_G01,N,N,N,4297.9523,4297.9523,6978.5384,4297.9523,4297.9523,
8/3/2024 11:10:00 PM,03BACMAN_SS,N,N,N,3879.5188,3879.5188,11684.9462,3879.5188,3879.5188,
8/3/2024 11:10:00 PM,03BACMAN_U01,N,N,N,3861.2892,3861.2892,11646.6984,3861.2892,3861.2892,
8/3/2024 11:10:00 PM,03BACMAN_U02,N,N,N,3861.7131,3861.7131,11657.4913,3861.7131,3861.7131,
8/3/2024 11:10:00 PM,03BACMAN_U03,N,N,N,3877.8230,3877.8230,10417.1322,3877.8230,3877.8230,
8/3/2024 11:10:00 PM,03BALUG_G01,N,N,N,4301.3439,4301.3439,12756.3084,4301.3439,4301.3439,
8/3/2024 11:10:00 PM,03BART_G01,N,N,N,3966.8514,3966.8514,11982.3247,3966.8514,3966.8514,
8/3/2024 11:10:00 PM,03BATAN_SS,N,N,N,4190.2704,4190.2704,11684.9462,4190.2704,4190.2704,
8/3/2024 11:10:00 PM,03BATAN_T1L2,N,N,N,4194.5098,4194.5098,11684.9462,4194.5098,4194.5098,
8/3/2024 11:10:00 PM,03BATAN_T2L2,N,N,N,4192.3901,4192.3901,11684.9462,4192.3901,4192.3901,
8/3/2024 11:10:00 PM,03BAT_BTLEC2,N,N,N,4199.5971,4199.5971,11684.9462,4199.5971,4199.5971,
8/3/2024 11:10:00 PM,03BAT_LIP01,N,N,N,4191.9661,4191.9661,11684.9462,4191.9661,4191.9661,
8/3/2024 11:10:00 PM,03BAT_LIP02,N,N,N,4191.9661,4191.9661,11684.9462,4191.9661,4191.9661,
8/3/2024 11:10:00 PM,03BAT_MECO,N,N,N,4191.9661,4191.9661,11684.9462,4191.9661,4191.9661,
8/3/2024 11:10:00 PM,03BAT_MECO1,N,N,N,4199.5971,4199.5971,11684.9462,4199.5971,4199.5971,
8/3/2024 11:10:00 PM,03BAT_MECO2,N,N,N,4199.5971,4199.5971,11684.9462,4199.5971,4199.5971,
8/3/2024 11:10:00 PM,03BAT_ROS01,N,N,N,4199.5971,4199.5971,11684.9462,4199.5971,4199.5971,
8/3/2024 11:10:00 PM,03BAT_T1L1,N,N,N,4194.5098,4194.5098,11684.9462,4194.5098,4194.5098,
8/3/2024 11:10:00 PM,03BAT_T2L1,N,N,N,4192.3901,4192.3901,11684.9462,4192.3901,4192.3901,
8/3/2024 11:10:00 PM,03BBEC_G01,N,N,N,3966.8514,3966.8514,11968.5870,3966.8514,3966.8514,
8/3/2024 11:10:00 PM,03BINAN_SS,N,N,N,4252.5902,4252.5902,11684.9462,4252.5902,4252.5902,
8/3/2024 11:10:00 PM,03BINAN_T1L1,N,N,N,4258.1015,4258.1015,11684.9462,4258.1015,4258.1015,
8/3/2024 11:10:00 PM,03BOTOCA_G01,N,N,N,4300.9199,4300.9199,11666.6968,4300.9199,4300.9199,
8/3/2024 11:10:00 PM,03BOTOCA_L01,N,N,N,4301.3439,4301.3439,11684.9462,4301.3439,4301.3439,
8/3/2024 11:10:00 PM,03BOTOCA_SS,N,N,N,4300.9199,4300.9199,11684.9462,4300.9199,4300.9199,
8/3/2024 11:10:00 PM,03CADPI_G01,N,N,N,4189.8464,4189.8464,12340.4333,4189.8464,4189.8464,
8/3/2024 11:10:00 PM,03CALACA_G01,N,N,N,4178.3999,4178.3999,12205.8539,4178.3999,4178.3999,
8/3/2024 11:10:00 PM,03CALACA_G02,N,N,N,4239.4480,4239.4480,12309.0350,4239.4480,4239.4480,
8/3/2024 11:10:00 PM,03CALAMBA_L01,N,N,N,4259.3734,4259.3734,11684.9462,4259.3734,4259.3734,
8/3/2024 11:10:00 PM,03CALAMBA_SS,N,N,N,4251.3184,4251.3184,11684.9462,4251.3184,4251.3184,
8/3/2024 11:10:00 PM,03CALAU_SS,N,N,N,4307.2791,4307.2791,11684.9462,4307.2791,4307.2791,
8/3/2024 11:10:00 PM,03CALAU_T1L1,N,N,N,4317.0299,4317.0299,11684.9462,4317.0299,4317.0299,
8/3/2024 11:10:00 PM,03CALIRY_G01,N,N,N,4300.9199,4300.9199,12752.5564,4300.9199,4300.9199,
8/3/2024 11:10:00 PM,03CALIRY_SS,N,N,N,4300.9199,4300.9199,11684.9462,4300.9199,4300.9199,
8/3/2024 11:10:00 PM,03CALIRY_SS1,N,N,N,4300.9199,4300.9199,11684.9462,4300.9199,4300.9199,
8/3/2024 11:10:00 PM,03CALIR_TAL1,N,N,N,4300.9199,4300.9199,11684.9462,4300.9199,4300.9199,
8/3/2024 11:10:00 PM,03CALI_FLECO,N,N,N,4300.9199,4300.9199,11684.9462,4300.9199,4300.9199,
8/3/2024 11:10:00 PM,03CALSOL_G01,N,N,N,4189.8464,4189.8464,12340.4333,4189.8464,4189.8464,
8/3/2024 11:10:00 PM,03CLABSOL_G01,N,N,N,3967.2754,3967.2754,11983.0195,3967.2754,3967.2754,
8/3/2024 11:10:00 PM,03CLACA_SS,N,N,N,4213.1634,4213.1634,11684.9462,4213.1634,4213.1634,
8/3/2024 11:10:00 PM,03CLA_BCNOT,N,N,N,4177.1281,4177.1281,11684.9462,4177.1281,4177.1281,
8/3/2024 11:10:00 PM,03CLA_BTLEC1,N,N,N,4189.8464,4189.8464,11684.9462,4189.8464,4189.8464,
8/3/2024 11:10:00 PM,03CLA_STLCOR,N,N,N,4189.8464,4189.8464,11684.9462,4189.8464,4189.8464,
8/3/2024 11:10:00 PM,03CLA_T1L1,N,N,N,4189.8464,4189.8464,11684.9462,4189.8464,4189.8464,
8/3/2024 11:10:00 PM,03CLBATO_G01,N,N,N,4317.0299,4317.0299,12955.6981,4317.0299,4317.0299,
8/3/2024 11:10:00 PM,03COLASI_G01,N,N,N,4104.6335,4104.6335,14080.3707,4104.6335,4104.6335,
8/3/2024 11:10:00 PM,03DARAG_SS,N,N,N,3917.2499,3917.2499,11684.9462,3917.2499,3917.2499,
8/3/2024 11:10:00 PM,03DARAG_T1L1,N,N,N,4239.4480,4239.4480,11684.9462,4239.4480,4239.4480,
8/3/2024 11:10:00 PM,03DAR_ALECO,N,N,N,3921.4894,3921.4894,11684.9462,3921.4894,3921.4894,
8/3/2024 11:10:00 PM,03DAR_SRECO2,N,N,N,3924.0330,3924.0330,11684.9462,3924.0330,3924.0330,
8/3/2024 11:10:00 PM,03DAR_STDOM,N,N,N,3921.4894,3921.4894,11684.9462,3921.4894,3921.4894,
8/3/2024 11:10:00 PM,03DASMA_L01,N,N,N,4235.2085,4235.2085,11684.9462,4235.2085,4235.2085,
8/3/2024 11:10:00 PM,03DASMA_SS,N,N,N,4217.4028,4217.4028,11684.9462,4217.4028,4217.4028,
8/3/2024 11:10:00 PM,03EERI_G01,N,N,N,4127.9505,4127.9505,12507.1169,4127.9505,4127.9505,
8/3/2024 11:10:00 PM,03EERI_G02,N,N,N,4127.1026,4127.1026,12328.5095,4127.1026,4127.1026,
8/3/2024 11:10:00 PM,03EERI_G03,N,N,N,4239.4480,4239.4480,12633.6786,4239.4480,4239.4480,
8/3/2024 11:10:00 PM,03EERI_L01,N,N,N,4127.9505,4127.9505,11684.9462,4127.9505,4127.9505,
8/3/2024 11:10:00 PM,03EERI_SS,N,N,N,4127.9505,4127.9505,11684.9462,4127.9505,4127.9505,
8/3/2024 11:10:00 PM,03GUMAC_SS,N,N,N,4200.4450,4200.4450,11684.9462,4200.4450,4200.4450,
8/3/2024 11:10:00 PM,03GUMAC_T1L1,N,N,N,4204.6845,4204.6845,11684.9462,4204.6845,4204.6845,
8/3/2024 11:10:00 PM,03GUMAC_T1L2,N,N,N,4204.6845,4204.6845,11684.9462,4204.6845,4204.6845,
8/3/2024 11:10:00 PM,03GUMAC_T1L3,N,N,N,4204.6845,4204.6845,11684.9462,4204.6845,4204.6845,
8/3/2024 11:10:00 PM,03GUMAC_T1L4,N,N,N,4204.6845,4204.6845,11684.9462,4204.6845,4204.6845,
8/3/2024 11:10:00 PM,03ILI500_SS,N,N,N,4127.9505,4127.9505,11684.9462,4127.9505,4127.9505,
8/3/2024 11:10:00 PM,03ILIJAN_G01,N,N,N,4127.1026,4127.1026,13011.8874,4127.1026,4127.1026,
8/3/2024 11:10:00 PM,03ILIJAN_G02,N,N,N,4126.6786,4126.6786,11291.7945,4126.6786,4126.6786,
8/3/2024 11:10:00 PM,03ILIJAN_SS,N,N,N,4127.1026,4127.1026,11684.9462,4127.1026,4127.1026,
8/3/2024 11:10:00 PM,03ILIJAN_SS2,N,N,N,4126.6786,4126.6786,11684.9462,4126.6786,4126.6786,
8/3/2024 11:10:00 PM,03INARI_G01,N,N,N,3967.2754,3967.2754,12628.8014,3967.2754,3967.2754,
8/3/2024 11:10:00 PM,03INGRID_GS1,N,N,N,4286.9298,4286.9298,21764.12,4286.9298,4286.9298,
8/3/2024 11:10:00 PM,03INGRID_GS2,N,N,N,4286.9298,4286.9298,21764.12,4286.9298,4286.9298,
8/3/2024 11:10:00 PM,03INGRID_GS3,N,N,N,4286.9298,4286.9298,21764.12,4286.9298,4286.9298,
8/3/2024 11:10:00 PM,03INGRID_GS4,N,N,N,4286.9298,4286.9298,21764.12,4286.9298,4286.9298,
8/3/2024 11:10:00 PM,03INGRID_GS5,N,N,N,4286.9298,4286.9298,21764.12,4286.9298,4286.9298,
8/3/2024 11:10:00 PM,03INGRID_GS6,N,N,N,4286.9298,4286.9298,21764.12,4286.9298,4286.9298,
8/3/2024 11:10:00 PM,03KAL_E_T1L1,N,N,N,4283.9622,4283.9622,11684.9462,4283.9622,4283.9622,
8/3/2024 11:10:00 PM,03KAL_G01,N,N,N,4283.5382,4283.5382,12737.4690,4283.5382,4283.5382,
8/3/2024 11:10:00 PM,03KAL_G02,N,N,N,4283.5382,4283.5382,12741.9227,4283.5382,4283.5382,
8/3/2024 11:10:00 PM,03KAL_G03,N,N,N,4292.4411,4292.4411,11684.9462,4292.4411,4292.4411,
8/3/2024 11:10:00 PM,03KAL_G04,N,N,N,4292.8650,4292.8650,11684.9462,4292.8650,4292.8650,
8/3/2024 11:10:00 PM,03KAL_SS,N,N,N,4283.5382,4283.5382,11684.9462,4283.5382,4283.5382,
8/3/2024 11:10:00 PM,03LABO_SS,N,N,N,4096.1546,4096.1546,11684.9462,4096.1546,4096.1546,
8/3/2024 11:10:00 PM,03LABO_T1L1,N,N,N,4104.6335,4104.6335,11684.9462,4104.6335,4104.6335,
8/3/2024 11:10:00 PM,03LABO_T1L2,N,N,N,4104.6335,4104.6335,11684.9462,4104.6335,4104.6335,
8/3/2024 11:10:00 PM,03LMHP_G01,N,N,N,4023.6601,4023.6601,12082.3603,4023.6601,4023.6601,
8/3/2024 11:10:00 PM,03LUMBAN_BAT,N,N,N,4283.9622,4283.9622,12737.8068,4283.9622,4283.9622,
8/3/2024 11:10:00 PM,03LUMBAN_BATL,N,N,N,4283.9622,4283.9622,11684.9462,4283.9622,4283.9622,
8/3/2024 11:10:00 PM,03LUMBAN_SS,N,N,N,4281.8424,4281.8424,11684.9462,4281.8424,4281.8424,
8/3/2024 11:10:00 PM,03LWERLAB_G01,N,N,N,4281.4185,4281.4185,12782.0672,4281.4185,4281.4185,
8/3/2024 11:10:00 PM,03MAJAY_G01,N,N,N,4301.3439,4301.3439,13061.3341,4301.3439,4301.3439,
8/3/2024 11:10:00 PM,03MAKBA_T3L1,N,N,N,4241.5677,4241.5677,11684.9462,4241.5677,4241.5677,
8/3/2024 11:10:00 PM,03MAKBA_T3L2,N,N,N,4239.4480,4239.4480,11684.9462,4239.4480,4239.4480,
8/3/2024 11:10:00 PM,03MALAYA_G01,N,N,N,4286.9298,4286.9298,12812.0391,4286.9298,4286.9298,
8/3/2024 11:10:00 PM,03MALAYA_G02,N,N,N,4239.4480,4239.4480,12633.6786,4239.4480,4239.4480,
8/3/2024 11:10:00 PM,03MEC_G01,N,N,N,4235.2085,4235.2085,12613.9470,4235.2085,4235.2085,
8/3/2024 11:10:00 PM,03MGI_G02,N,N,N,4317.0299,4317.0299,12822.1496,4317.0299,4317.0299,
8/3/2024 11:10:00 PM,03MGPP_G01,N,N,N,4317.0299,4317.0299,12839.5330,4317.0299,4317.0299,
8/3/2024 11:10:00 PM,03MKBNA_SS,N,N,N,4239.4480,4239.4480,11684.9462,4239.4480,4239.4480,
8/3/2024 11:10:00 PM,03MKBNB_SS,N,N,N,4238.6001,4238.6001,11684.9462,4238.6001,4238.6001,
8/3/2024 11:10:00 PM,03MKBNC_SS,N,N,N,4239.4480,4239.4480,11684.9462,4239.4480,4239.4480,
8/3/2024 11:10:00 PM,03MKBND_SS,N,N,N,4237.7522,4237.7522,11684.9462,4237.7522,4237.7522,
8/3/2024 11:10:00 PM,03MKBNE_SS,N,N,N,4241.5677,4241.5677,11684.9462,4241.5677,4241.5677,
8/3/2024 11:10:00 PM,03MKBN_A,N,N,N,4211.4676,4211.4676,12724.9219,4211.4676,4211.4676,
8/3/2024 11:10:00 PM,03MKBN_B,N,N,N,4231.8169,4231.8169,12550.2001,4231.8169,4231.8169,
8/3/2024 11:10:00 PM,03MKBN_C,N,N,N,4239.4480,4239.4480,12633.6786,4239.4480,4239.4480,
8/3/2024 11:10:00 PM,03MKBN_D,N,N,N,4232.6648,4232.6648,12541.2354,4232.6648,4232.6648,
8/3/2024 11:10:00 PM,03MKBN_E,N,N,N,4241.5677,4241.5677,12531.5472,4241.5677,4241.5677,
8/3/2024 11:10:00 PM,03MKBN_SLACE,N,N,N,4241.5677,4241.5677,11684.9462,4241.5677,4241.5677,
8/3/2024 11:10:00 PM,03MLAYA_L01,N,N,N,4286.9298,4286.9298,11684.9462,4286.9298,4286.9298,
8/3/2024 11:10:00 PM,03MLAYA_SS,N,N,N,4286.9298,4286.9298,11684.9462,4286.9298,4286.9298,
8/3/2024 11:10:00 PM,03MLAYA_SS1,N,N,N,4286.9298,4286.9298,11684.9462,4286.9298,4286.9298,
8/3/2024 11:10:00 PM,03MLAYA_T2L1,N,N,N,4286.9298,4286.9298,11684.9462,4286.9298,4286.9298,
8/3/2024 11:10:00 PM,03MLAYA_T2L2,N,N,N,4239.4480,4239.4480,11684.9462,4239.4480,4239.4480,
8/3/2024 11:10:00 PM,03NAG_CSRC2B,N,N,N,3967.2754,3967.2754,11684.9462,3967.2754,3967.2754,
8/3/2024 11:10:00 PM,03NAG_CSRCO1,N,N,N,3967.2754,3967.2754,11684.9462,3967.2754,3967.2754,
8/3/2024 11:10:00 PM,03NAG_CSRCO2,N,N,N,3967.2754,3967.2754,11684.9462,3967.2754,3967.2754,
8/3/2024 11:10:00 PM,03NAG_CSRCO3,N,N,N,3966.8514,3966.8514,11684.9462,3966.8514,3966.8514,
8/3/2024 11:10:00 PM,03NAG_CSRCO4,N,N,N,3966.8514,3966.8514,11684.9462,3966.8514,3966.8514,
8/3/2024 11:10:00 PM,03NAG_SS,N,N,N,3966.0036,3966.0036,11684.9462,3966.0036,3966.0036,
8/3/2024 11:10:00 PM,03ORMAT_G01,N,N,N,4241.5677,4241.5677,18342.4388,4241.5677,4241.5677,
8/3/2024 11:10:00 PM,03ORMAT_SS,N,N,N,4241.5677,4241.5677,11684.9462,4241.5677,4241.5677,
8/3/2024 11:10:00 PM,03PAGBIL_G01,N,N,N,4085.1320,4085.1320,12297.6366,4085.1320,4085.1320,
8/3/2024 11:10:00 PM,03PAGBIL_G02,N,N,N,4083.8602,4083.8602,12229.1325,4083.8602,4083.8602,
8/3/2024 11:10:00 PM,03PAGBIL_G03,N,N,N,4083.4363,4083.4363,12227.3779,4083.4363,4083.4363,
8/3/2024 11:10:00 PM,03PAGEHV_SS,N,N,N,4110.9927,4110.9927,11684.9462,4110.9927,4110.9927,
8/3/2024 11:10:00 PM,03PALAK_G01,N,N,N,4317.0299,4317.0299,12781.0576,4317.0299,4317.0299,
8/3/2024 11:10:00 PM,03PALAYAN_G01,N,N,N,4239.4480,4239.4480,10663.1558,4239.4480,4239.4480,
8/3/2024 11:10:00 PM,03PGBIL_SS,N,N,N,4085.1320,4085.1320,11684.9462,4085.1320,4085.1320,
8/3/2024 11:10:00 PM,03PGBIL_SS1,N,N,N,4085.1320,4085.1320,11684.9462,4085.1320,4085.1320,
8/3/2024 11:10:00 PM,03PGBIL_SS2,N,N,N,4085.1320,4085.1320,11684.9462,4085.1320,4085.1320,
8/3/2024 11:10:00 PM,03QPPL_G01,N,N,N,4023.6601,4023.6601,11527.9111,4023.6601,4023.6601,
8/3/2024 11:10:00 PM,03QPPL_SU1,N,N,N,4023.6601,4023.6601,11684.9462,4023.6601,4023.6601,
8/3/2024 11:10:00 PM,03QPPL_T5L1,N,N,N,4023.6601,4023.6601,11684.9462,4023.6601,4023.6601,
8/3/2024 11:10:00 PM,03RCBMI_G01,N,N,N,4192.3901,4192.3901,12445.3520,4192.3901,4192.3901,
8/3/2024 11:10:00 PM,03RCBMI_G02,N,N,N,4192.3901,4192.3901,12445.3520,4192.3901,4192.3901,
8/3/2024 11:10:00 PM,03SBPL_G01,N,N,N,4023.6601,4023.6601,12092.1636,4023.6601,4023.6601,
8/3/2024 11:10:00 PM,03SBPL_L01,N,N,N,4023.6601,4023.6601,11684.9462,4023.6601,4023.6601,
8/3/2024 11:10:00 PM,03SLPGC_G01,N,N,N,4239.4480,4239.4480,14079.7498,4239.4480,4239.4480,
8/3/2024 11:10:00 PM,03SLPGC_G02,N,N,N,4164.4097,4164.4097,12264.6506,4164.4097,4164.4097,
8/3/2024 11:10:00 PM,03SLPGC_SS,N,N,N,4185.1830,4185.1830,11684.9462,4185.1830,4185.1830,
8/3/2024 11:10:00 PM,03SLTEC_G01,N,N,N,4239.4480,4239.4480,11558.0811,4239.4480,4239.4480,
8/3/2024 11:10:00 PM,03SLTEC_G02,N,N,N,4175.4323,4175.4323,12188.8944,4175.4323,4175.4323,
8/3/2024 11:10:00 PM,03SLTEC_SS,N,N,N,4177.1281,4177.1281,11684.9462,4177.1281,4177.1281,
8/3/2024 11:10:00 PM,03SNGAB_G01,N,N,N,4162.29,4162.29,5977.20,4162.29,4162.29,
8/3/2024 11:10:00 PM,03SNGAB_S01,N,N,N,4162.29,4162.29,11684.9462,4162.29,4162.29,
8/3/2024 11:10:00 PM,03SOLACE_G01,N,N,N,4241.5677,4241.5677,12611.2083,4241.5677,4241.5677,
8/3/2024 11:10:00 PM,03STA-RI_G01,N,N,N,4239.4480,4239.4480,14816.0145,4239.4480,4239.4480,
8/3/2024 11:10:00 PM,03STA-RI_G02,N,N,N,4239.4480,4239.4480,14372.4940,4239.4480,4239.4480,
8/3/2024 11:10:00 PM,03STA-RI_G03,N,N,N,4172.4647,4172.4647,14792.1055,4172.4647,4172.4647,
8/3/2024 11:10:00 PM,03STA-RI_G04,N,N,N,4172.4647,4172.4647,14802.5661,4172.4647,4172.4647,
8/3/2024 11:10:00 PM,03STA-RI_G05,N,N,N,4172.0407,4172.0407,12707.1360,4172.0407,4172.0407,
8/3/2024 11:10:00 PM,03STA-RI_G06,N,N,N,4172.0407,4172.0407,14341.2438,4172.0407,4172.0407,
8/3/2024 11:10:00 PM,03STAR_SS1,N,N,N,4173.7365,4173.7365,11684.9462,4173.7365,4173.7365,
8/3/2024 11:10:00 PM,03STAR_SS2,N,N,N,4239.4480,4239.4480,11684.9462,4239.4480,4239.4480,
8/3/2024 11:10:00 PM,03STAR_SS3,N,N,N,4172.4647,4172.4647,11684.9462,4172.4647,4172.4647,
8/3/2024 11:10:00 PM,03STAR_SS4,N,N,N,4172.4647,4172.4647,11684.9462,4172.4647,4172.4647,
8/3/2024 11:10:00 PM,03STAR_SS5,N,N,N,4172.0407,4172.0407,11684.9462,4172.0407,4172.0407,
8/3/2024 11:10:00 PM,03STAR_SS6,N,N,N,4172.0407,4172.0407,11684.9462,4172.0407,4172.0407,
8/3/2024 11:10:00 PM,03STROS_T1L1,N,N,N,4261.9170,4261.9170,11684.9462,4261.9170,4261.9170,
8/3/2024 11:10:00 PM,03TAYAB_SS,N,N,N,4117.7758,4117.7758,11684.9462,4117.7758,4117.7758,
8/3/2024 11:10:00 PM,03TAYAB_T1L1,N,N,N,4113.1124,4113.1124,11684.9462,4113.1124,4113.1124,
8/3/2024 11:10:00 PM,03TAYAB_T1L2,N,N,N,4113.1124,4113.1124,11684.9462,4113.1124,4113.1124,
8/3/2024 11:10:00 PM,03TGPP_G01,N,N,N,3940.5669,3940.5669,11943.8117,3940.5669,3940.5669,
8/3/2024 11:10:00 PM,03TGPP_L01,N,N,N,3940.5669,3940.5669,11684.9462,3940.5669,3940.5669,
8/3/2024 11:10:00 PM,03TIBAG_G01,N,N,N,4281.4185,4281.4185,12733.1503,4281.4185,4281.4185,
8/3/2024 11:10:00 PM,03TIWIA_SS,N,N,N,3941.8387,3941.8387,11684.9462,3941.8387,3941.8387,
8/3/2024 11:10:00 PM,03TIWIC_L01,N,N,N,4239.4480,4239.4480,11684.9462,4239.4480,4239.4480,
8/3/2024 11:10:00 PM,03TIWIC_SS,N,N,N,3943.1105,3943.1105,11684.9462,3943.1105,3943.1105,
8/3/2024 11:10:00 PM,03TIWI_A,N,N,N,3941.8387,3941.8387,8255.0967,3941.8387,3941.8387,
8/3/2024 11:10:00 PM,03TIWI_C,N,N,N,3940.9908,3940.9908,11963.7382,3940.9908,3940.9908,
8/3/2024 11:10:00 PM,03UPLAB_G01,N,N,N,4283.9622,4283.9622,12754.2651,4283.9622,4283.9622,
8/3/2024 11:10:00 PM,04BABAT_SS,N,N,N,32131.0115,32131.0115,11684.9462,32131.0115,32131.0115,
8/3/2024 11:10:00 PM,04BABAT_T1L1,N,N,N,32131.0115,32131.0115,11684.9462,32131.0115,32131.0115,
8/3/2024 11:10:00 PM,04BAGLI_T1L1,N,N,N,32134.6107,32134.6107,11684.9462,32134.6107,32134.6107,
8/3/2024 11:10:00 PM,04BAGLI_T1L2,N,N,N,32134.6107,32134.6107,11684.9462,32134.6107,32134.6107,
8/3/2024 11:10:00 PM,04BILGPP_G01,N,N,N,32004.3213,32004.3213,16852.5331,32004.3213,32004.3213,
8/3/2024 11:10:00 PM,04CLBYBNK_G01,N,N,N,32228.5486,32228.5486,12363.4239,32228.5486,32228.5486,
8/3/2024 11:10:00 PM,04CLBYOG_L02,N,N,N,32228.1887,32228.1887,11684.9462,32228.1887,32228.1887,
8/3/2024 11:10:00 PM,04CLBYOG_SS,N,N,N,32228.5486,32228.5486,11684.9462,32228.5486,32228.5486,
8/3/2024 11:10:00 PM,04IASMOD_G01,N,N,N,32000.0024,32000.0024,6294.8018,32000.0024,32000.0024,
8/3/2024 11:10:00 PM,04IASMOD_G02,N,N,N,32000.0024,32000.0024,6490.1764,32000.0024,32000.0024,
8/3/2024 11:10:00 PM,04IASMOD_G03,N,N,N,32000.0024,32000.0024,11781.1240,32000.0024,32000.0024,
8/3/2024 11:10:00 PM,04IASMOD_G04,N,N,N,32000.0024,32000.0024,7475.2278,32000.0024,32000.0024,
8/3/2024 11:10:00 PM,04IASMOD_G05,N,N,N,32000.0024,32000.0024,11283.7303,32000.0024,32000.0024,
8/3/2024 11:10:00 PM,04IASMOD_G06,N,N,N,32000.0024,32000.0024,14085.8596,32000.0024,32000.0024,
8/3/2024 11:10:00 PM,04ISABE_SS,N,N,N,32000.0024,32000.0024,11684.9462,32000.0024,32000.0024,
8/3/2024 11:10:00 PM,04ISABE_T1L1,N,N,N,32000.0024,32000.0024,11684.9462,32000.0024,32000.0024,
8/3/2024 11:10:00 PM,04ISABE_T2L1,N,N,N,32000.0024,32000.0024,11684.9462,32000.0024,32000.0024,
8/3/2024 11:10:00 PM,04ISABE_T3L1,N,N,N,32000.0024,32000.0024,11684.9462,32000.0024,32000.0024,
8/3/2024 11:10:00 PM,04ISABE_T4L2,N,N,N,32000.0024,32000.0024,11684.9462,32000.0024,32000.0024,
8/3/2024 11:10:00 PM,04ISABE_T5L2,N,N,N,32000.0024,32000.0024,11684.9462,32000.0024,32000.0024,
8/3/2024 11:10:00 PM,04LEYTE_A,N,N,N,31998.9226,31998.9226,11711.6599,31998.9226,31998.9226,
8/3/2024 11:10:00 PM,04LEYTE_S01,N,N,N,31998.9226,31998.9226,11684.9462,31998.9226,31998.9226,
8/3/2024 11:10:00 PM,04LGPP_G01,N,N,N,31984.5260,31984.5260,11423.3989,31984.5260,31984.5260,
8/3/2024 11:10:00 PM,04MAASI_SS,N,N,N,32163.4039,32163.4039,11684.9462,32163.4039,32163.4039,
8/3/2024 11:10:00 PM,04MAASI_T1L1,N,N,N,32164.8436,32164.8436,11684.9462,32164.8436,32164.8436,
8/3/2024 11:10:00 PM,04MAASI_T2L2,N,N,N,32164.8436,32164.8436,11684.9462,32164.8436,32164.8436,
8/3/2024 11:10:00 PM,04ORMOC_BAT,N,N,N,32004.3213,32004.3213,11800.7981,32004.3213,32004.3213,
8/3/2024 11:10:00 PM,04ORMOC_SS,N,N,N,32003.9614,32003.9614,11684.9462,32003.9614,32003.9614,
8/3/2024 11:10:00 PM,04ORMOC_T2L1,N,N,N,32004.3213,32004.3213,11684.9462,32004.3213,32004.3213,
8/3/2024 11:10:00 PM,04ORMOC_T2L2,N,N,N,32004.3213,32004.3213,11684.9462,32004.3213,32004.3213,
8/3/2024 11:10:00 PM,04PARA_SS,N,N,N,32191.1174,32191.1174,11684.9462,32191.1174,32191.1174,
8/3/2024 11:10:00 PM,04PHSOL_G01,N,N,N,32004.3213,32004.3213,11800.7981,32004.3213,32004.3213,
8/3/2024 11:10:00 PM,04SEPSOL_G01,N,N,N,32004.3213,32004.3213,11800.7981,32004.3213,32004.3213,
8/3/2024 11:10:00 PM,04SNAGU_L01,N,N,N,32325.3658,32325.3658,11684.9462,32325.3658,32325.3658,
8/3/2024 11:10:00 PM,04STAR_SS,N,N,N,32134.6107,32134.6107,11684.9462,32134.6107,32134.6107,
8/3/2024 11:10:00 PM,04TABAN_SS,N,N,N,31970.4893,31970.4893,11684.9462,31970.4893,31970.4893,
8/3/2024 11:10:00 PM,04TABAN_T1L1,N,N,N,3599.1531,3599.1531,11684.9462,3599.1531,3599.1531,
8/3/2024 11:10:00 PM,04TAFT_G01,N,N,N,32235.0271,32235.0271,13591.0749,32235.0271,32235.0271,
8/3/2024 11:10:00 PM,04TONGO_T2L2,N,N,N,31985.2458,31985.2458,11684.9462,31985.2458,31985.2458,
8/3/2024 11:10:00 PM,04WRIGH_T1L1,N,N,N,32190.7575,32190.7575,11684.9462,32190.7575,32190.7575,
8/3/2024 11:10:00 PM,04WRIGH_T2L2,N,N,N,32235.3870,32235.3870,11684.9462,32235.3870,32235.3870,
8/3/2024 11:10:00 PM,05BANIL_T1L1,N,N,N,3630.1059,3630.1059,11684.9462,3630.1059,3630.1059,
8/3/2024 11:10:00 PM,05BANIL_T1L2,N,N,N,3630.1059,3630.1059,11684.9462,3630.1059,3630.1059,
8/3/2024 11:10:00 PM,05BANIL_T1L3,N,N,N,3629.3860,3629.3860,11684.9462,3629.3860,3629.3860,
8/3/2024 11:10:00 PM,05CALUNG_CEP,N,N,N,3556.6831,3556.6831,11684.9462,3556.6831,3556.6831,
8/3/2024 11:10:00 PM,05CARMENDPP_U01,N,N,N,3570,3570,11257.2474,3570,3570,
8/3/2024 11:10:00 PM,05CARMENDPP_U02,N,N,N,3570,3570,11257.2474,3570,3570,
8/3/2024 11:10:00 PM,05CARMENDPP_U03,N,N,N,3570,3570,11257.2474,3570,3570,
8/3/2024 11:10:00 PM,05CARMENDPP_U04,N,N,N,3570,3570,11257.2474,3570,3570,
8/3/2024 11:10:00 PM,05CDPPI_SS1,N,N,N,3599.1531,3599.1531,11684.9462,3599.1531,3599.1531,
8/3/2024 11:10:00 PM,05CDPPI_SS2,N,N,N,3599.1531,3599.1531,11684.9462,3599.1531,3599.1531,
8/3/2024 11:10:00 PM,05CEBU_SS,N,N,N,3612.8299,3612.8299,11684.9462,3612.8299,3612.8299,
8/3/2024 11:10:00 PM,05CEDC_SS,N,N,N,3550.5646,3550.5646,11684.9462,3550.5646,3550.5646,
8/3/2024 11:10:00 PM,05CEDC_U01,N,N,N,3549.8447,3549.8447,11207.6519,3549.8447,3549.8447,
8/3/2024 11:10:00 PM,05CEDC_U02,N,N,N,3549.8447,3549.8447,11196.46,3549.8447,3549.8447,
8/3/2024 11:10:00 PM,05CEDC_U03,N,N,N,3549.8447,3549.8447,11197.2339,3549.8447,3549.8447,
8/3/2024 11:10:00 PM,05CEMEX_L01,N,N,N,3599.1531,3599.1531,11684.9462,3599.1531,3599.1531,
8/3/2024 11:10:00 PM,05COLON_L01,N,N,N,3599.8730,3599.8730,11684.9462,3599.8730,3599.8730,
8/3/2024 11:10:00 PM,05COMPS_SS,N,N,N,3664.2978,3664.2978,11684.9462,3664.2978,3664.2978,
8/3/2024 11:10:00 PM,05COMPS_T1L1,N,N,N,3667.8970,3667.8970,11684.9462,3667.8970,3667.8970,
8/3/2024 11:10:00 PM,05COMPS_T2L2,N,N,N,3667.8970,3667.8970,11684.9462,3667.8970,3667.8970,
8/3/2024 11:10:00 PM,05CPPC_U01,N,N,N,3622.9076,3622.9076,11392.9082,3622.9076,3622.9076,
8/3/2024 11:10:00 PM,05CPPC_U02,N,N,N,3622.9076,3622.9076,16534.0329,3622.9076,3622.9076,
8/3/2024 11:10:00 PM,05CPPC_U03,N,N,N,3622.9076,3622.9076,16534.0329,3622.9076,3622.9076,
8/3/2024 11:10:00 PM,05CPPC_U04,N,N,N,3622.9076,3622.9076,16534.0329,3622.9076,3622.9076,
8/3/2024 11:10:00 PM,05CPPC_U05,N,N,N,3622.9076,3622.9076,16534.0329,3622.9076,3622.9076,
8/3/2024 11:10:00 PM,05CPPC_U06,N,N,N,3622.9076,3622.9076,16534.0329,3622.9076,3622.9076,
8/3/2024 11:10:00 PM,05CPPC_U07,N,N,N,3622.9076,3622.9076,16534.0329,3622.9076,3622.9076,
8/3/2024 11:10:00 PM,05CPPC_U08,N,N,N,3622.9076,3622.9076,16534.0329,3622.9076,3622.9076,
8/3/2024 11:10:00 PM,05CPPC_U09,N,N,N,3622.9076,3622.9076,16534.0329,3622.9076,3622.9076,
8/3/2024 11:10:00 PM,05CPPC_U10,N,N,N,3622.9076,3622.9076,16534.0329,3622.9076,3622.9076,
8/3/2024 11:10:00 PM,05DAANB_SS,N,N,N,3732.3218,3732.3218,11684.9462,3732.3218,3732.3218,
8/3/2024 11:10:00 PM,05DMAN_SS,N,N,N,3547.6853,3547.6853,11684.9462,3547.6853,3547.6853,
8/3/2024 11:10:00 PM,05DMA_L01,N,N,N,3540.4869,3540.4869,11684.9462,3540.4869,3540.4869,
8/3/2024 11:10:00 PM,05EAUC_U01,N,N,N,3654.94,3654.94,11493.6380,3654.94,3654.94,
8/3/2024 11:10:00 PM,05EAUC_U02,N,N,N,3654.94,3654.94,16749.4440,3654.94,3654.94,
8/3/2024 11:10:00 PM,05EAUC_U03,N,N,N,3654.94,3654.94,16749.4440,3654.94,3654.94,
8/3/2024 11:10:00 PM,05EAUC_U04,N,N,N,3654.94,3654.94,16749.4440,3654.94,3654.94,
8/3/2024 11:10:00 PM,05KSPC_G01,N,N,N,3599.1531,3599.1531,9903.0111,3599.1531,3599.1531,
8/3/2024 11:10:00 PM,05KSPC_G02,N,N,N,3595.9139,3595.9139,15591.7208,3595.9139,3595.9139,
8/3/2024 11:10:00 PM,05KSPC_SS1,N,N,N,3597.3536,3597.3536,11684.9462,3597.3536,3597.3536,
8/3/2024 11:10:00 PM,05KSPC_SS2,N,N,N,3595.9139,3595.9139,11684.9462,3595.9139,3595.9139,
8/3/2024 11:10:00 PM,05LAPU_SS,N,N,N,3650.9809,3650.9809,11684.9462,3650.9809,3650.9809,
8/3/2024 11:10:00 PM,05MCTAN_T1L1,N,N,N,3654.94,3654.94,11684.9462,3654.94,3654.94,
8/3/2024 11:10:00 PM,05MNDUE_SS,N,N,N,3647.0219,3647.0219,11684.9462,3647.0219,3647.0219,
8/3/2024 11:10:00 PM,05MNDUE_T1L1,N,N,N,3599.1531,3599.1531,11684.9462,3599.1531,3599.1531,
8/3/2024 11:10:00 PM,05MNDUE_T1L2,N,N,N,3649.1814,3649.1814,11684.9462,3649.1814,3649.1814,
8/3/2024 11:10:00 PM,05MNDUE_T1L4,N,N,N,3599.1531,3599.1531,11684.9462,3599.1531,3599.1531,
8/3/2024 11:10:00 PM,05MNDUE_T1L5,N,N,N,3649.1814,3649.1814,11684.9462,3649.1814,3649.1814,
8/3/2024 11:10:00 PM,05NAGA_T1L1,N,N,N,3599.1531,3599.1531,11684.9462,3599.1531,3599.1531,
8/3/2024 11:10:00 PM,05NAGA_T2L2,N,N,N,3599.1531,3599.1531,11684.9462,3599.1531,3599.1531,
8/3/2024 11:10:00 PM,05NAGLES_L01,N,N,N,3604.5519,3604.5519,11684.9462,3604.5519,3604.5519,
8/3/2024 11:10:00 PM,05NNAGVE_L01,N,N,N,3599.1531,3599.1531,11684.9462,3599.1531,3599.1531,
8/3/2024 11:10:00 PM,05NNAGVE_L02,N,N,N,3599.1531,3599.1531,11684.9462,3599.1531,3599.1531,
8/3/2024 11:10:00 PM,05QUIOT_T1L1,N,N,N,3622.9076,3622.9076,11684.9462,3622.9076,3622.9076,
8/3/2024 11:10:00 PM,05SAMB_L01,N,N,N,3508.4545,3508.4545,11684.9462,3508.4545,3508.4545,
8/3/2024 11:10:00 PM,05SAMB_L02,N,N,N,3599.1531,3599.1531,11684.9462,3599.1531,3599.1531,
8/3/2024 11:10:00 PM,05SAMB_SS,N,N,N,3508.4545,3508.4545,11684.9462,3508.4545,3508.4545,
8/3/2024 11:10:00 PM,05TALATR1_SS,N,N,N,3556.6831,3556.6831,11684.9462,3556.6831,3556.6831,
8/3/2024 11:10:00 PM,05TALAV_SS,N,N,N,3556.3232,3556.3232,11684.9462,3556.3232,3556.3232,
8/3/2024 11:10:00 PM,05TALAV_T1L1,N,N,N,3556.6831,3556.6831,11684.9462,3556.6831,3556.6831,
8/3/2024 11:10:00 PM,05TALIS_T1L1,N,N,N,3599.1531,3599.1531,11684.9462,3599.1531,3599.1531,
8/3/2024 11:10:00 PM,05THVI_SS1,N,N,N,3566.7608,3566.7608,11684.9462,3566.7608,3566.7608,
8/3/2024 11:10:00 PM,05THVI_SS2,N,N,N,3566.7608,3566.7608,11684.9462,3566.7608,3566.7608,
8/3/2024 11:10:00 PM,05THVI_U01,N,N,N,3566.7608,3566.7608,11252.9528,3566.7608,3566.7608,
8/3/2024 11:10:00 PM,05THVI_U02,N,N,N,3566.7608,3566.7608,11254.0861,3566.7608,3566.7608,
8/3/2024 11:10:00 PM,05TOLEDO_BAT,N,N,N,3556.3232,3556.3232,11220.3655,3556.3232,3556.3232,
8/3/2024 11:10:00 PM,05TOLSOL_G01,N,N,N,3556.6831,3556.6831,11220.7766,3556.6831,3556.6831,
8/3/2024 11:10:00 PM,05TOL_CARMEN,N,N,N,3570,3570,11684.9462,3570,3570,
8/3/2024 11:10:00 PM,05TPC_G01,N,N,N,3570,3570,11257.2474,3570,3570,
8/3/2024 11:10:00 PM,05TPC_G02,N,N,N,3570,3570,11257.2746,3570,3570,
8/3/2024 11:10:00 PM,05TPC_L01,N,N,N,3570,3570,11684.9462,3570,3570,
8/3/2024 11:10:00 PM,05TPC_S01,N,N,N,3570,3570,11684.9462,3570,3570,
8/3/2024 11:10:00 PM,05TPC_S02,N,N,N,3570,3570,11684.9462,3570,3570,
8/3/2024 11:10:00 PM,05TPVI_U01,N,N,N,3599.1531,3599.1531,11330.9990,3599.1531,3599.1531,
8/3/2024 11:10:00 PM,05TPVI_U02,N,N,N,3599.1531,3599.1531,16438.6601,3599.1531,3599.1531,
8/3/2024 11:10:00 PM,05TPVI_U03,N,N,N,3599.1531,3599.1531,16437.0157,3599.1531,3599.1531,
8/3/2024 11:10:00 PM,05TPVI_U04,N,N,N,3599.1531,3599.1531,16437.0157,3599.1531,3599.1531,
8/3/2024 11:10:00 PM,05TPVI_U05,N,N,N,3599.1531,3599.1531,16437.0157,3599.1531,3599.1531,
8/3/2024 11:10:00 PM,05TPVI_U06,N,N,N,3599.1531,3599.1531,16438.6601,3599.1531,3599.1531,
8/3/2024 11:10:00 PM,06AMLAN_SS,N,N,N,3485.4199,3485.4199,11684.9462,3485.4199,3485.4199,
8/3/2024 11:10:00 PM,06AMLAN_T1L1,N,N,N,3486.8596,3486.8596,11684.9462,3486.8596,3486.8596,
8/3/2024 11:10:00 PM,06AMLAN_T2L2,N,N,N,3486.8596,3486.8596,11684.9462,3486.8596,3486.8596,
8/3/2024 11:10:00 PM,06AMLA_G01,N,N,N,3486.8596,3486.8596,11012.5510,3486.8596,3486.8596,
8/3/2024 11:10:00 PM,06BACOL_SS,N,N,N,3605.2717,3605.2717,11684.9462,3605.2717,3605.2717,
8/3/2024 11:10:00 PM,06BACOL_T1L1,N,N,N,3604.1920,3604.1920,11684.9462,3604.1920,3604.1920,
8/3/2024 11:10:00 PM,06BACOL_T1L2,N,N,N,3604.1920,3604.1920,11684.9462,3604.1920,3604.1920,
8/3/2024 11:10:00 PM,06BACOL_T2L2,N,N,N,3604.1920,3604.1920,11684.9462,3604.1920,3604.1920,
8/3/2024 11:10:00 PM,06BACOL_T3L3,N,N,N,3604.1920,3604.1920,11684.9462,3604.1920,3604.1920,
8/3/2024 11:10:00 PM,06BBGPP_G01,N,N,N,3605.2717,3605.2717,11462.4008,3605.2717,3605.2717,
8/3/2024 11:10:00 PM,06BBGPP_L01,N,N,N,3605.2717,3605.2717,11684.9462,3605.2717,3605.2717,
8/3/2024 11:10:00 PM,06BCLBAS_LD1,N,N,N,3604.1920,3604.1920,11684.9462,3604.1920,3604.1920,
8/3/2024 11:10:00 PM,06BCL_SS,N,N,N,3605.6316,3605.6316,11684.9462,3605.6316,3605.6316,
8/3/2024 11:10:00 PM,06BISCOM_G01,N,N,N,3576.1186,3576.1186,11343.1338,3576.1186,3576.1186,
8/3/2024 11:10:00 PM,06CABI_G01,N,N,N,3486.8596,3486.8596,11012.5510,3486.8596,3486.8596,
8/3/2024 11:10:00 PM,06CADIZL_SS,N,N,N,3593.3945,3593.3945,11684.9462,3593.3945,3593.3945,
8/3/2024 11:10:00 PM,06CADIZL_T1L1,N,N,N,3593.3945,3593.3945,11684.9462,3593.3945,3593.3945,
8/3/2024 11:10:00 PM,06CADIZL_T1L2,N,N,N,3593.3945,3593.3945,11684.9462,3593.3945,3593.3945,
8/3/2024 11:10:00 PM,06CADIZL_T1L3,N,N,N,3593.3945,3593.3945,11684.9462,3593.3945,3593.3945,
8/3/2024 11:10:00 PM,06CADIZL_T1L4,N,N,N,3593.3945,3593.3945,11684.9462,3593.3945,3593.3945,
8/3/2024 11:10:00 PM,06CARSOL_G01,N,N,N,3604.1920,3604.1920,11459.5078,3604.1920,3604.1920,
8/3/2024 11:10:00 PM,06CAY_SS,N,N,N,3580.0776,3580.0776,11684.9462,3580.0776,3580.0776,
8/3/2024 11:10:00 PM,06CENPRI_U01,N,N,N,3604.1920,3604.1920,11459.5078,3604.1920,3604.1920,
8/3/2024 11:10:00 PM,06CENPRI_U02,N,N,N,3604.1920,3604.1920,11459.5078,3604.1920,3604.1920,
8/3/2024 11:10:00 PM,06CENPRI_U03,N,N,N,3604.1920,3604.1920,11459.5078,3604.1920,3604.1920,
8/3/2024 11:10:00 PM,06CENPRI_U04,N,N,N,3604.1920,3604.1920,11459.5078,3604.1920,3604.1920,
8/3/2024 11:10:00 PM,06CENPRI_U05,N,N,N,3604.1920,3604.1920,11459.5078,3604.1920,3604.1920,
8/3/2024 11:10:00 PM,06CLTRAVA_SS,N,N,N,3580.0776,3580.0776,11684.9462,3580.0776,3580.0776,
8/3/2024 11:10:00 PM,06FFHC_G01,N,N,N,3593.3945,3593.3945,11408.0361,3593.3945,3593.3945,
8/3/2024 11:10:00 PM,06GAHIT_SS,N,N,N,3599.1531,3599.1531,11684.9462,3599.1531,3599.1531,
8/3/2024 11:10:00 PM,06HELIOS_G01,N,N,N,3593.3945,3593.3945,11407.5294,3593.3945,3593.3945,
8/3/2024 11:10:00 PM,06HELIOS_S01,N,N,N,3593.3945,3593.3945,11684.9462,3593.3945,3593.3945,
8/3/2024 11:10:00 PM,06HPCO_G01,N,N,N,3599.1531,3599.1531,11332.2323,3599.1531,3599.1531,
8/3/2024 11:10:00 PM,06HPCO_G02,N,N,N,3599.1531,3599.1531,11332.2323,3599.1531,3599.1531,
8/3/2024 11:10:00 PM,06KABAN_BAT,N,N,N,3579.3578,3579.3578,16427.1496,3579.3578,3579.3578,
8/3/2024 11:10:00 PM,06KABAN_L01,N,N,N,3579.3578,3579.3578,11684.9462,3579.3578,3579.3578,
8/3/2024 11:10:00 PM,06KABAN_SS,N,N,N,3579.3578,3579.3578,11684.9462,3579.3578,3579.3578,
8/3/2024 11:10:00 PM,06KABAN_T1L1,N,N,N,3576.1186,3576.1186,11684.9462,3576.1186,3576.1186,
8/3/2024 11:10:00 PM,06KABAN_T2L2,N,N,N,3576.1186,3576.1186,11684.9462,3576.1186,3576.1186,
8/3/2024 11:10:00 PM,06MABIN_SS,N,N,N,3528.9697,3528.9697,11684.9462,3528.9697,3528.9697,
8/3/2024 11:10:00 PM,06MABIN_T1L1,N,N,N,3528.6097,3528.6097,11684.9462,3528.6097,3528.6097,
8/3/2024 11:10:00 PM,06MABIN_T2L2,N,N,N,3528.6097,3528.6097,11684.9462,3528.6097,3528.6097,
8/3/2024 11:10:00 PM,06MANSOL_G01,N,N,N,3593.3945,3593.3945,11408.0361,3593.3945,3593.3945,
8/3/2024 11:10:00 PM,06MNTSOL_G01,N,N,N,3486.8596,3486.8596,11012.5510,3486.8596,3486.8596,
8/3/2024 11:10:00 PM,06NASULO_G01,N,N,N,3450.5081,3450.5081,10918.4269,3450.5081,3450.5081,
8/3/2024 11:10:00 PM,06NTNEGB_G01,N,N,N,3599.1531,3599.1531,11332.2323,3599.1531,3599.1531,
8/3/2024 11:10:00 PM,06PAL1A_G01,N,N,N,3462.7452,3462.7452,10926.2019,3462.7452,3462.7452,
8/3/2024 11:10:00 PM,06PAL1A_SS,N,N,N,3463.8250,3463.8250,11684.9462,3463.8250,3463.8250,
8/3/2024 11:10:00 PM,06PAL2A_U01,N,N,N,3450.8680,3450.8680,10922.5437,3450.8680,3450.8680,
8/3/2024 11:10:00 PM,06PAL2A_U02,N,N,N,3450.8680,3450.8680,10917.9994,3450.8680,3450.8680,
8/3/2024 11:10:00 PM,06PAL2A_U03,N,N,N,3450.8680,3450.8680,11332.2323,3450.8680,3450.8680,
8/3/2024 11:10:00 PM,06PAL2A_U04,N,N,N,3599.1531,3599.1531,16112.3374,3599.1531,3599.1531,
8/3/2024 11:10:00 PM,06PGPP2_SS,N,N,N,3451.5879,3451.5879,11684.9462,3451.5879,3451.5879,
8/3/2024 11:10:00 PM,06SACASL_G01,N,N,N,3580.4375,3580.4375,11314.3485,3580.4375,3580.4375,
8/3/2024 11:10:00 PM,06SACASL_G02,N,N,N,3580.4375,3580.4375,12712.1088,3580.4375,3580.4375,
8/3/2024 11:10:00 PM,06SACSUN_G01,N,N,N,3580.4375,3580.4375,11314.3485,3580.4375,3580.4375,
8/3/2024 11:10:00 PM,06SCBE_G01,N,N,N,3593.3945,3593.3945,11408.0361,3593.3945,3593.3945,
8/3/2024 11:10:00 PM,06SCBIOP_G01,N,N,N,3599.1531,3599.1531,7108.2164,3599.1531,3599.1531,
8/3/2024 11:10:00 PM,06SLYSOL_G01,N,N,N,3604.1920,3604.1920,11459.5078,3604.1920,3604.1920,
8/3/2024 11:10:00 PM,06SNCARLOS_SS,N,N,N,3580.4375,3580.4375,11684.9462,3580.4375,3580.4375,
8/3/2024 11:10:00 PM,06STNEGB_G01,N,N,N,3599.1531,3599.1531,11332.2323,3599.1531,3599.1531,
8/3/2024 11:10:00 PM,06URC_G01,N,N,N,3528.6097,3528.6097,11174.4860,3528.6097,3528.6097,
8/3/2024 11:10:00 PM,06VMC_G01,N,N,N,3599.1531,3599.1531,11332.2323,3599.1531,3599.1531,
8/3/2024 11:10:00 PM,06VMC_G02,N,N,N,3604.1920,3604.1920,11459.5078,3604.1920,3604.1920,
8/3/2024 11:10:00 PM,07BDPP_U01,N,N,N,32454.9353,32454.9353,14102.8380,32454.9353,32454.9353,
8/3/2024 11:10:00 PM,07BDPP_U02,N,N,N,32454.9353,32454.9353,21033,32454.9353,32454.9353,
8/3/2024 11:10:00 PM,07BDPP_U03,N,N,N,32454.9353,32454.9353,21033,32454.9353,32454.9353,
8/3/2024 11:10:00 PM,07BDPP_U04,N,N,N,32454.9353,32454.9353,21033,32454.9353,32454.9353,
8/3/2024 11:10:00 PM,07BOHOL_T1L1,N,N,N,32356.3185,32356.3185,11684.9462,32356.3185,32356.3185,
8/3/2024 11:10:00 PM,07BOHOL_T4L4,N,N,N,32356.3185,32356.3185,11684.9462,32356.3185,32356.3185,
8/3/2024 11:10:00 PM,07COREL_T1L1,N,N,N,32454.9353,32454.9353,11684.9462,32454.9353,32454.9353,
8/3/2024 11:10:00 PM,07COREL_T1L2,N,N,N,32454.9353,32454.9353,11684.9462,32454.9353,32454.9353,
8/3/2024 11:10:00 PM,07COREL_T1L3,N,N,N,32454.9353,32454.9353,11684.9462,32454.9353,32454.9353,
8/3/2024 11:10:00 PM,07JANOPO_G01,N,N,N,32454.9353,32454.9353,14102.8380,32454.9353,32454.9353,
8/3/2024 11:10:00 PM,07LOBOC_G01,N,N,N,32454.9353,32454.9353,14113.5050,32454.9353,32454.9353,
8/3/2024 11:10:00 PM,07LOBOC_G02,N,N,N,32454.9353,32454.9353,13688.4991,32454.9353,32454.9353,
8/3/2024 11:10:00 PM,07SEVILL_G01,N,N,N,32454.9353,32454.9353,13666.3242,32454.9353,32454.9353,
8/3/2024 11:10:00 PM,07TPLPB4_U01,N,N,N,32344.8012,32344.8012,20304.5488,32344.8012,32344.8012,
8/3/2024 11:10:00 PM,07TPLPB4_U02,N,N,N,32344.8012,32344.8012,20304.5488,32344.8012,32344.8012,
8/3/2024 11:10:00 PM,07TPLPB4_U03,N,N,N,32344.8012,32344.8012,20304.5488,32344.8012,32344.8012,
8/3/2024 11:10:00 PM,07TPLPB4_U04,N,N,N,32344.8012,32344.8012,8460.4625,32344.8012,32344.8012,
8/3/2024 11:10:00 PM,07UBAY_BAT,N,N,N,32356.3185,32356.3185,13513.2202,32356.3185,32356.3185,
8/3/2024 11:10:00 PM,07UBAY_T1L1,N,N,N,32356.3185,32356.3185,11684.9462,32356.3185,32356.3185,
8/3/2024 11:10:00 PM,07UBAY_T2L2,N,N,N,32356.3185,32356.3185,11684.9462,32356.3185,32356.3185,
8/3/2024 11:10:00 PM,07UBAY_T3L3,N,N,N,32344.8012,32344.8012,11684.9462,32344.8012,32344.8012,
8/3/2024 11:10:00 PM,08BANTAP_L01,N,N,N,3730.1623,3730.1623,11684.9462,3730.1623,3730.1623,
8/3/2024 11:10:00 PM,08BARO_SS,N,N,N,3599.5131,3599.5131,11684.9462,3599.5131,3599.5131,
8/3/2024 11:10:00 PM,08BARTAC_L01,N,N,N,3599.1531,3599.1531,11684.9462,3599.1531,3599.1531,
8/3/2024 11:10:00 PM,08BARTAC_SS,N,N,N,3599.5131,3599.5131,11684.9462,3599.5131,3599.5131,
8/3/2024 11:10:00 PM,08BVISTA_L01,N,N,N,3735.2011,3735.2011,11684.9462,3735.2011,3735.2011,
8/3/2024 11:10:00 PM,08BVISTA_L02,N,N,N,3735.2011,3735.2011,11684.9462,3735.2011,3735.2011,
8/3/2024 11:10:00 PM,08CASA_G01,N,N,N,3656.7396,3656.7396,17958.5484,3656.7396,3656.7396,
8/3/2024 11:10:00 PM,08CASA_G02,N,N,N,3656.7396,3656.7396,17958.5484,3656.7396,3656.7396,
8/3/2024 11:10:00 PM,08CONCP_T1L1,N,N,N,3566.7608,3566.7608,11684.9462,3566.7608,3566.7608,
8/3/2024 11:10:00 PM,08COSMO_G01,N,N,N,3671.8560,3671.8560,17978.1069,3671.8560,3671.8560,
8/3/2024 11:10:00 PM,08DINGL_SS,N,N,N,3656.7396,3656.7396,11684.9462,3656.7396,3656.7396,
8/3/2024 11:10:00 PM,08DINGL_T1L1,N,N,N,3656.7396,3656.7396,11684.9462,3656.7396,3656.7396,
8/3/2024 11:10:00 PM,08DINGL_T1L2,N,N,N,3656.7396,3656.7396,11684.9462,3656.7396,3656.7396,
8/3/2024 11:10:00 PM,08DINGL_T1L3,N,N,N,3656.7396,3656.7396,11684.9462,3656.7396,3656.7396,
8/3/2024 11:10:00 PM,08DINGL_T1L4,N,N,N,3656.7396,3656.7396,11684.9462,3656.7396,3656.7396,
8/3/2024 11:10:00 PM,08DINGL_T2L1,N,N,N,3656.7396,3656.7396,11684.9462,3656.7396,3656.7396,
8/3/2024 11:10:00 PM,08DINGL_T2L2,N,N,N,3656.7396,3656.7396,11684.9462,3656.7396,3656.7396,
8/3/2024 11:10:00 PM,08GLOBAL_G01,N,N,N,3763.9944,3763.9944,18277.35,3763.9944,3763.9944,
8/3/2024 11:10:00 PM,08NABASDPP_U01,N,N,N,3763.9944,3763.9944,25526.9486,3763.9944,3763.9944,
8/3/2024 11:10:00 PM,08NABASDPP_U02,N,N,N,3763.9944,3763.9944,25422.3696,3763.9944,3763.9944,
8/3/2024 11:10:00 PM,08NABAS_L01,N,N,N,3763.9944,3763.9944,11684.9462,3763.9944,3763.9944,
8/3/2024 11:10:00 PM,08NABAS_L02,N,N,N,3763.9944,3763.9944,11684.9462,3763.9944,3763.9944,
8/3/2024 11:10:00 PM,08NABAS_L03,N,N,N,3763.9944,3763.9944,11684.9462,3763.9944,3763.9944,
8/3/2024 11:10:00 PM,08NABAS_SS,N,N,N,3763.9944,3763.9944,11684.9462,3763.9944,3763.9944,
8/3/2024 11:10:00 PM,08PALM_G01,N,N,N,3566.0409,3566.0409,11332.2323,3566.0409,3566.0409,
8/3/2024 11:10:00 PM,08PALM_S01,N,N,N,3566.0409,3566.0409,11684.9462,3566.0409,3566.0409,
8/3/2024 11:10:00 PM,08PANIT_SS,N,N,N,3713.6062,3713.6062,11684.9462,3713.6062,3713.6062,
8/3/2024 11:10:00 PM,08PANIT_T1L1,N,N,N,3712.8864,3712.8864,11684.9462,3712.8864,3712.8864,
8/3/2024 11:10:00 PM,08PANIT_T2L2,N,N,N,3712.8864,3712.8864,11684.9462,3712.8864,3712.8864,
8/3/2024 11:10:00 PM,08PDPP1_U02,N,N,N,3656.7396,3656.7396,31900.0067,3656.7396,3656.7396,
8/3/2024 11:10:00 PM,08PDPP1_U03,N,N,N,3656.7396,3656.7396,31900.0067,3656.7396,3656.7396,
8/3/2024 11:10:00 PM,08PDPP1_U05,N,N,N,3656.7396,3656.7396,31900.0067,3656.7396,3656.7396,
8/3/2024 11:10:00 PM,08PDPP3_C,N,N,N,3656.7396,3656.7396,17958.9385,3656.7396,3656.7396,
8/3/2024 11:10:00 PM,08PDPP3_E,N,N,N,3656.7396,3656.7396,17958.9385,3656.7396,3656.7396,
8/3/2024 11:10:00 PM,08PDPP3_G,N,N,N,3656.7396,3656.7396,17958.9385,3656.7396,3656.7396,
8/3/2024 11:10:00 PM,08PDPP3_H,N,N,N,3656.7396,3656.7396,17958.9385,3656.7396,3656.7396,
8/3/2024 11:10:00 PM,08PDPP3_S01,N,N,N,3656.7396,3656.7396,11684.9462,3656.7396,3656.7396,
8/3/2024 11:10:00 PM,08PEDC_SS1,N,N,N,3634.7848,3634.7848,11684.9462,3634.7848,3634.7848,
8/3/2024 11:10:00 PM,08PEDC_SS2,N,N,N,3634.4248,3634.4248,11684.9462,3634.4248,3634.4248,
8/3/2024 11:10:00 PM,08PEDC_SS3,N,N,N,3634.4248,3634.4248,11684.9462,3634.4248,3634.4248,
8/3/2024 11:10:00 PM,08PEDC_T1L1,N,N,N,3634.7848,3634.7848,11684.9462,3634.7848,3634.7848,
8/3/2024 11:10:00 PM,08PEDC_T1L2,N,N,N,3635.1447,3635.1447,11684.9462,3635.1447,3635.1447,
8/3/2024 11:10:00 PM,08PEDC_U01,N,N,N,3599.1531,3599.1531,17994.1464,3599.1531,3599.1531,
8/3/2024 11:10:00 PM,08PEDC_U02,N,N,N,3634.4248,3634.4248,11332.2323,3634.4248,3634.4248,
8/3/2024 11:10:00 PM,08PEDC_U03,N,N,N,3634.4248,3634.4248,13823.8390,3634.4248,3634.4248,
8/3/2024 11:10:00 PM,08PWIND_G01,N,N,N,3763.9944,3763.9944,15459.7146,3763.9944,3763.9944,
8/3/2024 11:10:00 PM,08PWIND_G02,N,N,N,3763.9944,3763.9944,15012.5868,3763.9944,3763.9944,
8/3/2024 11:10:00 PM,08SLWIND_G01,N,N,N,3735.2011,3735.2011,11525.5048,3735.2011,3735.2011,
8/3/2024 11:10:00 PM,08SLWIND_L01,N,N,N,3735.2011,3735.2011,11684.9462,3735.2011,3735.2011,
8/3/2024 11:10:00 PM,08SNJOSE_L01,N,N,N,3671.8560,3671.8560,11684.9462,3671.8560,3671.8560,
8/3/2024 11:10:00 PM,08SNJOSE_L02,N,N,N,3671.8560,3671.8560,11684.9462,3671.8560,3671.8560,
8/3/2024 11:10:00 PM,08SNJOSE_L03,N,N,N,3671.8560,3671.8560,11684.9462,3671.8560,3671.8560,
8/3/2024 11:10:00 PM,08STBAR_SS1,N,N,N,3657.8193,3657.8193,11684.9462,3657.8193,3657.8193,
8/3/2024 11:10:00 PM,08STBAR_SS2,N,N,N,3657.8193,3657.8193,11684.9462,3657.8193,3657.8193,
8/3/2024 11:10:00 PM,08STBAR_SS3,N,N,N,3657.8193,3657.8193,11684.9462,3657.8193,3657.8193,
8/3/2024 11:10:00 PM,08STBAR_T1L1,N,N,N,3657.8193,3657.8193,11684.9462,3657.8193,3657.8193,
8/3/2024 11:10:00 PM,08STBAR_T2L2,N,N,N,3657.8193,3657.8193,11684.9462,3657.8193,3657.8193,
8/3/2024 11:10:00 PM,08STBPB1_U01,N,N,N,3657.8193,3657.8193,31942.3939,3657.8193,3657.8193,
8/3/2024 11:10:00 PM,08STBPB1_U02,N,N,N,3657.8193,3657.8193,31942.3939,3657.8193,3657.8193,
8/3/2024 11:10:00 PM,08STBPB1_U03,N,N,N,3657.8193,3657.8193,17929.7973,3657.8193,3657.8193,
8/3/2024 11:10:00 PM,08STBPB1_U04,N,N,N,3657.8193,3657.8193,31942.3939,3657.8193,3657.8193,
8/3/2024 11:10:00 PM,08SUWECO_G01,N,N,N,3657.8193,3657.8193,19720.5166,3657.8193,3657.8193,
8/3/2024 11:10:00 PM,08TIMBA_G01,N,N,N,3763.9944,3763.9944,17748.5110,3763.9944,3763.9944,
8/3/2024 11:10:00 PM,09AURORA_SS,N,N,N,3160.8322,3160.8322,4333.7587,3160.8322,3160.8322,
8/3/2024 11:10:00 PM,09CLB_T1L1,N,N,N,3161.7323,3161.7323,4333.7587,3161.7323,3161.7323,
8/3/2024 11:10:00 PM,09JIMDSL_U01,N,N,N,3161.7323,3161.7323,3344.5860,3161.7323,3161.7323,
8/3/2024 11:10:00 PM,09JIMDSL_U02,N,N,N,3161.7323,3161.7323,3344.5860,3161.7323,3161.7323,
8/3/2024 11:10:00 PM,09KAP_T1L1,N,N,N,3161.7323,3161.7323,4333.7587,3161.7323,3161.7323,
8/3/2024 11:10:00 PM,09LALA_SS,N,N,N,3082.8166,3082.8166,4333.7587,3082.8166,3082.8166,
8/3/2024 11:10:00 PM,09LIBPOWR_G01,N,N,N,3161.7323,3161.7323,2915.30,3161.7323,3161.7323,
8/3/2024 11:10:00 PM,09MHY_T1L1,N,N,N,3161.7323,3161.7323,4333.7587,3161.7323,3161.7323,
8/3/2024 11:10:00 PM,09MLS_T1L1,N,N,N,3449.79,3449.79,4333.7587,3449.79,3449.79,
8/3/2024 11:10:00 PM,09NAGA_SS,N,N,N,3448.8898,3448.8898,4333.7587,3448.8898,3448.8898,
8/3/2024 11:10:00 PM,09PANABNK_U01,N,N,N,3161.7323,3161.7323,3344.5860,3161.7323,3161.7323,
8/3/2024 11:10:00 PM,09PANABNK_U02,N,N,N,3161.7323,3161.7323,3344.5860,3161.7323,3161.7323,
8/3/2024 11:10:00 PM,09PITOGO_SS,N,N,N,3667.0334,3667.0334,4333.7587,3667.0334,3667.0334,
8/3/2024 11:10:00 PM,09POLAN_SS,N,N,N,3205.2410,3205.2410,4333.7587,3205.2410,3205.2410,
8/3/2024 11:10:00 PM,09RXS_T2L1,N,N,N,3205.2410,3205.2410,4333.7587,3205.2410,3205.2410,
8/3/2024 11:10:00 PM,09SANGALI_BAT,N,N,N,3638.5277,3638.5277,3836.9342,3638.5277,3638.5277,
8/3/2024 11:10:00 PM,09SJG_T1L1,N,N,N,3666.1332,3666.1332,4333.7587,3666.1332,3666.1332,
8/3/2024 11:10:00 PM,09SML_T1L1,N,N,N,3161.7323,3161.7323,4333.7587,3161.7323,3161.7323,
8/3/2024 11:10:00 PM,09SRW_T1L1,N,N,N,3449.79,3449.79,4333.7587,3449.79,3449.79,
8/3/2024 11:10:00 PM,09TMG_T1L1,N,N,N,3666.1332,3666.1332,4333.7587,3666.1332,3666.1332,
8/3/2024 11:10:00 PM,09TMG_T2L1,N,N,N,3638.5277,3638.5277,4333.7587,3638.5277,3638.5277,
8/3/2024 11:10:00 PM,09TUL_T1L1,N,N,N,3666.1332,3666.1332,4333.7587,3666.1332,3666.1332,
8/3/2024 11:10:00 PM,09WMPC_S01,N,N,N,3638.5277,3638.5277,4333.7587,3638.5277,3638.5277,
8/3/2024 11:10:00 PM,09WMPC_U01,N,N,N,3638.5277,3638.5277,3836.9342,3638.5277,3638.5277,
8/3/2024 11:10:00 PM,09WMPC_U02,N,N,N,3638.5277,3638.5277,3836.9342,3638.5277,3638.5277,
8/3/2024 11:10:00 PM,09WMPC_U03,N,N,N,3638.5277,3638.5277,3836.9342,3638.5277,3638.5277,
8/3/2024 11:10:00 PM,09WMPC_U04,N,N,N,3638.5277,3638.5277,3836.9342,3638.5277,3638.5277,
8/3/2024 11:10:00 PM,09WMPC_U05,N,N,N,3638.5277,3638.5277,3836.9342,3638.5277,3638.5277,
8/3/2024 11:10:00 PM,09WMPC_U06,N,N,N,3638.5277,3638.5277,3836.9342,3638.5277,3638.5277,
8/3/2024 11:10:00 PM,09WMPC_U07,N,N,N,3638.5277,3638.5277,3836.9342,3638.5277,3638.5277,
8/3/2024 11:10:00 PM,09WMPC_U08,N,N,N,3638.5277,3638.5277,3836.9342,3638.5277,3638.5277,
8/3/2024 11:10:00 PM,09WMPC_U09,N,N,N,3638.5277,3638.5277,3836.9342,3638.5277,3638.5277,
8/3/2024 11:10:00 PM,09WMPC_U10,N,N,N,3638.5277,3638.5277,3836.9342,3638.5277,3638.5277,
8/3/2024 11:10:00 PM,09ZAMBO_SS,N,N,N,3638.5277,3638.5277,4333.7587,3638.5277,3638.5277,
8/3/2024 11:10:00 PM,09ZAMSAN_L01,N,N,N,3638.5277,3638.5277,4333.7587,3638.5277,3638.5277,
8/3/2024 11:10:00 PM,10AG6_T2L1,N,N,N,2999.6999,2999.6999,4333.7587,2999.6999,2999.6999,
8/3/2024 11:10:00 PM,10AGUS1_SS,N,N,N,2972.6945,2972.6945,4333.7587,2972.6945,2972.6945,
8/3/2024 11:10:00 PM,10AGUS1_U01,N,N,N,2972.6945,2972.6945,3118.6315,2972.6945,2972.6945,
8/3/2024 11:10:00 PM,10AGUS1_U02,N,N,N,2972.6945,2972.6945,3145.2324,2972.6945,2972.6945,
8/3/2024 11:10:00 PM,10AGUS2_SS,N,N,N,2976.8954,2976.8954,4333.7587,2976.8954,2976.8954,
8/3/2024 11:10:00 PM,10AGUS2_U01,N,N,N,2976.8954,2976.8954,3183.2484,2976.8954,2976.8954,
8/3/2024 11:10:00 PM,10AGUS2_U02,N,N,N,2976.8954,2976.8954,2845.4538,2976.8954,2976.8954,
8/3/2024 11:10:00 PM,10AGUS2_U03,N,N,N,3000.6001,3000.6001,3184.9843,3000.6001,3000.6001,
8/3/2024 11:10:00 PM,10AGUS4_SS,N,N,N,2997.8996,2997.8996,4333.7587,2997.8996,2997.8996,
8/3/2024 11:10:00 PM,10AGUS4_U01,N,N,N,2997.5995,2997.5995,2920.0017,2997.5995,2997.5995,
8/3/2024 11:10:00 PM,10AGUS4_U02,N,N,N,2997.8996,2997.8996,2919.2450,2997.8996,2997.8996,
8/3/2024 11:10:00 PM,10AGUS4_U03,N,N,N,2997.8996,2997.8996,2738.8467,2997.8996,2997.8996,
8/3/2024 11:10:00 PM,10AGUS5_SS,N,N,N,3000.9002,3000.9002,4333.7587,3000.9002,3000.9002,
8/3/2024 11:10:00 PM,10AGUS5_U01,N,N,N,3000.9002,3000.9002,3138.1434,3000.9002,3000.9002,
8/3/2024 11:10:00 PM,10AGUS5_U02,N,N,N,3000.9002,3000.9002,3163.5284,3000.9002,3000.9002,
8/3/2024 11:10:00 PM,10AGUS6_SS,N,N,N,2984.9970,2984.9970,4333.7587,2984.9970,2984.9970,
8/3/2024 11:10:00 PM,10AGUS6_U01,N,N,N,2984.9970,2984.9970,3166.2887,2984.9970,2984.9970,
8/3/2024 11:10:00 PM,10AGUS6_U02,N,N,N,2984.9970,2984.9970,3167.7689,2984.9970,2984.9970,
8/3/2024 11:10:00 PM,10AGUS6_U03,N,N,N,2984.9970,2984.9970,3158.6071,2984.9970,2984.9970,
8/3/2024 11:10:00 PM,10AGUS6_U04,N,N,N,2984.9970,2984.9970,3168.3407,2984.9970,2984.9970,
8/3/2024 11:10:00 PM,10AGUS6_U05,N,N,N,2984.9970,2984.9970,3170.3217,2984.9970,2984.9970,
8/3/2024 11:10:00 PM,10AGUS7_U01,N,N,N,2984.9970,2984.9970,2949.0326,2984.9970,2984.9970,
8/3/2024 11:10:00 PM,10AGUS7_U02,N,N,N,2984.9970,2984.9970,3197.5847,2984.9970,2984.9970,
8/3/2024 11:10:00 PM,10BALOI_L01,N,N,N,2984.9970,2984.9970,4333.7587,2984.9970,2984.9970,
8/3/2024 11:10:00 PM,10BALOI_SS,N,N,N,3013.8028,3013.8028,4333.7587,3013.8028,3013.8028,
8/3/2024 11:10:00 PM,10BUR_T1L1,N,N,N,2984.9970,2984.9970,4333.7587,2984.9970,2984.9970,
8/3/2024 11:10:00 PM,10BUR_T1L2,N,N,N,2984.9970,2984.9970,4333.7587,2984.9970,2984.9970,
8/3/2024 11:10:00 PM,10GNPK_U01,N,N,N,3020.1040,3020.1040,3226.7591,3020.1040,3020.1040,
8/3/2024 11:10:00 PM,10GNPK_U02,N,N,N,3019.8040,3019.8040,3228.5627,3019.8040,3019.8040,
8/3/2024 11:10:00 PM,10GNPK_U03,N,N,N,3020.1040,3020.1040,3225.2276,3020.1040,3020.1040,
8/3/2024 11:10:00 PM,10GNPK_U04,N,N,N,3020.1040,3020.1040,3070.5175,3020.1040,3020.1040,
8/3/2024 11:10:00 PM,10IDPP_G01,N,N,N,3015.6031,3015.6031,3189.5778,3015.6031,3015.6031,
8/3/2024 11:10:00 PM,10IDPP_SS,N,N,N,3015.6031,3015.6031,4333.7587,3015.6031,3015.6031,
8/3/2024 11:10:00 PM,10KAUSWGN_SS,N,N,N,3020.7041,3020.7041,4333.7587,3020.7041,3020.7041,
8/3/2024 11:10:00 PM,10KAU_T1L1,N,N,N,2984.9970,2984.9970,4333.7587,2984.9970,2984.9970,
8/3/2024 11:10:00 PM,10KIW_T1L1,N,N,N,2984.9970,2984.9970,4333.7587,2984.9970,2984.9970,
8/3/2024 11:10:00 PM,10KIW_T2L1,N,N,N,3016.8034,3016.8034,4333.7587,3016.8034,3016.8034,
8/3/2024 11:10:00 PM,10LGAIT_SS,N,N,N,3016.5033,3016.5033,4333.7587,3016.5033,3016.5033,
8/3/2024 11:10:00 PM,10LIAN_G01,N,N,N,2984.9970,2984.9970,3167.0813,2984.9970,2984.9970,
8/3/2024 11:10:00 PM,10MCN_T1L1,N,N,N,2999.6999,2999.6999,4333.7587,2999.6999,2999.6999,
8/3/2024 11:10:00 PM,10MCR_T1L1,N,N,N,2999.6999,2999.6999,4333.7587,2999.6999,2999.6999,
8/3/2024 11:10:00 PM,10MCT_T1L1,N,N,N,2984.9970,2984.9970,4333.7587,2984.9970,2984.9970,
8/3/2024 11:10:00 PM,10MEGC_G01,N,N,N,2984.9970,2984.9970,3167.0813,2984.9970,2984.9970,
8/3/2024 11:10:00 PM,10MLN_T1L1,N,N,N,2973.2947,2973.2947,4333.7587,2973.2947,2973.2947,
8/3/2024 11:10:00 PM,10MPL_T1L1,N,N,N,2984.9970,2984.9970,4333.7587,2984.9970,2984.9970,
8/3/2024 11:10:00 PM,10MRW_T1L1,N,N,N,2973.2947,2973.2947,4333.7587,2973.2947,2973.2947,
8/3/2024 11:10:00 PM,10MRW_T2L1,N,N,N,2999.6999,2999.6999,4333.7587,2999.6999,2999.6999,
8/3/2024 11:10:00 PM,10NUN_T1L2,N,N,N,2984.9970,2984.9970,4333.7587,2984.9970,2984.9970,
8/3/2024 11:10:00 PM,10OPO_T1L1,N,N,N,3016.8034,3016.8034,4333.7587,3016.8034,3016.8034,
8/3/2024 11:10:00 PM,10PAT_T1L1,N,N,N,3016.8034,3016.8034,4333.7587,3016.8034,3016.8034,
8/3/2024 11:10:00 PM,10PGW_T1L1,N,N,N,3016.8034,3016.8034,4333.7587,3016.8034,3016.8034,
8/3/2024 11:10:00 PM,10PLT_T1L1,N,N,N,3015.6031,3015.6031,4333.7587,3015.6031,3015.6031,
8/3/2024 11:10:00 PM,10PLT_T2L1,N,N,N,3016.8034,3016.8034,4333.7587,3016.8034,3016.8034,
8/3/2024 11:10:00 PM,10PPEI_U01,N,N,N,2984.9970,2984.9970,3156.3605,2984.9970,2984.9970,
8/3/2024 11:10:00 PM,10SRZ_T1L1,N,N,N,2999.6999,2999.6999,4333.7587,2999.6999,2999.6999,
8/3/2024 11:10:00 PM,11CDO_T1L1,N,N,N,3034.5069,3034.5069,4333.7587,3034.5069,3034.5069,
8/3/2024 11:10:00 PM,11CRYSSUG_G01,N,N,N,3039.0078,3039.0078,3158.5643,3039.0078,3039.0078,
8/3/2024 11:10:00 PM,11FDC_SS,N,N,N,2984.0968,2984.0968,4333.7587,2984.0968,2984.0968,
8/3/2024 11:10:00 PM,11FDC_U01,N,N,N,2983.1966,2983.1966,3143.0960,2983.1966,2983.1966,
8/3/2024 11:10:00 PM,11FDC_U02,N,N,N,2983.4967,2983.4967,3151.6080,2983.4967,2983.4967,
8/3/2024 11:10:00 PM,11FDC_U03,N,N,N,2983.1966,2983.1966,3137.4139,2983.1966,2983.1966,
8/3/2024 11:10:00 PM,11FGBPC_G01,N,N,N,3006.6013,3006.6013,3168.7983,3006.6013,3006.6013,
8/3/2024 11:10:00 PM,11JASAAN_SS,N,N,N,3017.1034,3017.1034,4333.7587,3017.1034,3017.1034,
8/3/2024 11:10:00 PM,11JASA_BAT,N,N,N,3006.6013,3006.6013,3168.9868,3006.6013,3006.6013,
8/3/2024 11:10:00 PM,11KBSOL_G01,N,N,N,3070.5141,3070.5141,3202.9312,3070.5141,3070.5141,
8/3/2024 11:10:00 PM,11KEGMAR_G01,N,N,N,3039.0078,3039.0078,3181.5745,3039.0078,3039.0078,
8/3/2024 11:10:00 PM,11KIBAWE_SS,N,N,N,3070.2140,3070.2140,4333.7587,3070.2140,3070.2140,
8/3/2024 11:10:00 PM,11KIB_T1L1,N,N,N,3039.0078,3039.0078,4333.7587,3039.0078,3039.0078,
8/3/2024 11:10:00 PM,11KIB_T1L2,N,N,N,3039.0078,3039.0078,4333.7587,3039.0078,3039.0078,
8/3/2024 11:10:00 PM,11KIRAS_G01,N,N,N,3006.6013,3006.6013,3169.2239,3006.6013,3006.6013,
8/3/2024 11:10:00 PM,11KNG_T1L1,N,N,N,3006.6013,3006.6013,4333.7587,3006.6013,3006.6013,
8/3/2024 11:10:00 PM,11LBA_T1L1,N,N,N,3017.1034,3017.1034,4333.7587,3017.1034,3017.1034,
8/3/2024 11:10:00 PM,11LUN_T1L1,N,N,N,3006.6013,3006.6013,4333.7587,3006.6013,3006.6013,
8/3/2024 11:10:00 PM,11MAN1_S01,N,N,N,2992.4985,2992.4985,4333.7587,2992.4985,2992.4985,
8/3/2024 11:10:00 PM,11MAN2_S01,N,N,N,2992.4985,2992.4985,4333.7587,2992.4985,2992.4985,
8/3/2024 11:10:00 PM,11MANFOR_G01,N,N,N,2992.4985,2992.4985,3202.8847,2992.4985,2992.4985,
8/3/2024 11:10:00 PM,11MANFOR_G02,N,N,N,2992.4985,2992.4985,3200.95,2992.4985,2992.4985,
8/3/2024 11:10:00 PM,11MANOLO_SS,N,N,N,2993.0986,2993.0986,4333.7587,2993.0986,2993.0986,
8/3/2024 11:10:00 PM,11MARAM_SS,N,N,N,3076.8154,3076.8154,4333.7587,3076.8154,3076.8154,
8/3/2024 11:10:00 PM,11MINBAL_G01,N,N,N,3006.6013,3006.6013,3180.6987,3006.6013,3006.6013,
8/3/2024 11:10:00 PM,11MINBU_G01,N,N,N,3006.6013,3006.6013,3107.1760,3006.6013,3006.6013,
8/3/2024 11:10:00 PM,11MLY_T1L1,N,N,N,3039.0078,3039.0078,4333.7587,3039.0078,3039.0078,
8/3/2024 11:10:00 PM,11MNCBLG_G01,N,N,N,3006.6013,3006.6013,3193.7246,3006.6013,3006.6013,
8/3/2024 11:10:00 PM,11MNRGY_G01,N,N,N,3006.6013,3006.6013,3169.2239,3006.6013,3006.6013,
8/3/2024 11:10:00 PM,11MNRGY_G02,N,N,N,3006.6013,3006.6013,3169.2239,3006.6013,3006.6013,
8/3/2024 11:10:00 PM,11MOR_T1L1,N,N,N,3034.5069,3034.5069,4333.7587,3034.5069,3034.5069,
8/3/2024 11:10:00 PM,11NAT_T1L1,N,N,N,3006.6013,3006.6013,4333.7587,3006.6013,3006.6013,
8/3/2024 11:10:00 PM,11NAT_T2L1,N,N,N,3006.6013,3006.6013,4333.7587,3006.6013,3006.6013,
8/3/2024 11:10:00 PM,11NBPC_G01,N,N,N,3039.0078,3039.0078,3181.5745,3039.0078,3039.0078,
8/3/2024 11:10:00 PM,11OPOL_SS,N,N,N,3034.2068,3034.2068,4333.7587,3034.2068,3034.2068,
8/3/2024 11:10:00 PM,11OPO_T1L1,N,N,N,3034.5069,3034.5069,4333.7587,3034.5069,3034.5069,
8/3/2024 11:10:00 PM,11PACERM_G01,N,N,N,3034.5069,3034.5069,3204.9811,3034.5069,3034.5069,
8/3/2024 11:10:00 PM,11PAL_T1L1,N,N,N,3070.5141,3070.5141,4333.7587,3070.5141,3070.5141,
8/3/2024 11:10:00 PM,11PG4_T1L1,N,N,N,3039.0078,3039.0078,4333.7587,3039.0078,3039.0078,
8/3/2024 11:10:00 PM,11PKBUK_G01,N,N,N,3006.6013,3006.6013,3169.2239,3006.6013,3006.6013,
8/3/2024 11:10:00 PM,11PULA4_U01,N,N,N,3038.4077,3038.4077,3178.0080,3038.4077,3038.4077,
8/3/2024 11:10:00 PM,11PULA4_U02,N,N,N,3038.4077,3038.4077,3056.7396,3038.4077,3038.4077,
8/3/2024 11:10:00 PM,11PULA4_U03,N,N,N,3038.7077,3038.7077,3228.4382,3038.7077,3038.7077,
8/3/2024 11:10:00 PM,11SME_T1L1,N,N,N,3000.6001,3000.6001,4333.7587,3000.6001,3000.6001,
8/3/2024 11:10:00 PM,11SMH_T1L1,N,N,N,3000.6001,3000.6001,4333.7587,3000.6001,3000.6001,
8/3/2024 11:10:00 PM,11STEAG_U01,N,N,N,3000,3000,2959.1241,3000,3000,
8/3/2024 11:10:00 PM,11STEAG_U02,N,N,N,3000,3000,3561.3633,3000,3000,
8/3/2024 11:10:00 PM,11TAGOL_SS,N,N,N,3000.6001,3000.6001,4333.7587,3000.6001,3000.6001,
8/3/2024 11:10:00 PM,11VILLA_BAT,N,N,N,3001.8004,3001.8004,3162.4209,3001.8004,3001.8004,
8/3/2024 11:10:00 PM,11VILLA_L01,N,N,N,3001.8004,3001.8004,4333.7587,3001.8004,3001.8004,
8/3/2024 11:10:00 PM,11VILLA_SS,N,N,N,3015.6031,3015.6031,4333.7587,3015.6031,3015.6031,
8/3/2024 11:10:00 PM,12ALE_T1L1,N,N,N,3337.5675,3337.5675,4333.7587,3337.5675,3337.5675,
8/3/2024 11:10:00 PM,12ASIGA_G01,N,N,N,3247.8496,3247.8496,3220.2826,3247.8496,3247.8496,
8/3/2024 11:10:00 PM,12BAG_T1L1,N,N,N,3327.9656,3327.9656,4333.7587,3327.9656,3327.9656,
8/3/2024 11:10:00 PM,12BISLIG_SS,N,N,N,3327.9656,3327.9656,4333.7587,3327.9656,3327.9656,
8/3/2024 11:10:00 PM,12BUTUAN_SS,N,N,N,3247.8496,3247.8496,4333.7587,3247.8496,3247.8496,
8/3/2024 11:10:00 PM,12BUT_T2L1,N,N,N,3212.7425,3212.7425,4333.7587,3212.7425,3212.7425,
8/3/2024 11:10:00 PM,12BYG_T1L1,N,N,N,3247.8496,3247.8496,4333.7587,3247.8496,3247.8496,
8/3/2024 11:10:00 PM,12KEGGIN_G01,N,N,N,3212.7425,3212.7425,3361.4972,3212.7425,3212.7425,
8/3/2024 11:10:00 PM,12KEGTAN_G01,N,N,N,3337.5675,3337.5675,3471.7603,3337.5675,3337.5675,
8/3/2024 11:10:00 PM,12LKMAINIT_G01,N,N,N,3247.8496,3247.8496,3313.7922,3247.8496,3247.8496,
8/3/2024 11:10:00 PM,12LMO_T1L1,N,N,N,3247.8496,3247.8496,4333.7587,3247.8496,3247.8496,
8/3/2024 11:10:00 PM,12MAD_T1L1,N,N,N,3309.0618,3309.0618,4333.7587,3309.0618,3309.0618,
8/3/2024 11:10:00 PM,12NACSUR_G01,N,N,N,3309.0618,3309.0618,3454.1966,3309.0618,3309.0618,
8/3/2024 11:10:00 PM,12NASIP_SS,N,N,N,3212.4425,3212.4425,4333.7587,3212.4425,3212.4425,
8/3/2024 11:10:00 PM,12NAS_T1L1,N,N,N,3247.8496,3247.8496,4333.7587,3247.8496,3247.8496,
8/3/2024 11:10:00 PM,12PBA_T1L1,N,N,N,3327.9656,3327.9656,4333.7587,3327.9656,3327.9656,
8/3/2024 11:10:00 PM,12PKSFRA_U01,N,N,N,3337.5675,3337.5675,3471.7603,3337.5675,3337.5675,
8/3/2024 11:10:00 PM,12PKSFRA_U02,N,N,N,3337.5675,3337.5675,3471.7603,3337.5675,3337.5675,
8/3/2024 11:10:00 PM,12PLACER_SS,N,N,N,3309.6619,3309.6619,4333.7587,3309.6619,3309.6619,
8/3/2024 11:10:00 PM,12SFRAN_SS,N,N,N,3337.5675,3337.5675,4333.7587,3337.5675,3337.5675,
8/3/2024 11:10:00 PM,12SLU_T1L1,N,N,N,3212.7425,3212.7425,4333.7587,3212.7425,3212.7425,
8/3/2024 11:10:00 PM,12SNT_T1L1,N,N,N,3247.8496,3247.8496,4333.7587,3247.8496,3247.8496,
8/3/2024 11:10:00 PM,12STCRUZ_L01,N,N,N,3309.0618,3309.0618,4333.7587,3309.0618,3309.0618,
8/3/2024 11:10:00 PM,12SUR_T1L1,N,N,N,3309.0618,3309.0618,4333.7587,3309.0618,3309.0618,
8/3/2024 11:10:00 PM,12TBD_T1L1,N,N,N,3000.6001,3000.6001,4333.7587,3000.6001,3000.6001,
8/3/2024 11:10:00 PM,12TBO_T1L1,N,N,N,3327.9656,3327.9656,4333.7587,3327.9656,3327.9656,
8/3/2024 11:10:00 PM,12TDG_T1L1,N,N,N,3337.5675,3337.5675,4333.7587,3337.5675,3337.5675,
8/3/2024 11:10:00 PM,12THERMA2_SS,N,N,N,3212.4425,3212.4425,4333.7587,3212.4425,3212.4425,
8/3/2024 11:10:00 PM,12TM2_U01,N,N,N,3212.4425,3212.4425,3361.2601,3212.4425,3212.4425,
8/3/2024 11:10:00 PM,12TM2_U02,N,N,N,3212.4425,3212.4425,3361.2601,3212.4425,3212.4425,
8/3/2024 11:10:00 PM,12TRE_T1L1,N,N,N,3327.9656,3327.9656,4333.7587,3327.9656,3327.9656,
8/3/2024 11:10:00 PM,13ASU_T1L1,N,N,N,3250.8502,3250.8502,4333.7587,3250.8502,3250.8502,
8/3/2024 11:10:00 PM,13BAJ_T1L1,N,N,N,3128.4257,3128.4257,4333.7587,3128.4257,3128.4257,
8/3/2024 11:10:00 PM,13BNS_T1L1,N,N,N,3135.3271,3135.3271,4333.7587,3135.3271,3135.3271,
8/3/2024 11:10:00 PM,13BNY_T1L1,N,N,N,3236.1472,3236.1472,4333.7587,3236.1472,3236.1472,
8/3/2024 11:10:00 PM,13BUNAW_SS,N,N,N,3098.7197,3098.7197,4333.7587,3098.7197,3098.7197,
8/3/2024 11:10:00 PM,13CULAMAN_SS,N,N,N,2940.2881,2940.2881,4333.7587,2940.2881,2940.2881,
8/3/2024 11:10:00 PM,13DAVAO_SS,N,N,N,3128.4257,3128.4257,4333.7587,3128.4257,3128.4257,
8/3/2024 11:10:00 PM,13DAV_T1L1,N,N,N,3095.7191,3095.7191,4333.7587,3095.7191,3095.7191,
8/3/2024 11:10:00 PM,13DCPP_U01,N,N,N,3093.9188,3093.9188,3227.3934,3093.9188,3093.9188,
8/3/2024 11:10:00 PM,13DCPP_U02,N,N,N,3095.1190,3095.1190,3210.2978,3095.1190,3095.1190,
8/3/2024 11:10:00 PM,13DIGSOL_G01,N,N,N,3135.3271,3135.3271,3187.0553,3135.3271,3135.3271,
8/3/2024 11:10:00 PM,13DIG_T1L1,N,N,N,3129.6259,3129.6259,4333.7587,3129.6259,3129.6259,
8/3/2024 11:10:00 PM,13DIG_T2L1,N,N,N,3135.3271,3135.3271,4333.7587,3135.3271,3135.3271,
8/3/2024 11:10:00 PM,13DIG_T3L1,N,N,N,3095.7191,3095.7191,4333.7587,3095.7191,3095.7191,
8/3/2024 11:10:00 PM,13DLP_T1L1,N,N,N,3129.6259,3129.6259,4333.7587,3129.6259,3129.6259,
8/3/2024 11:10:00 PM,13DLP_T1L2,N,N,N,3129.6259,3129.6259,4333.7587,3129.6259,3129.6259,
8/3/2024 11:10:00 PM,13DLP_T1L3,N,N,N,3129.6259,3129.6259,4333.7587,3129.6259,3129.6259,
8/3/2024 11:10:00 PM,13DLP_T2L1,N,N,N,3116.4233,3116.4233,4333.7587,3116.4233,3116.4233,
8/3/2024 11:10:00 PM,13DRA_T1L1,N,N,N,3115.5231,3115.5231,4333.7587,3115.5231,3115.5231,
8/3/2024 11:10:00 PM,13DRA_T1L2,N,N,N,3115.5231,3115.5231,4333.7587,3115.5231,3115.5231,
8/3/2024 11:10:00 PM,13DSP_T1L1,N,N,N,3135.3271,3135.3271,4333.7587,3135.3271,3135.3271,
8/3/2024 11:10:00 PM,13DSR_T1L1,N,N,N,2940.8882,2940.8882,4333.7587,2940.8882,2940.8882,
8/3/2024 11:10:00 PM,13EUROH_G01,N,N,N,3250.8502,3250.8502,3356.0267,3250.8502,3250.8502,
8/3/2024 11:10:00 PM,13MACO_BAT,N,N,N,3236.1472,3236.1472,3711.6980,3236.1472,3236.1472,
8/3/2024 11:10:00 PM,13MACO_SS,N,N,N,3235.8472,3235.8472,4333.7587,3235.8472,3235.8472,
8/3/2024 11:10:00 PM,13MAGDBNK_G01,N,N,N,3236.1472,3236.1472,3337.5136,3236.1472,3236.1472,
8/3/2024 11:10:00 PM,13MAGDBNK_U01,N,N,N,3236.1472,3236.1472,3337.5136,3236.1472,3236.1472,
8/3/2024 11:10:00 PM,13MAGDBNK_U02,N,N,N,3236.1472,3236.1472,3337.5136,3236.1472,3236.1472,
8/3/2024 11:10:00 PM,13MAGDBNK_U03,N,N,N,3236.1472,3236.1472,3337.5136,3236.1472,3236.1472,
8/3/2024 11:10:00 PM,13MALITA_BAT,N,N,N,2940.8882,2940.8882,3337.2864,2940.8882,2940.8882,
8/3/2024 11:10:00 PM,13MATAN_SS,N,N,N,2973.8948,2973.8948,4333.7587,2973.8948,2973.8948,
8/3/2024 11:10:00 PM,13MATIBNK_G01,N,N,N,3000.6001,3000.6001,3164.3786,3000.6001,3000.6001,
8/3/2024 11:10:00 PM,13MON_T1L1,N,N,N,3250.8502,3250.8502,4333.7587,3250.8502,3250.8502,
8/3/2024 11:10:00 PM,13MPCDIG_G01,N,N,N,3135.3271,3135.3271,3187.0553,3135.3271,3135.3271,
8/3/2024 11:10:00 PM,13MSR_T1L1,N,N,N,3250.8502,3250.8502,4333.7587,3250.8502,3250.8502,
8/3/2024 11:10:00 PM,13NABUN_SS,N,N,N,3250.8502,3250.8502,4333.7587,3250.8502,3250.8502,
8/3/2024 11:10:00 PM,13PMA_T1L1,N,N,N,3135.3271,3135.3271,4333.7587,3135.3271,3135.3271,
8/3/2024 11:10:00 PM,13SIBULAN_G01,N,N,N,3128.4257,3128.4257,3202.0108,3128.4257,3128.4257,
8/3/2024 11:10:00 PM,13SMC_U01,N,N,N,2936.0872,2936.0872,3036.8643,2936.0872,2936.0872,
8/3/2024 11:10:00 PM,13SMC_U02,N,N,N,2935.4871,2935.4871,3100.6733,2935.4871,2935.4871,
8/3/2024 11:10:00 PM,13TALOM1_G01,N,N,N,3129.6259,3129.6259,3246.1715,3129.6259,3129.6259,
8/3/2024 11:10:00 PM,13TALOM23_G01,N,N,N,3128.4257,3128.4257,3220.3786,3128.4257,3128.4257,
8/3/2024 11:10:00 PM,13TGM_T1L1,N,N,N,3236.1472,3236.1472,4333.7587,3236.1472,3236.1472,
8/3/2024 11:10:00 PM,13THERMA1_SS,N,N,N,3235.8472,3235.8472,4333.7587,3235.8472,3235.8472,
8/3/2024 11:10:00 PM,13TM1_U01,N,N,N,3235.8472,3235.8472,3337.4245,3235.8472,3235.8472,
8/3/2024 11:10:00 PM,13TM1_U02,N,N,N,3235.8472,3235.8472,3337.4245,3235.8472,3235.8472,
8/3/2024 11:10:00 PM,13TORIL_SS,N,N,N,3096.3193,3096.3193,4333.7587,3096.3193,3096.3193,
8/3/2024 11:10:00 PM,13TUDAY2_G01,N,N,N,3129.6259,3129.6259,3068.5829,3129.6259,3129.6259,
8/3/2024 11:10:00 PM,14ALMADA_G01,N,N,N,3253.8508,3253.8508,3422.7539,3253.8508,3253.8508,
8/3/2024 11:10:00 PM,14ASTROSOL_G01,N,N,N,3219.0438,3219.0438,3231.0938,3219.0438,3219.0438,
8/3/2024 11:10:00 PM,14BGN_T1L1,N,N,N,3096.9194,3096.9194,4333.7587,3096.9194,3096.9194,
8/3/2024 11:10:00 PM,14BGN_T2L1,N,N,N,3270.0540,3270.0540,4333.7587,3270.0540,3270.0540,
8/3/2024 11:10:00 PM,14BIOGS_G01,N,N,N,3270.0540,3270.0540,3349.5024,3270.0540,3270.0540,
8/3/2024 11:10:00 PM,14BIOMS_U01,N,N,N,3270.0540,3270.0540,3299.6553,3270.0540,3270.0540,
8/3/2024 11:10:00 PM,14COTSUGR_G01,N,N,N,3096.9194,3096.9194,3146.6906,3096.9194,3096.9194,
8/3/2024 11:10:00 PM,14DSA_T1L1,N,N,N,3253.8508,3253.8508,4333.7587,3253.8508,3253.8508,
8/3/2024 11:10:00 PM,14DSA_T2L1,N,N,N,3270.0540,3270.0540,4333.7587,3270.0540,3270.0540,
8/3/2024 11:10:00 PM,14GENSAN_SS,N,N,N,3219.0438,3219.0438,4333.7587,3219.0438,3219.0438,
8/3/2024 11:10:00 PM,14GERBIO_G01,N,N,N,3270.0540,3270.0540,3299.6553,3270.0540,3270.0540,
8/3/2024 11:10:00 PM,14GLA_T1L1,N,N,N,3219.0438,3219.0438,4333.7587,3219.0438,3219.0438,
8/3/2024 11:10:00 PM,14KAMANGA_SS,N,N,N,3176.7353,3176.7353,4333.7587,3176.7353,3176.7353,
8/3/2024 11:10:00 PM,14KAM_L03,N,N,N,3219.0438,3219.0438,4333.7587,3219.0438,3219.0438,
8/3/2024 11:10:00 PM,14KIDAP_SS,N,N,N,3095.1190,3095.1190,4333.7587,3095.1190,3095.1190,
8/3/2024 11:10:00 PM,14KLN_T1L1,N,N,N,3270.0540,3270.0540,4333.7587,3270.0540,3270.0540,
8/3/2024 11:10:00 PM,14LAMSAN_G01,N,N,N,3253.8508,3253.8508,3763.7095,3253.8508,3253.8508,
8/3/2024 11:10:00 PM,14LLE_T1L1,N,N,N,3219.0438,3219.0438,4333.7587,3219.0438,3219.0438,
8/3/2024 11:10:00 PM,14MARBEL_U01,N,N,N,3270.0540,3270.0540,3228.2756,3270.0540,3270.0540,
8/3/2024 11:10:00 PM,14MID_T1L1,N,N,N,3253.8508,3253.8508,4333.7587,3253.8508,3253.8508,
8/3/2024 11:10:00 PM,14MTAPO_U01,N,N,N,3094.2188,3094.2188,3144.7250,3094.2188,3094.2188,
8/3/2024 11:10:00 PM,14MTAPO_U02,N,N,N,3094.5189,3094.5189,3134.1677,3094.5189,3094.5189,
8/3/2024 11:10:00 PM,14MTAPO_U03,N,N,N,3096.9194,3096.9194,3141.5974,3096.9194,3096.9194,
8/3/2024 11:10:00 PM,14NVSOL_G01,N,N,N,3270.0540,3270.0540,3299.6553,3270.0540,3270.0540,
8/3/2024 11:10:00 PM,14PKPSOC_G01,N,N,N,3219.0438,3219.0438,3229.0665,3219.0438,3219.0438,
8/3/2024 11:10:00 PM,14PTU_T1L1,N,N,N,3219.0438,3219.0438,4333.7587,3219.0438,3219.0438,
8/3/2024 11:10:00 PM,14SARANG_U01,N,N,N,3219.0438,3219.0438,3238.5251,3219.0438,3219.0438,
8/3/2024 11:10:00 PM,14SARANG_U02,N,N,N,3175.8352,3175.8352,3223.1175,3175.8352,3175.8352,
8/3/2024 11:10:00 PM,14SIGHYDRO_G01,N,N,N,3219.0438,3219.0438,3230.9537,3219.0438,3219.0438,
8/3/2024 11:10:00 PM,14SKU_T1L1,N,N,N,3253.8508,3253.8508,4333.7587,3253.8508,3253.8508,
8/3/2024 11:10:00 PM,14SMY_T1L1,N,N,N,3253.8508,3253.8508,4333.7587,3253.8508,3253.8508,
8/3/2024 11:10:00 PM,14SPGI_U01,N,N,N,3270.0540,3270.0540,3462.0796,3270.0540,3270.0540,
8/3/2024 11:10:00 PM,14SRL_T1L1,N,N,N,3270.0540,3270.0540,4333.7587,3270.0540,3270.0540,
8/3/2024 11:10:00 PM,14SULTAN_SS,N,N,N,3252.0504,3252.0504,4333.7587,3252.0504,3252.0504,
8/3/2024 11:10:00 PM,14SUPKOR_G01,N,N,N,3270.0540,3270.0540,3299.6553,3270.0540,3270.0540,
8/3/2024 11:10:00 PM,14TACSUR_L02,N,N,N,3270.0540,3270.0540,4333.7587,3270.0540,3270.0540,
8/3/2024 11:10:00 PM,14TACUR_SS,N,N,N,3270.0540,3270.0540,4333.7587,3270.0540,3270.0540,
8/3/2024 11:10:00 PM,14TIN_T1L1,N,N,N,3219.0438,3219.0438,4333.7587,3219.0438,3219.0438,
8/3/2024 11:10:00 PM,14TIN_T1L2,N,N,N,3219.0438,3219.0438,4333.7587,3219.0438,3219.0438,
EOF
