TIME_INTERVAL,RESOURCE_NAME,AP_FLAG,SEC_FLAG,PSM_FLAG,DIPC_PRICE,RTD_PRICE,ADMIN_PRICE,SEC_PRICE,PSM_PRICE,
8/12/2024 7:30:00 PM,01ACNPC_G01,N,N,N,10049.0953,10049.0953,7073.3378,10049.0953,10049.0953,
8/12/2024 7:30:00 PM,01AEC_L01,N,N,N,10065.0971,10065.0971,7741.4695,10065.0971,10065.0971,
8/12/2024 7:30:00 PM,01AMBUK_SS,N,N,N,9786.0667,9786.0667,7741.4695,9786.0667,9786.0667,
8/12/2024 7:30:00 PM,01AMBUK_T1L1,N,N,N,9786.0667,9786.0667,7741.4695,9786.0667,9786.0667,
8/12/2024 7:30:00 PM,01AMBUK_U01,N,N,N,9761.0639,9761.0639,6517.8271,9761.0639,9761.0639,
8/12/2024 7:30:00 PM,01AMBUK_U02,N,N,N,9761.0639,9761.0639,7031.1418,9761.0639,9761.0639,
8/12/2024 7:30:00 PM,01AMBUK_U03,N,N,N,9760.0638,9760.0638,9254.1316,9760.0638,9760.0638,
8/12/2024 7:30:00 PM,01AMPHAW_G01,N,N,N,9803.0685,9803.0685,7064.8576,9803.0685,9803.0685,
8/12/2024 7:30:00 PM,01ANDA_G01,N,N,N,10065.0971,10065.0971,7800.6991,10065.0971,10065.0971,
8/12/2024 7:30:00 PM,01ANGAT_A,N,N,N,9992.0891,9992.0891,7295.4216,9992.0891,9992.0891,
8/12/2024 7:30:00 PM,01ANGAT_M,N,N,N,10000.09,10000.09,12529.7182,10000.09,10000.09,
8/12/2024 7:30:00 PM,01ANGAT_SS,N,N,N,10027.0929,10027.0929,7741.4695,10027.0929,10027.0929,
8/12/2024 7:30:00 PM,01ANGAT_T5L1,N,N,N,10001.0901,10001.0901,7741.4695,10001.0901,10001.0901,
8/12/2024 7:30:00 PM,01APEC_G01,N,N,N,10065.0971,10065.0971,7681.4580,10065.0971,10065.0971,
8/12/2024 7:30:00 PM,01ARAYSOL_G01,N,N,N,10065.0971,10065.0971,7076.6711,10065.0971,10065.0971,
8/12/2024 7:30:00 PM,01ARAYSOL_G02,N,N,N,10065.0971,10065.0971,7076.6711,10065.0971,10065.0971,
8/12/2024 7:30:00 PM,01ARMSOL_G01,N,N,N,10049.0953,10049.0953,7075.8835,10049.0953,10049.0953,
8/12/2024 7:30:00 PM,01BAKSIP_G01,N,N,N,9803.0685,9803.0685,6925.8502,9803.0685,9803.0685,
8/12/2024 7:30:00 PM,01BAKUN_G01,N,N,N,9617.0482,9617.0482,7684.5673,9617.0482,9617.0482,
8/12/2024 7:30:00 PM,01BAKUN_SS,N,N,N,9619.0485,9619.0485,7741.4695,9619.0485,9619.0485,
8/12/2024 7:30:00 PM,01BALNEO_L01,N,N,N,9713.0587,9713.0587,7741.4695,9713.0587,9713.0587,
8/12/2024 7:30:00 PM,01BALNEO_L02,N,N,N,9713.0587,9713.0587,7741.4695,9713.0587,9713.0587,
8/12/2024 7:30:00 PM,01BALNEO_SS,N,N,N,9673.0544,9673.0544,7741.4695,9673.0544,9673.0544,
8/12/2024 7:30:00 PM,01BALSIK_SS,N,N,N,9691.0563,9691.0563,7741.4695,9691.0563,9691.0563,
8/12/2024 7:30:00 PM,01BALWIND_G01,N,N,N,8908.9711,8908.9711,5119.8887,8908.9711,8908.9711,
8/12/2024 7:30:00 PM,01BANTAY_SS,N,N,N,9687.0559,9687.0559,7741.4695,9687.0559,9687.0559,
8/12/2024 7:30:00 PM,01BATAAN_SS,N,N,N,9432.0281,9432.0281,7741.4695,9432.0281,9432.0281,
8/12/2024 7:30:00 PM,01BAUANG_GS1,N,N,N,9735.0611,9735.0611,12348.2550,9735.0611,9735.0611,
8/12/2024 7:30:00 PM,01BAUANG_GS2,N,N,N,9736.0612,9736.0612,6987.6409,9736.0612,9736.0612,
8/12/2024 7:30:00 PM,01BAUANG_GS3,N,N,N,9736.0612,9736.0612,12359.5183,9736.0612,9736.0612,
8/12/2024 7:30:00 PM,01BAUANG_SS,N,N,N,9746.0623,9746.0623,7741.4695,9746.0623,9746.0623,
8/12/2024 7:30:00 PM,01BAUAN_T1L1,N,N,N,9759.0637,9759.0637,7741.4695,9759.0637,9759.0637,
8/12/2024 7:30:00 PM,01BAUAN_T1L2,N,N,N,9759.0637,9759.0637,7741.4695,9759.0637,9759.0637,
8/12/2024 7:30:00 PM,01BAUAN_T1L3,N,N,N,9760.0638,9760.0638,7741.4695,9760.0638,9760.0638,
8/12/2024 7:30:00 PM,01BAUAN_T2L1,N,N,N,9759.0637,9759.0637,7741.4695,9759.0637,9759.0637,
8/12/2024 7:30:00 PM,01BAUAN_T2L2,N,N,N,9752.0630,9752.0630,7741.4695,9752.0630,9752.0630,
8/12/2024 7:30:00 PM,01BCNOT_SS,N,N,N,9730.0606,9730.0606,7741.4695,9730.0606,9730.0606,
8/12/2024 7:30:00 PM,01BCNOT_T1L1,N,N,N,9733.0609,9733.0609,7741.4695,9733.0609,9733.0609,
8/12/2024 7:30:00 PM,01BCNOT_T1L2,N,N,N,9733.0609,9733.0609,7741.4695,9733.0609,9733.0609,
8/12/2024 7:30:00 PM,01BINENG_G01,N,N,N,9803.0685,9803.0685,6426.8961,9803.0685,9803.0685,
8/12/2024 7:30:00 PM,01BINGA_SS,N,N,N,9773.0653,9773.0653,7741.4695,9773.0653,9773.0653,
8/12/2024 7:30:00 PM,01BINGA_T1L1,N,N,N,9777.0657,9777.0657,7741.4695,9777.0657,9777.0657,
8/12/2024 7:30:00 PM,01BINGA_U01,N,N,N,9746.0623,9746.0623,9233.5684,9746.0623,9746.0623,
8/12/2024 7:30:00 PM,01BINGA_U02,N,N,N,9746.0623,9746.0623,9179.5943,9746.0623,9746.0623,
8/12/2024 7:30:00 PM,01BINGA_U03,N,N,N,9748.0625,9748.0625,9227.2133,9748.0625,9748.0625,
8/12/2024 7:30:00 PM,01BINGA_U04,N,N,N,9773.0653,9773.0653,9210.3399,9773.0653,9773.0653,
8/12/2024 7:30:00 PM,01BNTAY_T1L1,N,N,N,9687.0559,9687.0559,7741.4695,9687.0559,9687.0559,
8/12/2024 7:30:00 PM,01BNTAY_T1L2,N,N,N,9687.0559,9687.0559,7741.4695,9687.0559,9687.0559,
8/12/2024 7:30:00 PM,01BNTAY_T1L3,N,N,N,9687.0559,9687.0559,7741.4695,9687.0559,9687.0559,
8/12/2024 7:30:00 PM,01BOSUNG_G01,N,N,N,9428.0276,9428.0276,7067.2958,9428.0276,9428.0276,
8/12/2024 7:30:00 PM,01BOTOLAN_SS,N,N,N,9748.0625,9748.0625,7741.4695,9748.0625,9748.0625,
8/12/2024 7:30:00 PM,01BOTOL_T1L1,N,N,N,9777.0657,9777.0657,7741.4695,9777.0657,9777.0657,
8/12/2024 7:30:00 PM,01BOTOL_T1L2,N,N,N,9777.0657,9777.0657,7741.4695,9777.0657,9777.0657,
8/12/2024 7:30:00 PM,01BPC_T1L1,N,N,N,9432.0281,9432.0281,7741.4695,9432.0281,9432.0281,
8/12/2024 7:30:00 PM,01BPC_T2L2,N,N,N,9432.0281,9432.0281,7741.4695,9432.0281,9432.0281,
8/12/2024 7:30:00 PM,01BPPC_SS,N,N,N,9736.0612,9736.0612,7741.4695,9736.0612,9736.0612,
8/12/2024 7:30:00 PM,01BT2020_G01,N,N,N,9693.0565,9693.0565,12306.9565,9693.0565,9693.0565,
8/12/2024 7:30:00 PM,01BT2020_G02,N,N,N,9693.0565,9693.0565,6868.8880,9693.0565,9693.0565,
8/12/2024 7:30:00 PM,01BTNSOL_G01,N,N,N,9440.0290,9440.0290,6709.6519,9440.0290,9440.0290,
8/12/2024 7:30:00 PM,01BTPP_T3L1,N,N,N,9440.0290,9440.0290,7741.4695,9440.0290,9440.0290,
8/12/2024 7:30:00 PM,01BTPP_T3L2,N,N,N,9440.0290,9440.0290,7741.4695,9440.0290,9440.0290,
8/12/2024 7:30:00 PM,01BTPP_T3L3,N,N,N,9440.0290,9440.0290,7741.4695,9440.0290,9440.0290,
8/12/2024 7:30:00 PM,01BTPP_T3L4,N,N,N,9440.0290,9440.0290,7741.4695,9440.0290,9440.0290,
8/12/2024 7:30:00 PM,01BTPP_T3L5,N,N,N,9440.0290,9440.0290,7741.4695,9440.0290,9440.0290,
8/12/2024 7:30:00 PM,01BTPP_T4L1,N,N,N,10001.0901,10001.0901,7741.4695,10001.0901,10001.0901,
8/12/2024 7:30:00 PM,01BTSOLEN_BAT,N,N,N,9440.0290,9440.0290,6709.6519,9440.0290,9440.0290,
8/12/2024 7:30:00 PM,01BTSOLEN_G01,N,N,N,9440.0290,9440.0290,6709.6519,9440.0290,9440.0290,
8/12/2024 7:30:00 PM,01BULSOL_G01,N,N,N,10153.1067,10153.1067,7122.0082,10153.1067,10153.1067,
8/12/2024 7:30:00 PM,01BURGOS_G01,N,N,N,9253.0086,9253.0086,4180.05,9253.0086,9253.0086,
8/12/2024 7:30:00 PM,01BURGOS_G02,N,N,N,9428.0276,9428.0276,7067.2958,9428.0276,9428.0276,
8/12/2024 7:30:00 PM,01BURGOS_G03,N,N,N,9428.0276,9428.0276,7067.2958,9428.0276,9428.0276,
8/12/2024 7:30:00 PM,01BURGOS_SS,N,N,N,9253.0086,9253.0086,7741.4695,9253.0086,9253.0086,
8/12/2024 7:30:00 PM,01BUTAO_G01,N,N,N,9841.0727,9841.0727,12429.6006,9841.0727,9841.0727,
8/12/2024 7:30:00 PM,01BYOMB_DID,N,N,N,9963.0860,9963.0860,7741.4695,9963.0860,9963.0860,
8/12/2024 7:30:00 PM,01BYOMB_SS,N,N,N,9953.0849,9953.0849,7741.4695,9953.0849,9953.0849,
8/12/2024 7:30:00 PM,01BYOMB_T1L1,N,N,N,9972.0869,9972.0869,7741.4695,9972.0869,9972.0869,
8/12/2024 7:30:00 PM,01BYOMB_T1L2,N,N,N,9963.0860,9963.0860,7741.4695,9963.0860,9963.0860,
8/12/2024 7:30:00 PM,01BYOMB_T1L3,N,N,N,9972.0869,9972.0869,7741.4695,9972.0869,9972.0869,
8/12/2024 7:30:00 PM,01CABSOL_G01,N,N,N,10236.1157,10236.1157,7190.7645,10236.1157,10236.1157,
8/12/2024 7:30:00 PM,01CAGBIO_G01,N,N,N,10283.1209,10283.1209,7360.9161,10283.1209,10283.1209,
8/12/2024 7:30:00 PM,01CAGYSOL_G01,N,N,N,10483.1427,10483.1427,7562.7862,10483.1427,10483.1427,
8/12/2024 7:30:00 PM,01CALIBUNK_G01,N,N,N,10065.0971,10065.0971,7076.6711,10065.0971,10065.0971,
8/12/2024 7:30:00 PM,01CAPRIS_G01,N,N,N,9025.9838,9025.9838,5394.5942,9025.9838,9025.9838,
8/12/2024 7:30:00 PM,01CAPRIS_G02,N,N,N,9024.9837,9024.9837,5291.9403,9024.9837,9024.9837,
8/12/2024 7:30:00 PM,01CASECN_G01,N,N,N,9571.0432,9571.0432,7232.1982,9571.0432,9571.0432,
8/12/2024 7:30:00 PM,01CASECN_SS,N,N,N,9571.0432,9571.0432,7741.4695,9571.0432,9571.0432,
8/12/2024 7:30:00 PM,01CAYBSOL_G01,N,N,N,9579.0441,9579.0441,3265.1869,9579.0441,9579.0441,
8/12/2024 7:30:00 PM,01CBNTU_SS,N,N,N,10236.1157,10236.1157,7741.4695,10236.1157,10236.1157,
8/12/2024 7:30:00 PM,01CBNTU_T1L1,N,N,N,10236.1157,10236.1157,7741.4695,10236.1157,10236.1157,
8/12/2024 7:30:00 PM,01CBNTU_T1L3,N,N,N,10236.1157,10236.1157,7741.4695,10236.1157,10236.1157,
8/12/2024 7:30:00 PM,01CBNTU_T2L1,N,N,N,10236.1157,10236.1157,7741.4695,10236.1157,10236.1157,
8/12/2024 7:30:00 PM,01CBNTU_T2L2,N,N,N,10236.1157,10236.1157,7741.4695,10236.1157,10236.1157,
8/12/2024 7:30:00 PM,01CBN_CELCOR,N,N,N,10236.1157,10236.1157,7741.4695,10236.1157,10236.1157,
8/12/2024 7:30:00 PM,01CIP2_G01,N,N,N,9733.0609,9733.0609,7030.5769,9733.0609,9733.0609,
8/12/2024 7:30:00 PM,01CLARK_L01,N,N,N,10001.0901,10001.0901,7741.4695,10001.0901,10001.0901,
8/12/2024 7:30:00 PM,01CLARK_L02,N,N,N,10001.0901,10001.0901,7741.4695,10001.0901,10001.0901,
8/12/2024 7:30:00 PM,01CLARK_L03,N,N,N,10028.0931,10028.0931,7741.4695,10028.0931,10028.0931,
8/12/2024 7:30:00 PM,01CLARK_L04,N,N,N,10035.0938,10035.0938,7741.4695,10035.0938,10035.0938,
8/12/2024 7:30:00 PM,01CLARK_SS,N,N,N,10028.0931,10028.0931,7741.4695,10028.0931,10028.0931,
8/12/2024 7:30:00 PM,01CLARK_T1L1,N,N,N,10028.0931,10028.0931,7741.4695,10028.0931,10028.0931,
8/12/2024 7:30:00 PM,01CLARK_T1L2,N,N,N,10001.0901,10001.0901,7741.4695,10001.0901,10001.0901,
8/12/2024 7:30:00 PM,01CLARK_T2L1,N,N,N,10042.0946,10042.0946,7741.4695,10042.0946,10042.0946,
8/12/2024 7:30:00 PM,01CLASOL_G01,N,N,N,10028.0931,10028.0931,7075.9261,10028.0931,10028.0931,
8/12/2024 7:30:00 PM,01CLEANG_G01,N,N,N,9693.0565,9693.0565,6868.8880,9693.0565,9693.0565,
8/12/2024 7:30:00 PM,01CNCEP_BAT,N,N,N,10048.0952,10048.0952,7075.4940,10048.0952,10048.0952,
8/12/2024 7:30:00 PM,01CNCEP_CAT,N,N,N,10048.0952,10048.0952,7741.4695,10048.0952,10048.0952,
8/12/2024 7:30:00 PM,01CNCEP_DAP2,N,N,N,10048.0952,10048.0952,7741.4695,10048.0952,10048.0952,
8/12/2024 7:30:00 PM,01CNCEP_SS,N,N,N,10007.0908,10007.0908,7741.4695,10007.0908,10007.0908,
8/12/2024 7:30:00 PM,01CNCEP_T1L3,N,N,N,10007.0908,10007.0908,7741.4695,10007.0908,10007.0908,
8/12/2024 7:30:00 PM,01CNCEP_TEI,N,N,N,10049.0953,10049.0953,7741.4695,10049.0953,10049.0953,
8/12/2024 7:30:00 PM,01CN_TRELC1,N,N,N,10049.0953,10049.0953,7741.4695,10049.0953,10049.0953,
8/12/2024 7:30:00 PM,01CN_TRELC2,N,N,N,10048.0952,10048.0952,7741.4695,10048.0952,10048.0952,
8/12/2024 7:30:00 PM,01CONSOL_G01,N,N,N,10048.0952,10048.0952,7075.4940,10048.0952,10048.0952,
8/12/2024 7:30:00 PM,01CRUZD_MECO,N,N,N,10153.1067,10153.1067,7741.4695,10153.1067,10153.1067,
8/12/2024 7:30:00 PM,01CRUZD_SS,N,N,N,10131.1043,10131.1043,7741.4695,10131.1043,10131.1043,
8/12/2024 7:30:00 PM,01CRUZD_T2L1,N,N,N,10153.1067,10153.1067,7741.4695,10153.1067,10153.1067,
8/12/2024 7:30:00 PM,01CURIM_SS,N,N,N,9548.0407,9548.0407,7741.4695,9548.0407,9548.0407,
8/12/2024 7:30:00 PM,01CURIM_T1L1,N,N,N,9553.0413,9553.0413,7741.4695,9553.0413,9553.0413,
8/12/2024 7:30:00 PM,01CURIM_T1L2,N,N,N,9553.0413,9553.0413,7741.4695,9553.0413,9553.0413,
8/12/2024 7:30:00 PM,01CURSOL_G02,N,N,N,9553.0413,9553.0413,7113.3428,9553.0413,9553.0413,
8/12/2024 7:30:00 PM,01DALSOL_G01,N,N,N,10049.0953,10049.0953,3365.4193,10049.0953,10049.0953,
8/12/2024 7:30:00 PM,01DUHAT_SS,N,N,N,10223.1143,10223.1143,7741.4695,10223.1143,10223.1143,
8/12/2024 7:30:00 PM,01DUHAT_T1L1,N,N,N,10293.1219,10293.1219,7741.4695,10293.1219,10293.1219,
8/12/2024 7:30:00 PM,01EHVSJ_SS,N,N,N,9928.0822,9928.0822,7741.4695,9928.0822,9928.0822,
8/12/2024 7:30:00 PM,01EHVSM_SS,N,N,N,9733.0609,9733.0609,7741.4695,9733.0609,9733.0609,
8/12/2024 7:30:00 PM,01GAMU_BAT,N,N,N,10302.1229,10302.1229,7362.3414,10302.1229,10302.1229,
8/12/2024 7:30:00 PM,01GAMU_BATL,N,N,N,10302.1229,10302.1229,7741.4695,10302.1229,10302.1229,
8/12/2024 7:30:00 PM,01GAMU_SS,N,N,N,10276.1201,10276.1201,7741.4695,10276.1201,10276.1201,
8/12/2024 7:30:00 PM,01GAMU_T1L1,N,N,N,10302.1229,10302.1229,7741.4695,10302.1229,10302.1229,
8/12/2024 7:30:00 PM,01GAMU_T1L2,N,N,N,10283.1209,10283.1209,7741.4695,10283.1209,10283.1209,
8/12/2024 7:30:00 PM,01GFII_G01,N,N,N,10302.1229,10302.1229,7362.3414,10302.1229,10302.1229,
8/12/2024 7:30:00 PM,01GIFT_G01,N,N,N,10236.1157,10236.1157,7192.8920,10236.1157,10236.1157,
8/12/2024 7:30:00 PM,01GIFT_G02,N,N,N,10236.1157,10236.1157,7530.7651,10236.1157,10236.1157,
8/12/2024 7:30:00 PM,01GIGSOL_G01,N,N,N,9777.0657,9777.0657,6939.5466,9777.0657,9777.0657,
8/12/2024 7:30:00 PM,01GNPD_SS,N,N,N,9594.0457,9594.0457,7741.4695,9594.0457,9594.0457,
8/12/2024 7:30:00 PM,01GNPD_U01,N,N,N,9503.0358,9503.0358,6756.6025,9503.0358,9503.0358,
8/12/2024 7:30:00 PM,01GNPD_U02,N,N,N,9511.0367,9511.0367,5903.5071,9511.0367,9511.0367,
8/12/2024 7:30:00 PM,01GRGOLD_G01,N,N,N,10236.1157,10236.1157,6587.8194,10236.1157,10236.1157,
8/12/2024 7:30:00 PM,01HANJI_SS,N,N,N,9727.0602,9727.0602,7741.4695,9727.0602,9727.0602,
8/12/2024 7:30:00 PM,01HANJI_T1L1,N,N,N,9728.0603,9728.0603,7741.4695,9728.0603,9728.0603,
8/12/2024 7:30:00 PM,01HANJI_T2L1,N,N,N,9727.0602,9727.0602,7741.4695,9727.0602,9727.0602,
8/12/2024 7:30:00 PM,01HERMO_FBL,N,N,N,9693.0565,9693.0565,7741.4695,9693.0565,9693.0565,
8/12/2024 7:30:00 PM,01HERMO_SS,N,N,N,9676.0547,9676.0547,7741.4695,9676.0547,9676.0547,
8/12/2024 7:30:00 PM,01HERMO_T1L1,N,N,N,9693.0565,9693.0565,7741.4695,9693.0565,9693.0565,
8/12/2024 7:30:00 PM,01HERMO_T1L2,N,N,N,9693.0565,9693.0565,7741.4695,9693.0565,9693.0565,
8/12/2024 7:30:00 PM,01HERMO_T1L3,N,N,N,10001.0901,10001.0901,7741.4695,10001.0901,10001.0901,
8/12/2024 7:30:00 PM,01HERMO_T1L4,N,N,N,9693.0565,9693.0565,7741.4695,9693.0565,9693.0565,
8/12/2024 7:30:00 PM,01HYPGRN_G01,N,N,N,10293.1219,10293.1219,7156.4820,10293.1219,10293.1219,
8/12/2024 7:30:00 PM,01IBEC_G01,N,N,N,10071.0977,10071.0977,7253.8290,10071.0977,10071.0977,
8/12/2024 7:30:00 PM,01IBULAO_G01,N,N,N,9972.0869,9972.0869,6895.1222,9972.0869,9972.0869,
8/12/2024 7:30:00 PM,01IPOWER_G01,N,N,N,10236.1157,10236.1157,7234.9824,10236.1157,10236.1157,
8/12/2024 7:30:00 PM,01IPOWER_G02,N,N,N,10236.1157,10236.1157,6259.8863,10236.1157,10236.1157,
8/12/2024 7:30:00 PM,01KDAM_SS,N,N,N,9634.0501,9634.0501,7741.4695,9634.0501,9634.0501,
8/12/2024 7:30:00 PM,01LAMAO_BAT,N,N,N,9408.0255,9408.0255,3161.6356,9408.0255,9408.0255,
8/12/2024 7:30:00 PM,01LAMAO_SS,N,N,N,9410.0257,9410.0257,7741.4695,9410.0257,9410.0257,
8/12/2024 7:30:00 PM,01LAOAG_SS,N,N,N,9432.0281,9432.0281,7741.4695,9432.0281,9432.0281,
8/12/2024 7:30:00 PM,01LAOAG_T1L1,N,N,N,9434.0283,9434.0283,7741.4695,9434.0283,9434.0283,
8/12/2024 7:30:00 PM,01LAOAG_T1L2,N,N,N,9434.0283,9434.0283,7741.4695,9434.0283,9434.0283,
8/12/2024 7:30:00 PM,01LAOAG_T2L2,N,N,N,9428.0276,9428.0276,7741.4695,9428.0276,9428.0276,
8/12/2024 7:30:00 PM,01LAOSOL_G01,N,N,N,9579.0441,9579.0441,6848.5477,9579.0441,9579.0441,
8/12/2024 7:30:00 PM,01LAOSOL_SS,N,N,N,9579.0441,9579.0441,7741.4695,9579.0441,9579.0441,
8/12/2024 7:30:00 PM,01LASUER_U01,N,N,N,10283.1209,10283.1209,5703.8014,10283.1209,10283.1209,
8/12/2024 7:30:00 PM,01LATRI_SS,N,N,N,9785.0666,9785.0666,7741.4695,9785.0666,9785.0666,
8/12/2024 7:30:00 PM,01LATRI_T1L1,N,N,N,9803.0685,9803.0685,7741.4695,9803.0685,9803.0685,
8/12/2024 7:30:00 PM,01LATRI_T2L1,N,N,N,9803.0685,9803.0685,7741.4695,9803.0685,9803.0685,
8/12/2024 7:30:00 PM,01LATRI_T2L2,N,N,N,9803.0685,9803.0685,7741.4695,9803.0685,9803.0685,
8/12/2024 7:30:00 PM,01LATRI_T2L3,N,N,N,9803.0685,9803.0685,7741.4695,9803.0685,9803.0685,
8/12/2024 7:30:00 PM,01LAT_BENECO,N,N,N,9803.0685,9803.0685,7741.4695,9803.0685,9803.0685,
8/12/2024 7:30:00 PM,01LAT_PHILEX,N,N,N,9803.0685,9803.0685,7741.4695,9803.0685,9803.0685,
8/12/2024 7:30:00 PM,01LBRDR_SS,N,N,N,9581.0443,9581.0443,7741.4695,9581.0443,9581.0443,
8/12/2024 7:30:00 PM,01LBR_CNPELC,N,N,N,10001.0901,10001.0901,7741.4695,10001.0901,10001.0901,
8/12/2024 7:30:00 PM,01LBR_DECORP,N,N,N,9591.0454,9591.0454,7741.4695,9591.0454,9591.0454,
8/12/2024 7:30:00 PM,01LBR_PNELC1,N,N,N,9593.0456,9593.0456,7741.4695,9593.0456,9593.0456,
8/12/2024 7:30:00 PM,01LIMAY_BAT,N,N,N,9440.0290,9440.0290,4557.7101,9440.0290,9440.0290,
8/12/2024 7:30:00 PM,01LIMAY_SS,N,N,N,9432.0281,9432.0281,7741.4695,9432.0281,9432.0281,
8/12/2024 7:30:00 PM,01LIMAY_U01,N,N,N,9432.0281,9432.0281,6706.2343,9432.0281,9432.0281,
8/12/2024 7:30:00 PM,01LIMAY_U02,N,N,N,9432.0281,9432.0281,6706.2343,9432.0281,9432.0281,
8/12/2024 7:30:00 PM,01LIMAY_U03,N,N,N,9431.0280,9431.0280,12011.6096,9431.0280,9431.0280,
8/12/2024 7:30:00 PM,01LIMAY_U04,N,N,N,9432.0281,9432.0281,6706.2343,9432.0281,9432.0281,
8/12/2024 7:30:00 PM,01LIMAY_U05,N,N,N,9432.0281,9432.0281,6706.2343,9432.0281,9432.0281,
8/12/2024 7:30:00 PM,01LIMAY_U06,N,N,N,9432.0281,9432.0281,6706.2343,9432.0281,9432.0281,
8/12/2024 7:30:00 PM,01LIMAY_U07,N,N,N,9432.0281,9432.0281,6706.2343,9432.0281,9432.0281,
8/12/2024 7:30:00 PM,01LIMAY_U08,N,N,N,9432.0281,9432.0281,6706.2343,9432.0281,9432.0281,
8/12/2024 7:30:00 PM,01MAEC_G01,N,N,N,9553.0413,9553.0413,7113.3428,9553.0413,9553.0413,
8/12/2024 7:30:00 PM,01MAEC_S01,N,N,N,9553.0413,9553.0413,7741.4695,9553.0413,9553.0413,
8/12/2024 7:30:00 PM,01MAGAPIT_BAT,N,N,N,10483.1427,10483.1427,7562.7862,10483.1427,10483.1427,
8/12/2024 7:30:00 PM,01MAGAT_BAT,N,N,N,10022.0924,10022.0924,7225.8783,10022.0924,10022.0924,
8/12/2024 7:30:00 PM,01MAGAT_SS,N,N,N,10022.0924,10022.0924,7741.4695,10022.0924,10022.0924,
8/12/2024 7:30:00 PM,01MAGAT_U01,N,N,N,10021.0923,10021.0923,11713.1414,10021.0923,10021.0923,
8/12/2024 7:30:00 PM,01MAGAT_U02,N,N,N,10021.0923,10021.0923,9237.3624,10021.0923,10021.0923,
8/12/2024 7:30:00 PM,01MAGAT_U03,N,N,N,10021.0923,10021.0923,7705.8188,10021.0923,10021.0923,
8/12/2024 7:30:00 PM,01MAGAT_U04,N,N,N,10019.0921,10019.0921,8328.4901,10019.0921,10019.0921,
8/12/2024 7:30:00 PM,01MALOL_SS,N,N,N,9987.0886,9987.0886,7741.4695,9987.0886,9987.0886,
8/12/2024 7:30:00 PM,01MALOL_T1L1,N,N,N,10049.0953,10049.0953,7741.4695,10049.0953,10049.0953,
8/12/2024 7:30:00 PM,01MARIS_U01,N,N,N,10071.0977,10071.0977,7510.5202,10071.0977,10071.0977,
8/12/2024 7:30:00 PM,01MARIS_U02,N,N,N,10071.0977,10071.0977,7380.6708,10071.0977,10071.0977,
8/12/2024 7:30:00 PM,01MARSOL_G01,N,N,N,9391.0236,9391.0236,6673.1543,9391.0236,9391.0236,
8/12/2024 7:30:00 PM,01MARVEL_AUX,N,N,N,9377.0221,9377.0221,7741.4695,9377.0221,9377.0221,
8/12/2024 7:30:00 PM,01MARVEL_G01,N,N,N,9371.0214,9371.0214,6556.9472,9371.0214,9371.0214,
8/12/2024 7:30:00 PM,01MARVEL_G02,N,N,N,9371.0214,9371.0214,6572.0254,9371.0214,9371.0214,
8/12/2024 7:30:00 PM,01MARVEL_SS,N,N,N,9377.0221,9377.0221,7741.4695,9377.0221,9377.0221,
8/12/2024 7:30:00 PM,01MASIWA_G01,N,N,N,10236.1157,10236.1157,7190.7645,10236.1157,10236.1157,
8/12/2024 7:30:00 PM,01MASIWA_SS,N,N,N,10236.1157,10236.1157,7741.4695,10236.1157,10236.1157,
8/12/2024 7:30:00 PM,01MATUNO_G01,N,N,N,9963.0860,9963.0860,7154.2977,9963.0860,9963.0860,
8/12/2024 7:30:00 PM,01MEXICO_SS,N,N,N,10035.0938,10035.0938,7741.4695,10035.0938,10035.0938,
8/12/2024 7:30:00 PM,01MEX_AEC,N,N,N,10041.0945,10041.0945,7741.4695,10041.0945,10041.0945,
8/12/2024 7:30:00 PM,01MEX_CISP,N,N,N,10065.0971,10065.0971,7741.4695,10065.0971,10065.0971,
8/12/2024 7:30:00 PM,01MEX_CLARK1,N,N,N,10065.0971,10065.0971,7741.4695,10065.0971,10065.0971,
8/12/2024 7:30:00 PM,01MEX_CLARK2,N,N,N,10065.0971,10065.0971,7741.4695,10065.0971,10065.0971,
8/12/2024 7:30:00 PM,01MEX_CND,N,N,N,10065.0971,10065.0971,7741.4695,10065.0971,10065.0971,
8/12/2024 7:30:00 PM,01MEX_L01,N,N,N,10065.0971,10065.0971,7741.4695,10065.0971,10065.0971,
8/12/2024 7:30:00 PM,01MEX_MIC,N,N,N,10041.0945,10041.0945,7741.4695,10041.0945,10041.0945,
8/12/2024 7:30:00 PM,01MEX_PELCO1,N,N,N,10065.0971,10065.0971,7741.4695,10065.0971,10065.0971,
8/12/2024 7:30:00 PM,01MEX_PIMP,N,N,N,10065.0971,10065.0971,7741.4695,10065.0971,10065.0971,
8/12/2024 7:30:00 PM,01MEX_SFLAPC,N,N,N,10043.0947,10043.0947,7741.4695,10043.0947,10043.0947,
8/12/2024 7:30:00 PM,01MEX_SKK,N,N,N,10041.0945,10041.0945,7741.4695,10041.0945,10041.0945,
8/12/2024 7:30:00 PM,01MPGC_SS,N,N,N,9586.0449,9586.0449,7741.4695,9586.0449,9586.0449,
8/12/2024 7:30:00 PM,01MPGC_U01,N,N,N,9539.0397,9539.0397,7109.4161,9539.0397,9539.0397,
8/12/2024 7:30:00 PM,01MPGC_U02,N,N,N,9539.0397,9539.0397,6797.8969,9539.0397,9539.0397,
8/12/2024 7:30:00 PM,01MPGC_U03,N,N,N,10001.0901,10001.0901,5001.3664,10001.0901,10001.0901,
8/12/2024 7:30:00 PM,01MPGC_U04,N,N,N,9539.0397,9539.0397,9843.0337,9539.0397,9539.0397,
8/12/2024 7:30:00 PM,01MRVEL_T1L1,N,N,N,9391.0236,9391.0236,7741.4695,9391.0236,9391.0236,
8/12/2024 7:30:00 PM,01MSINLO_BAT,N,N,N,9206.0034,9206.0034,6673.0798,9206.0034,9206.0034,
8/12/2024 7:30:00 PM,01MSINLO_G01,N,N,N,9199.0027,9199.0027,6681.6572,9199.0027,9199.0027,
8/12/2024 7:30:00 PM,01MSINLO_G02,N,N,N,9202.0030,9202.0030,6704.8792,9202.0030,9202.0030,
8/12/2024 7:30:00 PM,01MSINLO_G03,N,N,N,9198.0026,9198.0026,6562.4397,9198.0026,9198.0026,
8/12/2024 7:30:00 PM,01MSINLO_SS,N,N,N,9206.0034,9206.0034,7741.4695,9206.0034,9206.0034,
8/12/2024 7:30:00 PM,01NIABAL_G01,N,N,N,10071.0977,10071.0977,8165.3499,10071.0977,10071.0977,
8/12/2024 7:30:00 PM,01NMHC_G01,N,N,N,9803.0685,9803.0685,7264.1474,9803.0685,9803.0685,
8/12/2024 7:30:00 PM,01NMHC_G03,N,N,N,9803.0685,9803.0685,8449.9508,9803.0685,9803.0685,
8/12/2024 7:30:00 PM,01NSNMN_L01,N,N,N,10001.0901,10001.0901,7741.4695,10001.0901,10001.0901,
8/12/2024 7:30:00 PM,01NSNMN_L02,N,N,N,9798.0680,9798.0680,7741.4695,9798.0680,9798.0680,
8/12/2024 7:30:00 PM,01NSNMN_SS,N,N,N,9761.0639,9761.0639,7741.4695,9761.0639,9761.0639,
8/12/2024 7:30:00 PM,01NSNMN_T1L1,N,N,N,10001.0901,10001.0901,7741.4695,10001.0901,10001.0901,
8/12/2024 7:30:00 PM,01NWIND_G01,N,N,N,9428.0276,9428.0276,5621.4107,9428.0276,9428.0276,
8/12/2024 7:30:00 PM,01NWIND_G02,N,N,N,9428.0276,9428.0276,5021.1950,9428.0276,9428.0276,
8/12/2024 7:30:00 PM,01NWIND_L01,N,N,N,9428.0276,9428.0276,7741.4695,9428.0276,9428.0276,
8/12/2024 7:30:00 PM,01OLONG_SS,N,N,N,9718.0593,9718.0593,7741.4695,9718.0593,9718.0593,
8/12/2024 7:30:00 PM,01OLONG_T1L1,N,N,N,9738.0614,9738.0614,7741.4695,9738.0614,9738.0614,
8/12/2024 7:30:00 PM,01OLONG_T2L2,N,N,N,9738.0614,9738.0614,7741.4695,9738.0614,9738.0614,
8/12/2024 7:30:00 PM,01OLONG_T3L3,N,N,N,9738.0614,9738.0614,7741.4695,9738.0614,9738.0614,
8/12/2024 7:30:00 PM,01PAGCAP_L01,N,N,N,9026.9839,9026.9839,7741.4695,9026.9839,9026.9839,
8/12/2024 7:30:00 PM,01PAGUD_SS,N,N,N,9026.9839,9026.9839,7741.4695,9026.9839,9026.9839,
8/12/2024 7:30:00 PM,01PASQSOL_G01,N,N,N,9422.0270,9422.0270,7074.9531,9422.0270,9422.0270,
8/12/2024 7:30:00 PM,01PAVGSOL_G01,N,N,N,9440.0290,9440.0290,5757.2122,9440.0290,9440.0290,
8/12/2024 7:30:00 PM,01PETRON_G01,N,N,N,9432.0281,9432.0281,5751.7780,9432.0281,9432.0281,
8/12/2024 7:30:00 PM,01PETSOL_G01,N,N,N,10048.0952,10048.0952,7075.4940,10048.0952,10048.0952,
8/12/2024 7:30:00 PM,01PETSOL_G02,N,N,N,10048.0952,10048.0952,7075.4940,10048.0952,10048.0952,
8/12/2024 7:30:00 PM,01PNTBNG_SS,N,N,N,10037.0940,10037.0940,7741.4695,10037.0940,10037.0940,
8/12/2024 7:30:00 PM,01PNTBNG_U01,N,N,N,10037.0940,10037.0940,7087.5104,10037.0940,10037.0940,
8/12/2024 7:30:00 PM,01PNTBNG_U02,N,N,N,10037.0940,10037.0940,7087.5104,10037.0940,10037.0940,
8/12/2024 7:30:00 PM,01RASLAG_G01,N,N,N,10065.0971,10065.0971,7076.6711,10065.0971,10065.0971,
8/12/2024 7:30:00 PM,01RASLAG_G02,N,N,N,10065.0971,10065.0971,7076.6711,10065.0971,10065.0971,
8/12/2024 7:30:00 PM,01RASLAG_G03,N,N,N,10065.0971,10065.0971,7076.6711,10065.0971,10065.0971,
8/12/2024 7:30:00 PM,01SABANG_G01,N,N,N,9803.0685,9803.0685,7059.5879,9803.0685,9803.0685,
8/12/2024 7:30:00 PM,01SANMIGSOL_G01,N,N,N,10153.1067,10153.1067,7122.0082,10153.1067,10153.1067,
8/12/2024 7:30:00 PM,01SE_ABRECO,N,N,N,9635.0502,9635.0502,7741.4695,9635.0502,9635.0502,
8/12/2024 7:30:00 PM,01SLANGN_G01,N,N,N,9803.0685,9803.0685,7026.0687,9803.0685,9803.0685,
8/12/2024 7:30:00 PM,01SMBELL_G01,N,N,N,9972.0869,9972.0869,7161.5398,9972.0869,9972.0869,
8/12/2024 7:30:00 PM,01SMC_G01,N,N,N,9403.0249,9403.0249,6749.5238,9403.0249,9403.0249,
8/12/2024 7:30:00 PM,01SMC_G02,N,N,N,9402.0248,9402.0248,6689.9784,9402.0248,9402.0248,
8/12/2024 7:30:00 PM,01SMC_G03,N,N,N,9402.0248,9402.0248,6963.5094,9402.0248,9402.0248,
8/12/2024 7:30:00 PM,01SMC_G04,N,N,N,9360.0202,9360.0202,6846.2286,9360.0202,9360.0202,
8/12/2024 7:30:00 PM,01SMC_SS,N,N,N,9403.0249,9403.0249,7741.4695,9403.0249,9403.0249,
8/12/2024 7:30:00 PM,01SMC_SS2,N,N,N,9402.0248,9402.0248,7741.4695,9402.0248,9402.0248,
8/12/2024 7:30:00 PM,01SMC_SS3,N,N,N,9402.0248,9402.0248,7741.4695,9402.0248,9402.0248,
8/12/2024 7:30:00 PM,01SMC_SS4,N,N,N,9360.0202,9360.0202,7741.4695,9360.0202,9360.0202,
8/12/2024 7:30:00 PM,01SNEST_SS,N,N,N,9614.0479,9614.0479,7741.4695,9614.0479,9614.0479,
8/12/2024 7:30:00 PM,01SNEST_T3L1,N,N,N,9651.0520,9651.0520,7741.4695,9651.0520,9651.0520,
8/12/2024 7:30:00 PM,01SNEST_T3L2,N,N,N,9651.0520,9651.0520,7741.4695,9651.0520,9651.0520,
8/12/2024 7:30:00 PM,01SNJOSE_L01,N,N,N,10088.0996,10088.0996,7741.4695,10088.0996,10088.0996,
8/12/2024 7:30:00 PM,01SNJOSE_SS,N,N,N,10035.0938,10035.0938,7741.4695,10035.0938,10035.0938,
8/12/2024 7:30:00 PM,01SNJOS_CAM,N,N,N,10088.0996,10088.0996,7741.4695,10088.0996,10088.0996,
8/12/2024 7:30:00 PM,01SNJOS_T1L1,N,N,N,10062.0968,10062.0968,7741.4695,10062.0968,10062.0968,
8/12/2024 7:30:00 PM,01SNJOS_T1L2,N,N,N,10280.1205,10280.1205,7741.4695,10280.1205,10280.1205,
8/12/2024 7:30:00 PM,01SNJOS_T1L3,N,N,N,10089.0997,10089.0997,7741.4695,10089.0997,10089.0997,
8/12/2024 7:30:00 PM,01SNMAN_BAT,N,N,N,9841.0727,9841.0727,4344.3481,9841.0727,9841.0727,
8/12/2024 7:30:00 PM,01SNMAN_LYO,N,N,N,9841.0727,9841.0727,7741.4695,9841.0727,9841.0727,
8/12/2024 7:30:00 PM,01SNMAN_SS,N,N,N,9762.0641,9762.0641,7741.4695,9762.0641,9762.0641,
8/12/2024 7:30:00 PM,01SNMAN_T1L2,N,N,N,9841.0727,9841.0727,7741.4695,9841.0727,9841.0727,
8/12/2024 7:30:00 PM,01SNMARSOL_G01,N,N,N,9676.0547,9676.0547,6862.7291,9676.0547,9676.0547,
8/12/2024 7:30:00 PM,01SNMAR_SS,N,N,N,9676.0547,9676.0547,7741.4695,9676.0547,9676.0547,
8/12/2024 7:30:00 PM,01SNM_PNELC3,N,N,N,9841.0727,9841.0727,7741.4695,9841.0727,9841.0727,
8/12/2024 7:30:00 PM,01SNTGO_SS,N,N,N,10065.0971,10065.0971,7741.4695,10065.0971,10065.0971,
8/12/2024 7:30:00 PM,01SNTGO_T1L1,N,N,N,10071.0977,10071.0977,7741.4695,10071.0977,10071.0977,
8/12/2024 7:30:00 PM,01SNTGO_T1L2,N,N,N,10071.0977,10071.0977,7741.4695,10071.0977,10071.0977,
8/12/2024 7:30:00 PM,01SNTGO_T1L3,N,N,N,10071.0977,10071.0977,7741.4695,10071.0977,10071.0977,
8/12/2024 7:30:00 PM,01SNTGO_T2L1,N,N,N,10071.0977,10071.0977,7741.4695,10071.0977,10071.0977,
8/12/2024 7:30:00 PM,01SNTGO_T2L2,N,N,N,10071.0977,10071.0977,7741.4695,10071.0977,10071.0977,
8/12/2024 7:30:00 PM,01SPABUL_G01,N,N,N,10153.1067,10153.1067,7122.0082,10153.1067,10153.1067,
8/12/2024 7:30:00 PM,01SROQUE_SS,N,N,N,9737.0613,9737.0613,7741.4695,9737.0613,9737.0613,
8/12/2024 7:30:00 PM,01SROQUE_U01,N,N,N,9678.0549,9678.0549,7746.5849,9678.0549,9678.0549,
8/12/2024 7:30:00 PM,01SROQUE_U02,N,N,N,9678.0549,9678.0549,9390.4578,9678.0549,9678.0549,
8/12/2024 7:30:00 PM,01SROQUE_U03,N,N,N,9737.0613,9737.0613,6937.2721,9737.0613,9737.0613,
8/12/2024 7:30:00 PM,01SUAL_G01,N,N,N,9463.0315,9463.0315,7137.2437,9463.0315,9463.0315,
8/12/2024 7:30:00 PM,01SUAL_G02,N,N,N,10001.0901,10001.0901,7137.5470,10001.0901,10001.0901,
8/12/2024 7:30:00 PM,01SUAL_T3L1,N,N,N,9513.0369,9513.0369,7741.4695,9513.0369,9513.0369,
8/12/2024 7:30:00 PM,01SUBIC_T3L1,N,N,N,9704.0577,9704.0577,7741.4695,9704.0577,9704.0577,
8/12/2024 7:30:00 PM,01SUBIC_T3L2,N,N,N,9704.0577,9704.0577,7741.4695,9704.0577,9704.0577,
8/12/2024 7:30:00 PM,01SUBSOL_G01,N,N,N,9704.0577,9704.0577,6883.0131,9704.0577,9704.0577,
8/12/2024 7:30:00 PM,01SUPSOL_G01,N,N,N,9704.0577,9704.0577,6883.0131,9704.0577,9704.0577,
8/12/2024 7:30:00 PM,01S_ENRO_G01,N,N,N,9704.0577,9704.0577,6883.0131,9704.0577,9704.0577,
8/12/2024 7:30:00 PM,01S_ENRO_SS,N,N,N,9704.0577,9704.0577,7741.4695,9704.0577,9704.0577,
8/12/2024 7:30:00 PM,01TERASU_G01,N,N,N,10049.0953,10049.0953,7075.8835,10049.0953,10049.0953,
8/12/2024 7:30:00 PM,01TGEGA_SS,N,N,N,10450.1391,10450.1391,7741.4695,10450.1391,10450.1391,
8/12/2024 7:30:00 PM,01TGEGA_T1L1,N,N,N,10483.1427,10483.1427,7741.4695,10483.1427,10483.1427,
8/12/2024 7:30:00 PM,01TG_CGELCO1,N,N,N,10483.1427,10483.1427,7741.4695,10483.1427,10483.1427,
8/12/2024 7:30:00 PM,01TG_CGELCO2,N,N,N,10483.1427,10483.1427,7741.4695,10483.1427,10483.1427,
8/12/2024 7:30:00 PM,01TG_ISELCO2,N,N,N,10483.1427,10483.1427,7741.4695,10483.1427,10483.1427,
8/12/2024 7:30:00 PM,01TPCBUNK_G01,N,N,N,10049.0953,10049.0953,7392.4671,10049.0953,10049.0953,
8/12/2024 7:30:00 PM,01TRASU_L01,N,N,N,10049.0953,10049.0953,7741.4695,10049.0953,10049.0953,
8/12/2024 7:30:00 PM,01TRUSTBIO_G01,N,N,N,10065.0971,10065.0971,7076.6711,10065.0971,10065.0971,
8/12/2024 7:30:00 PM,01TRUSTSOL_G01,N,N,N,10065.0971,10065.0971,7076.6711,10065.0971,10065.0971,
8/12/2024 7:30:00 PM,01T_ASIA_G01,N,N,N,10089.0997,10089.0997,7057.5407,10089.0997,10089.0997,
8/12/2024 7:30:00 PM,01T_ASI_T3L1,N,N,N,10089.0997,10089.0997,7741.4695,10089.0997,10089.0997,
8/12/2024 7:30:00 PM,01UPPC_G01,N,N,N,10065.0971,10065.0971,7076.6711,10065.0971,10065.0971,
8/12/2024 7:30:00 PM,01VSGRIP_G01,N,N,N,10236.1157,10236.1157,7267.7367,10236.1157,10236.1157,
8/12/2024 7:30:00 PM,01YHGRN_G01,N,N,N,9693.0565,9693.0565,6868.8880,9693.0565,9693.0565,
8/12/2024 7:30:00 PM,01ZAMSOL_G01,N,N,N,9777.0657,9777.0657,6939.5466,9777.0657,9777.0657,
8/12/2024 7:30:00 PM,02ARANE_T1L1,N,N,N,10322.1251,10322.1251,7741.4695,10322.1251,10322.1251,
8/12/2024 7:30:00 PM,02BALNT_T1L1,N,N,N,10225.1145,10225.1145,7741.4695,10225.1145,10225.1145,
8/12/2024 7:30:00 PM,02DOLOR_T1L1,N,N,N,10287.1213,10287.1213,7741.4695,10287.1213,10287.1213,
8/12/2024 7:30:00 PM,02ECOPRK_G01,N,N,N,10225.1145,10225.1145,7125.2866,10225.1145,10225.1145,
8/12/2024 7:30:00 PM,02ECOTAGA_G01,N,N,N,10225.1145,10225.1145,7125.2866,10225.1145,10225.1145,
8/12/2024 7:30:00 PM,02MMPP_G01,N,N,N,10225.1145,10225.1145,7125.2866,10225.1145,10225.1145,
8/12/2024 7:30:00 PM,02PACO_T1L1,N,N,N,10332.1262,10332.1262,7741.4695,10332.1262,10332.1262,
8/12/2024 7:30:00 PM,02PNGEA_G01,N,N,N,10225.1145,10225.1145,7143.3508,10225.1145,10225.1145,
8/12/2024 7:30:00 PM,02PNGYSOL_G01,N,N,N,10287.1213,10287.1213,7142.9018,10287.1213,10287.1213,
8/12/2024 7:30:00 PM,02SMNRTH_G01,N,N,N,10225.1145,10225.1145,7125.2866,10225.1145,10225.1145,
8/12/2024 7:30:00 PM,02SUCAT_T1L1,N,N,N,10189.1106,10189.1106,7741.4695,10189.1106,10189.1106,
8/12/2024 7:30:00 PM,02TMOBIL_G01,N,N,N,10225.1145,10225.1145,7125.2866,10225.1145,10225.1145,
8/12/2024 7:30:00 PM,02TMOBIL_G02,N,N,N,10225.1145,10225.1145,7125.2866,10225.1145,10225.1145,
8/12/2024 7:30:00 PM,02TMOBIL_G03,N,N,N,10225.1145,10225.1145,6118.8871,10225.1145,10225.1145,
8/12/2024 7:30:00 PM,02TMOBIL_G04,N,N,N,10225.1145,10225.1145,7125.2866,10225.1145,10225.1145,
8/12/2024 7:30:00 PM,02VALSOL_G01,N,N,N,10225.1145,10225.1145,7125.2866,10225.1145,10225.1145,
8/12/2024 7:30:00 PM,02ZAPOT_SS,N,N,N,10111.1021,10111.1021,7741.4695,10111.1021,10111.1021,
8/12/2024 7:30:00 PM,02ZAPOT_T1L1,N,N,N,10151.1065,10151.1065,7741.4695,10151.1065,10151.1065,
8/12/2024 7:30:00 PM,03ADISOL_G01,N,N,N,9695.0568,9695.0568,6853.7077,9695.0568,9695.0568,
8/12/2024 7:30:00 PM,03ALMNOS_BAT1,N,N,N,10014.0915,10014.0915,7002.0986,10014.0915,10014.0915,
8/12/2024 7:30:00 PM,03ALMNOS_BAT2,N,N,N,10014.0915,10014.0915,7002.0986,10014.0915,10014.0915,
8/12/2024 7:30:00 PM,03AMADEO_T1L1,N,N,N,9959.0855,9959.0855,7741.4695,9959.0855,9959.0855,
8/12/2024 7:30:00 PM,03AVION_SS,N,N,N,9836.0721,9836.0721,7741.4695,9836.0721,9836.0721,
8/12/2024 7:30:00 PM,03AVION_U01,N,N,N,9833.0718,9833.0718,6796.8493,9833.0718,9833.0718,
8/12/2024 7:30:00 PM,03AVION_U02,N,N,N,9833.0718,9833.0718,8169.7876,9833.0718,9833.0718,
8/12/2024 7:30:00 PM,03AWOC_G01,N,N,N,10287.1213,10287.1213,6765.3247,10287.1213,10287.1213,
8/12/2024 7:30:00 PM,03BACMAN_SS,N,N,N,9974.0872,9974.0872,7741.4695,9974.0872,9974.0872,
8/12/2024 7:30:00 PM,03BACMAN_U01,N,N,N,10001.0901,10001.0901,6727.1477,10001.0901,10001.0901,
8/12/2024 7:30:00 PM,03BACMAN_U02,N,N,N,9974.0872,9974.0872,6736.2573,9974.0872,9974.0872,
8/12/2024 7:30:00 PM,03BACMAN_U03,N,N,N,9970.0867,9970.0867,7074.4433,9970.0867,9970.0867,
8/12/2024 7:30:00 PM,03BALUG_G01,N,N,N,10017.0919,10017.0919,7253.8396,10017.0919,10017.0919,
8/12/2024 7:30:00 PM,03BART_G01,N,N,N,9892.0782,9892.0782,6857.7479,9892.0782,9892.0782,
8/12/2024 7:30:00 PM,03BATAN_SS,N,N,N,9881.0770,9881.0770,7741.4695,9881.0770,9881.0770,
8/12/2024 7:30:00 PM,03BATAN_T1L2,N,N,N,9896.0787,9896.0787,7741.4695,9896.0787,9896.0787,
8/12/2024 7:30:00 PM,03BATAN_T2L2,N,N,N,9891.0781,9891.0781,7741.4695,9891.0781,9891.0781,
8/12/2024 7:30:00 PM,03BAT_BTLEC2,N,N,N,9903.0794,9903.0794,7741.4695,9903.0794,9903.0794,
8/12/2024 7:30:00 PM,03BAT_LIP01,N,N,N,9903.0794,9903.0794,7741.4695,9903.0794,9903.0794,
8/12/2024 7:30:00 PM,03BAT_LIP02,N,N,N,9903.0794,9903.0794,7741.4695,9903.0794,9903.0794,
8/12/2024 7:30:00 PM,03BAT_MECO,N,N,N,9903.0794,9903.0794,7741.4695,9903.0794,9903.0794,
8/12/2024 7:30:00 PM,03BAT_MECO1,N,N,N,9903.0794,9903.0794,7741.4695,9903.0794,9903.0794,
8/12/2024 7:30:00 PM,03BAT_MECO2,N,N,N,9903.0794,9903.0794,7741.4695,9903.0794,9903.0794,
8/12/2024 7:30:00 PM,03BAT_ROS01,N,N,N,9903.0794,9903.0794,7741.4695,9903.0794,9903.0794,
8/12/2024 7:30:00 PM,03BAT_T1L1,N,N,N,9896.0787,9896.0787,7741.4695,9896.0787,9896.0787,
8/12/2024 7:30:00 PM,03BAT_T2L1,N,N,N,9891.0781,9891.0781,7741.4695,9891.0781,9891.0781,
8/12/2024 7:30:00 PM,03BBEC_G01,N,N,N,9892.0782,9892.0782,6862.2610,9892.0782,9892.0782,
8/12/2024 7:30:00 PM,03BINAN_SS,N,N,N,10067.0973,10067.0973,7741.4695,10067.0973,10067.0973,
8/12/2024 7:30:00 PM,03BINAN_T1L1,N,N,N,10099.1008,10099.1008,7741.4695,10099.1008,10099.1008,
8/12/2024 7:30:00 PM,03BOTOCA_G01,N,N,N,10016.0917,10016.0917,3305.0144,10016.0917,10016.0917,
8/12/2024 7:30:00 PM,03BOTOCA_L01,N,N,N,10017.0919,10017.0919,7741.4695,10017.0919,10017.0919,
8/12/2024 7:30:00 PM,03BOTOCA_SS,N,N,N,10016.0917,10016.0917,7741.4695,10016.0917,10016.0917,
8/12/2024 7:30:00 PM,03CADPI_G01,N,N,N,9695.0568,9695.0568,6853.7077,9695.0568,9695.0568,
8/12/2024 7:30:00 PM,03CALACA_G01,N,N,N,9646.0514,9646.0514,8473.8064,9646.0514,9646.0514,
8/12/2024 7:30:00 PM,03CALACA_G02,N,N,N,9655.0524,9655.0524,4443.1686,9655.0524,9655.0524,
8/12/2024 7:30:00 PM,03CALAMBA_L01,N,N,N,10095.1004,10095.1004,7741.4695,10095.1004,10095.1004,
8/12/2024 7:30:00 PM,03CALAMBA_SS,N,N,N,10052.0957,10052.0957,7741.4695,10052.0957,10052.0957,
8/12/2024 7:30:00 PM,03CALAU_SS,N,N,N,10125.1036,10125.1036,7741.4695,10125.1036,10125.1036,
8/12/2024 7:30:00 PM,03CALAU_T1L1,N,N,N,10170.1085,10170.1085,7741.4695,10170.1085,10170.1085,
8/12/2024 7:30:00 PM,03CALIRY_G01,N,N,N,10000.09,10000.09,6994.8353,10000.09,10000.09,
8/12/2024 7:30:00 PM,03CALIRY_SS,N,N,N,10000.09,10000.09,7741.4695,10000.09,10000.09,
8/12/2024 7:30:00 PM,03CALIRY_SS1,N,N,N,10016.0917,10016.0917,7741.4695,10016.0917,10016.0917,
8/12/2024 7:30:00 PM,03CALIR_TAL1,N,N,N,10037.0940,10037.0940,7741.4695,10037.0940,10037.0940,
8/12/2024 7:30:00 PM,03CALI_FLECO,N,N,N,10037.0940,10037.0940,7741.4695,10037.0940,10037.0940,
8/12/2024 7:30:00 PM,03CALSOL_G01,N,N,N,9695.0568,9695.0568,6853.7077,9695.0568,9695.0568,
8/12/2024 7:30:00 PM,03CLABSOL_G01,N,N,N,9894.0784,9894.0784,6857.8989,9894.0784,9894.0784,
8/12/2024 7:30:00 PM,03CLACA_SS,N,N,N,9899.0790,9899.0790,7741.4695,9899.0790,9899.0790,
8/12/2024 7:30:00 PM,03CLA_BCNOT,N,N,N,9652.0521,9652.0521,7741.4695,9652.0521,9652.0521,
8/12/2024 7:30:00 PM,03CLA_BTLEC1,N,N,N,9695.0568,9695.0568,7741.4695,9695.0568,9695.0568,
8/12/2024 7:30:00 PM,03CLA_STLCOR,N,N,N,9695.0568,9695.0568,7741.4695,9695.0568,9695.0568,
8/12/2024 7:30:00 PM,03CLA_T1L1,N,N,N,9695.0568,9695.0568,7741.4695,9695.0568,9695.0568,
8/12/2024 7:30:00 PM,03CLBATO_G01,N,N,N,10170.1085,10170.1085,7128.0755,10170.1085,10170.1085,
8/12/2024 7:30:00 PM,03COLASI_G01,N,N,N,10040.0944,10040.0944,6970.3437,10040.0944,10040.0944,
8/12/2024 7:30:00 PM,03DARAG_SS,N,N,N,9987.0886,9987.0886,7741.4695,9987.0886,9987.0886,
8/12/2024 7:30:00 PM,03DARAG_T1L1,N,N,N,10001.0901,10001.0901,7741.4695,10001.0901,10001.0901,
8/12/2024 7:30:00 PM,03DAR_ALECO,N,N,N,10004.0904,10004.0904,7741.4695,10004.0904,10004.0904,
8/12/2024 7:30:00 PM,03DAR_SRECO2,N,N,N,10014.0915,10014.0915,7741.4695,10014.0915,10014.0915,
8/12/2024 7:30:00 PM,03DAR_STDOM,N,N,N,10004.0904,10004.0904,7741.4695,10004.0904,10004.0904,
8/12/2024 7:30:00 PM,03DASMA_L01,N,N,N,10047.0951,10047.0951,7741.4695,10047.0951,10047.0951,
8/12/2024 7:30:00 PM,03DASMA_SS,N,N,N,9976.0874,9976.0874,7741.4695,9976.0874,9976.0874,
8/12/2024 7:30:00 PM,03EERI_G01,N,N,N,9754.0632,9754.0632,6859.6669,9754.0632,9754.0632,
8/12/2024 7:30:00 PM,03EERI_G02,N,N,N,9754.0632,9754.0632,12290.6874,9754.0632,9754.0632,
8/12/2024 7:30:00 PM,03EERI_G03,N,N,N,10001.0901,10001.0901,7023.0997,10001.0901,10001.0901,
8/12/2024 7:30:00 PM,03EERI_L01,N,N,N,9754.0632,9754.0632,7741.4695,9754.0632,9754.0632,
8/12/2024 7:30:00 PM,03EERI_SS,N,N,N,9754.0632,9754.0632,7741.4695,9754.0632,9754.0632,
8/12/2024 7:30:00 PM,03GUMAC_SS,N,N,N,10078.0985,10078.0985,7741.4695,10078.0985,10078.0985,
8/12/2024 7:30:00 PM,03GUMAC_T1L1,N,N,N,10091.0999,10091.0999,7741.4695,10091.0999,10091.0999,
8/12/2024 7:30:00 PM,03GUMAC_T1L2,N,N,N,10091.0999,10091.0999,7741.4695,10091.0999,10091.0999,
8/12/2024 7:30:00 PM,03GUMAC_T1L3,N,N,N,10091.0999,10091.0999,7741.4695,10091.0999,10091.0999,
8/12/2024 7:30:00 PM,03GUMAC_T1L4,N,N,N,10091.0999,10091.0999,7741.4695,10091.0999,10091.0999,
8/12/2024 7:30:00 PM,03ILI500_SS,N,N,N,9754.0632,9754.0632,7741.4695,9754.0632,9754.0632,
8/12/2024 7:30:00 PM,03ILIJAN_G01,N,N,N,9745.0622,9745.0622,7074.3088,9745.0622,9745.0622,
8/12/2024 7:30:00 PM,03ILIJAN_G02,N,N,N,9744.0621,9744.0621,6937.2682,9744.0621,9744.0621,
8/12/2024 7:30:00 PM,03ILIJAN_SS,N,N,N,9745.0622,9745.0622,7741.4695,9745.0622,9745.0622,
8/12/2024 7:30:00 PM,03ILIJAN_SS2,N,N,N,9744.0621,9744.0621,7741.4695,9744.0621,9744.0621,
8/12/2024 7:30:00 PM,03INARI_G01,N,N,N,9894.0784,9894.0784,7162.4939,9894.0784,9894.0784,
8/12/2024 7:30:00 PM,03INGRID_GS1,N,N,N,10153.1067,10153.1067,3368.4341,10153.1067,10153.1067,
8/12/2024 7:30:00 PM,03INGRID_GS2,N,N,N,10153.1067,10153.1067,9053.0858,10153.1067,10153.1067,
8/12/2024 7:30:00 PM,03INGRID_GS3,N,N,N,10153.1067,10153.1067,12679.8946,10153.1067,10153.1067,
8/12/2024 7:30:00 PM,03INGRID_GS4,N,N,N,10153.1067,10153.1067,3358.7494,10153.1067,10153.1067,
8/12/2024 7:30:00 PM,03INGRID_GS5,N,N,N,10153.1067,10153.1067,12679.8946,10153.1067,10153.1067,
8/12/2024 7:30:00 PM,03INGRID_GS6,N,N,N,10153.1067,10153.1067,7379.2204,10153.1067,10153.1067,
8/12/2024 7:30:00 PM,03KAL_E_T1L1,N,N,N,10054.0959,10054.0959,7741.4695,10054.0959,10054.0959,
8/12/2024 7:30:00 PM,03KAL_G01,N,N,N,10050.0955,10050.0955,7024.9963,10050.0955,10050.0955,
8/12/2024 7:30:00 PM,03KAL_G02,N,N,N,10050.0955,10050.0955,5974.5794,10050.0955,10050.0955,
8/12/2024 7:30:00 PM,03KAL_G03,N,N,N,10040.0944,10040.0944,7388.3913,10040.0944,10040.0944,
8/12/2024 7:30:00 PM,03KAL_G04,N,N,N,10036.0939,10036.0939,6928.5065,10036.0939,10036.0939,
8/12/2024 7:30:00 PM,03KAL_SS,N,N,N,10050.0955,10050.0955,7741.4695,10050.0955,10050.0955,
8/12/2024 7:30:00 PM,03LABO_SS,N,N,N,10022.0924,10022.0924,7741.4695,10022.0924,10022.0924,
8/12/2024 7:30:00 PM,03LABO_T1L1,N,N,N,10040.0944,10040.0944,7741.4695,10040.0944,10040.0944,
8/12/2024 7:30:00 PM,03LABO_T1L2,N,N,N,10040.0944,10040.0944,7741.4695,10040.0944,10040.0944,
8/12/2024 7:30:00 PM,03LMHP_G01,N,N,N,9535.0393,9535.0393,6722.0151,9535.0393,9535.0393,
8/12/2024 7:30:00 PM,03LUMBAN_BAT,N,N,N,10054.0959,10054.0959,7026.3180,10054.0959,10054.0959,
8/12/2024 7:30:00 PM,03LUMBAN_BATL,N,N,N,10054.0959,10054.0959,7741.4695,10054.0959,10054.0959,
8/12/2024 7:30:00 PM,03LUMBAN_SS,N,N,N,10051.0956,10051.0956,7741.4695,10051.0956,10051.0956,
8/12/2024 7:30:00 PM,03LWERLAB_G01,N,N,N,10049.0953,10049.0953,6673.5395,10049.0953,10049.0953,
8/12/2024 7:30:00 PM,03MAJAY_G01,N,N,N,10017.0919,10017.0919,6315.1972,10017.0919,10017.0919,
8/12/2024 7:30:00 PM,03MAKBA_T3L1,N,N,N,10014.0915,10014.0915,7741.4695,10014.0915,10014.0915,
8/12/2024 7:30:00 PM,03MAKBA_T3L2,N,N,N,10001.0901,10001.0901,7741.4695,10001.0901,10001.0901,
8/12/2024 7:30:00 PM,03MALAYA_G01,N,N,N,10153.1067,10153.1067,7084.3189,10153.1067,10153.1067,
8/12/2024 7:30:00 PM,03MALAYA_G02,N,N,N,10001.0901,10001.0901,3336.5444,10001.0901,10001.0901,
8/12/2024 7:30:00 PM,03MEC_G01,N,N,N,10047.0951,10047.0951,7018.0666,10047.0951,10047.0951,
8/12/2024 7:30:00 PM,03MGI_G02,N,N,N,10170.1085,10170.1085,7087.6454,10170.1085,10170.1085,
8/12/2024 7:30:00 PM,03MGPP_G01,N,N,N,10170.1085,10170.1085,7085.7392,10170.1085,10170.1085,
8/12/2024 7:30:00 PM,03MKBNA_SS,N,N,N,10001.0901,10001.0901,7741.4695,10001.0901,10001.0901,
8/12/2024 7:30:00 PM,03MKBNB_SS,N,N,N,9998.0898,9998.0898,7741.4695,9998.0898,9998.0898,
8/12/2024 7:30:00 PM,03MKBNC_SS,N,N,N,10001.0901,10001.0901,7741.4695,10001.0901,10001.0901,
8/12/2024 7:30:00 PM,03MKBND_SS,N,N,N,9997.0897,9997.0897,7741.4695,9997.0897,9997.0897,
8/12/2024 7:30:00 PM,03MKBNE_SS,N,N,N,10014.0915,10014.0915,7741.4695,10014.0915,10014.0915,
8/12/2024 7:30:00 PM,03MKBN_A,N,N,N,9925.0818,9925.0818,7068.7067,9925.0818,9925.0818,
8/12/2024 7:30:00 PM,03MKBN_B,N,N,N,9972.0869,9972.0869,7041.8574,9972.0869,9972.0869,
8/12/2024 7:30:00 PM,03MKBN_C,N,N,N,10001.0901,10001.0901,7023.0997,10001.0901,10001.0901,
8/12/2024 7:30:00 PM,03MKBN_D,N,N,N,9975.0873,9975.0873,7038.3706,9975.0873,9975.0873,
8/12/2024 7:30:00 PM,03MKBN_E,N,N,N,10014.0915,10014.0915,7032.9334,10014.0915,10014.0915,
8/12/2024 7:30:00 PM,03MKBN_SLACE,N,N,N,10014.0915,10014.0915,7741.4695,10014.0915,10014.0915,
8/12/2024 7:30:00 PM,03MLAYA_L01,N,N,N,10153.1067,10153.1067,7741.4695,10153.1067,10153.1067,
8/12/2024 7:30:00 PM,03MLAYA_SS,N,N,N,10153.1067,10153.1067,7741.4695,10153.1067,10153.1067,
8/12/2024 7:30:00 PM,03MLAYA_SS1,N,N,N,10153.1067,10153.1067,7741.4695,10153.1067,10153.1067,
8/12/2024 7:30:00 PM,03MLAYA_T2L1,N,N,N,10153.1067,10153.1067,7741.4695,10153.1067,10153.1067,
8/12/2024 7:30:00 PM,03MLAYA_T2L2,N,N,N,10001.0901,10001.0901,7741.4695,10001.0901,10001.0901,
8/12/2024 7:30:00 PM,03NAG_CSRC2B,N,N,N,9894.0784,9894.0784,7741.4695,9894.0784,9894.0784,
8/12/2024 7:30:00 PM,03NAG_CSRCO1,N,N,N,9894.0784,9894.0784,7741.4695,9894.0784,9894.0784,
8/12/2024 7:30:00 PM,03NAG_CSRCO2,N,N,N,9894.0784,9894.0784,7741.4695,9894.0784,9894.0784,
8/12/2024 7:30:00 PM,03NAG_CSRCO3,N,N,N,9892.0782,9892.0782,7741.4695,9892.0782,9892.0782,
8/12/2024 7:30:00 PM,03NAG_CSRCO4,N,N,N,9892.0782,9892.0782,7741.4695,9892.0782,9892.0782,
8/12/2024 7:30:00 PM,03NAG_SS,N,N,N,9890.0780,9890.0780,7741.4695,9890.0780,9890.0780,
8/12/2024 7:30:00 PM,03ORMAT_G01,N,N,N,10014.0915,10014.0915,7091.1424,10014.0915,10014.0915,
8/12/2024 7:30:00 PM,03ORMAT_SS,N,N,N,10014.0915,10014.0915,7741.4695,10014.0915,10014.0915,
8/12/2024 7:30:00 PM,03PAGBIL_G01,N,N,N,9665.0535,9665.0535,6872.8944,9665.0535,9665.0535,
8/12/2024 7:30:00 PM,03PAGBIL_G02,N,N,N,9660.0529,9660.0529,6863.2864,9660.0529,9660.0529,
8/12/2024 7:30:00 PM,03PAGBIL_G03,N,N,N,9659.0528,9659.0528,6763.7413,9659.0528,9659.0528,
8/12/2024 7:30:00 PM,03PAGEHV_SS,N,N,N,9736.0612,9736.0612,7741.4695,9736.0612,9736.0612,
8/12/2024 7:30:00 PM,03PALAK_G01,N,N,N,10170.1085,10170.1085,7042.4319,10170.1085,10170.1085,
8/12/2024 7:30:00 PM,03PALAYAN_G01,N,N,N,10001.0901,10001.0901,4529.5991,10001.0901,10001.0901,
8/12/2024 7:30:00 PM,03PGBIL_SS,N,N,N,9665.0535,9665.0535,7741.4695,9665.0535,9665.0535,
8/12/2024 7:30:00 PM,03PGBIL_SS1,N,N,N,9665.0535,9665.0535,7741.4695,9665.0535,9665.0535,
8/12/2024 7:30:00 PM,03PGBIL_SS2,N,N,N,9665.0535,9665.0535,7741.4695,9665.0535,9665.0535,
8/12/2024 7:30:00 PM,03QPPL_G01,N,N,N,9535.0393,9535.0393,6711.5947,9535.0393,9535.0393,
8/12/2024 7:30:00 PM,03QPPL_SU1,N,N,N,9535.0393,9535.0393,7741.4695,9535.0393,9535.0393,
8/12/2024 7:30:00 PM,03QPPL_T5L1,N,N,N,9535.0393,9535.0393,7741.4695,9535.0393,9535.0393,
8/12/2024 7:30:00 PM,03RCBMI_G01,N,N,N,9891.0781,9891.0781,6935.5236,9891.0781,9891.0781,
8/12/2024 7:30:00 PM,03RCBMI_G02,N,N,N,9891.0781,9891.0781,12354.5124,9891.0781,9891.0781,
8/12/2024 7:30:00 PM,03SBPL_G01,N,N,N,9535.0393,9535.0393,6725.8009,9535.0393,9535.0393,
8/12/2024 7:30:00 PM,03SBPL_L01,N,N,N,9535.0393,9535.0393,7741.4695,9535.0393,9535.0393,
8/12/2024 7:30:00 PM,03SLPGC_G01,N,N,N,10001.0901,10001.0901,3178.2027,10001.0901,10001.0901,
8/12/2024 7:30:00 PM,03SLPGC_G02,N,N,N,9612.0477,9612.0477,6820.1476,9612.0477,9612.0477,
8/12/2024 7:30:00 PM,03SLPGC_SS,N,N,N,9671.0541,9671.0541,7741.4695,9671.0541,9671.0541,
8/12/2024 7:30:00 PM,03SLTEC_G01,N,N,N,10001.0901,10001.0901,4439.4483,10001.0901,10001.0901,
8/12/2024 7:30:00 PM,03SLTEC_G02,N,N,N,9641.0509,9641.0509,6822.0129,9641.0509,9641.0509,
8/12/2024 7:30:00 PM,03SLTEC_SS,N,N,N,9652.0521,9652.0521,7741.4695,9652.0521,9652.0521,
8/12/2024 7:30:00 PM,03SNGAB_G01,N,N,N,9801.0683,9801.0683,9042.0816,9801.0683,9801.0683,
8/12/2024 7:30:00 PM,03SNGAB_S01,N,N,N,9801.0683,9801.0683,7741.4695,9801.0683,9801.0683,
8/12/2024 7:30:00 PM,03SOLACE_G01,N,N,N,10014.0915,10014.0915,7002.0986,10014.0915,10014.0915,
8/12/2024 7:30:00 PM,03STA-RI_G01,N,N,N,9493.0347,9493.0347,5113.9939,9493.0347,9493.0347,
8/12/2024 7:30:00 PM,03STA-RI_G02,N,N,N,10001.0901,10001.0901,4677.7717,10001.0901,10001.0901,
8/12/2024 7:30:00 PM,03STA-RI_G03,N,N,N,9533.0391,9533.0391,7164.4734,9533.0391,9533.0391,
8/12/2024 7:30:00 PM,03STA-RI_G04,N,N,N,9533.0391,9533.0391,7163.7216,9533.0391,9533.0391,
8/12/2024 7:30:00 PM,03STA-RI_G05,N,N,N,9827.0711,9827.0711,7284.3837,9827.0711,9827.0711,
8/12/2024 7:30:00 PM,03STA-RI_G06,N,N,N,9827.0711,9827.0711,7291.4084,9827.0711,9827.0711,
8/12/2024 7:30:00 PM,03STAR_SS1,N,N,N,9493.0347,9493.0347,7741.4695,9493.0347,9493.0347,
8/12/2024 7:30:00 PM,03STAR_SS2,N,N,N,10001.0901,10001.0901,7741.4695,10001.0901,10001.0901,
8/12/2024 7:30:00 PM,03STAR_SS3,N,N,N,9533.0391,9533.0391,7741.4695,9533.0391,9533.0391,
8/12/2024 7:30:00 PM,03STAR_SS4,N,N,N,9533.0391,9533.0391,7741.4695,9533.0391,9533.0391,
8/12/2024 7:30:00 PM,03STAR_SS5,N,N,N,9827.0711,9827.0711,7741.4695,9827.0711,9827.0711,
8/12/2024 7:30:00 PM,03STAR_SS6,N,N,N,9827.0711,9827.0711,7741.4695,9827.0711,9827.0711,
8/12/2024 7:30:00 PM,03STROS_T1L1,N,N,N,10100.1009,10100.1009,7741.4695,10100.1009,10100.1009,
8/12/2024 7:30:00 PM,03TAYAB_SS,N,N,N,9752.0630,9752.0630,7741.4695,9752.0630,9752.0630,
8/12/2024 7:30:00 PM,03TAYAB_T1L1,N,N,N,9758.0636,9758.0636,7741.4695,9758.0636,9758.0636,
8/12/2024 7:30:00 PM,03TAYAB_T1L2,N,N,N,9758.0636,9758.0636,7741.4695,9758.0636,9758.0636,
8/12/2024 7:30:00 PM,03TGPP_G01,N,N,N,9861.0748,9861.0748,6784.0338,9861.0748,9861.0748,
8/12/2024 7:30:00 PM,03TGPP_L01,N,N,N,9861.0748,9861.0748,7741.4695,9861.0748,9861.0748,
8/12/2024 7:30:00 PM,03TIBAG_G01,N,N,N,10049.0953,10049.0953,7023.5612,10049.0953,10049.0953,
8/12/2024 7:30:00 PM,03TIWIA_SS,N,N,N,9864.0752,9864.0752,7741.4695,9864.0752,9864.0752,
8/12/2024 7:30:00 PM,03TIWIC_L01,N,N,N,10001.0901,10001.0901,7741.4695,10001.0901,10001.0901,
8/12/2024 7:30:00 PM,03TIWIC_SS,N,N,N,9865.0753,9865.0753,7741.4695,9865.0753,9865.0753,
8/12/2024 7:30:00 PM,03TIWI_A,N,N,N,9864.0752,9864.0752,9115.6058,9864.0752,9864.0752,
8/12/2024 7:30:00 PM,03TIWI_C,N,N,N,9863.0751,9863.0751,6769.8478,9863.0751,9863.0751,
8/12/2024 7:30:00 PM,03UPLAB_G01,N,N,N,10054.0959,10054.0959,6967.9929,10054.0959,10054.0959,
8/12/2024 7:30:00 PM,04BABAT_SS,N,N,N,10582.1534,10582.1534,7741.4695,10582.1534,10582.1534,
8/12/2024 7:30:00 PM,04BABAT_T1L1,N,N,N,10592.1545,10592.1545,7741.4695,10592.1545,10592.1545,
8/12/2024 7:30:00 PM,04BAGLI_T1L1,N,N,N,10599.1553,10599.1553,7741.4695,10599.1553,10599.1553,
8/12/2024 7:30:00 PM,04BAGLI_T1L2,N,N,N,10599.1553,10599.1553,7741.4695,10599.1553,10599.1553,
8/12/2024 7:30:00 PM,04BILGPP_G01,N,N,N,10098.1007,10098.1007,7508.3541,10098.1007,10098.1007,
8/12/2024 7:30:00 PM,04CLBYBNK_G01,N,N,N,10927.1911,10927.1911,10335.1214,10927.1911,10927.1911,
8/12/2024 7:30:00 PM,04CLBYOG_L02,N,N,N,10927.1911,10927.1911,7741.4695,10927.1911,10927.1911,
8/12/2024 7:30:00 PM,04CLBYOG_SS,N,N,N,10918.1901,10918.1901,7741.4695,10918.1901,10918.1901,
8/12/2024 7:30:00 PM,04IASMOD_G01,N,N,N,10100.1009,10100.1009,9486.4622,10100.1009,10100.1009,
8/12/2024 7:30:00 PM,04IASMOD_G02,N,N,N,10100.1009,10100.1009,13370.5746,10100.1009,10100.1009,
8/12/2024 7:30:00 PM,04IASMOD_G03,N,N,N,10100.1009,10100.1009,12030.7536,10100.1009,10100.1009,
8/12/2024 7:30:00 PM,04IASMOD_G04,N,N,N,10100.1009,10100.1009,11030.1473,10100.1009,10100.1009,
8/12/2024 7:30:00 PM,04IASMOD_G05,N,N,N,10100.1009,10100.1009,12303.4203,10100.1009,10100.1009,
8/12/2024 7:30:00 PM,04IASMOD_G06,N,N,N,10100.1009,10100.1009,14663.1471,10100.1009,10100.1009,
8/12/2024 7:30:00 PM,04ISABE_SS,N,N,N,10100.1009,10100.1009,7741.4695,10100.1009,10100.1009,
8/12/2024 7:30:00 PM,04ISABE_T1L1,N,N,N,10100.1009,10100.1009,7741.4695,10100.1009,10100.1009,
8/12/2024 7:30:00 PM,04ISABE_T2L1,N,N,N,10100.1009,10100.1009,7741.4695,10100.1009,10100.1009,
8/12/2024 7:30:00 PM,04ISABE_T3L1,N,N,N,10100.1009,10100.1009,7741.4695,10100.1009,10100.1009,
8/12/2024 7:30:00 PM,04ISABE_T4L2,N,N,N,10100.1009,10100.1009,7741.4695,10100.1009,10100.1009,
8/12/2024 7:30:00 PM,04ISABE_T5L2,N,N,N,10100.1009,10100.1009,7741.4695,10100.1009,10100.1009,
8/12/2024 7:30:00 PM,04LEYTE_A,N,N,N,10084.0992,10084.0992,9381.7005,10084.0992,10084.0992,
8/12/2024 7:30:00 PM,04LEYTE_S01,N,N,N,10084.0992,10084.0992,7741.4695,10084.0992,10084.0992,
8/12/2024 7:30:00 PM,04LGPP_G01,N,N,N,10045.0949,10045.0949,9668.3748,10045.0949,10045.0949,
8/12/2024 7:30:00 PM,04MAASI_SS,N,N,N,10941.1926,10941.1926,7741.4695,10941.1926,10941.1926,
8/12/2024 7:30:00 PM,04MAASI_T1L1,N,N,N,10977.1965,10977.1965,7741.4695,10977.1965,10977.1965,
8/12/2024 7:30:00 PM,04MAASI_T2L2,N,N,N,10977.1965,10977.1965,7741.4695,10977.1965,10977.1965,
8/12/2024 7:30:00 PM,04ORMOC_BAT,N,N,N,10098.1007,10098.1007,9696.3445,10098.1007,10098.1007,
8/12/2024 7:30:00 PM,04ORMOC_SS,N,N,N,10092.10,10092.10,7741.4695,10092.10,10092.10,
8/12/2024 7:30:00 PM,04ORMOC_T2L1,N,N,N,10098.1007,10098.1007,7741.4695,10098.1007,10098.1007,
8/12/2024 7:30:00 PM,04ORMOC_T2L2,N,N,N,10098.1007,10098.1007,7741.4695,10098.1007,10098.1007,
8/12/2024 7:30:00 PM,04PARA_SS,N,N,N,10798.1770,10798.1770,7741.4695,10798.1770,10798.1770,
8/12/2024 7:30:00 PM,04PHSOL_G01,N,N,N,10098.1007,10098.1007,9696.3445,10098.1007,10098.1007,
8/12/2024 7:30:00 PM,04SEPSOL_G01,N,N,N,10098.1007,10098.1007,9696.3445,10098.1007,10098.1007,
8/12/2024 7:30:00 PM,04SNAGU_L01,N,N,N,10927.1911,10927.1911,7741.4695,10927.1911,10927.1911,
8/12/2024 7:30:00 PM,04STAR_SS,N,N,N,10596.1550,10596.1550,7741.4695,10596.1550,10596.1550,
8/12/2024 7:30:00 PM,04TABAN_SS,N,N,N,10084.0992,10084.0992,7741.4695,10084.0992,10084.0992,
8/12/2024 7:30:00 PM,04TABAN_T1L1,N,N,N,10001.0901,10001.0901,7741.4695,10001.0901,10001.0901,
8/12/2024 7:30:00 PM,04TAFT_G01,N,N,N,11095.2094,11095.2094,9064.0020,11095.2094,11095.2094,
8/12/2024 7:30:00 PM,04TONGO_T2L2,N,N,N,10052.0957,10052.0957,7741.4695,10052.0957,10052.0957,
8/12/2024 7:30:00 PM,04WRIGH_T1L1,N,N,N,10801.1773,10801.1773,7741.4695,10801.1773,10801.1773,
8/12/2024 7:30:00 PM,04WRIGH_T2L2,N,N,N,11095.2094,11095.2094,7741.4695,11095.2094,11095.2094,
8/12/2024 7:30:00 PM,05BANIL_T1L1,N,N,N,10068.0974,10068.0974,7741.4695,10068.0974,10068.0974,
8/12/2024 7:30:00 PM,05BANIL_T1L2,N,N,N,10069.0975,10069.0975,7741.4695,10069.0975,10069.0975,
8/12/2024 7:30:00 PM,05BANIL_T1L3,N,N,N,10067.0973,10067.0973,7741.4695,10067.0973,10067.0973,
8/12/2024 7:30:00 PM,05CALUNG_CEP,N,N,N,9894.0784,9894.0784,7741.4695,9894.0784,9894.0784,
8/12/2024 7:30:00 PM,05CARMENDPP_U01,N,N,N,9933.0827,9933.0827,9612.2471,9933.0827,9933.0827,
8/12/2024 7:30:00 PM,05CARMENDPP_U02,N,N,N,9933.0827,9933.0827,9612.2471,9933.0827,9933.0827,
8/12/2024 7:30:00 PM,05CARMENDPP_U03,N,N,N,9933.0827,9933.0827,9612.2471,9933.0827,9933.0827,
8/12/2024 7:30:00 PM,05CARMENDPP_U04,N,N,N,9933.0827,9933.0827,9612.2471,9933.0827,9933.0827,
8/12/2024 7:30:00 PM,05CDPPI_SS1,N,N,N,10001.0901,10001.0901,7741.4695,10001.0901,10001.0901,
8/12/2024 7:30:00 PM,05CDPPI_SS2,N,N,N,10001.0901,10001.0901,7741.4695,10001.0901,10001.0901,
8/12/2024 7:30:00 PM,05CEBU_SS,N,N,N,10029.0932,10029.0932,7741.4695,10029.0932,10029.0932,
8/12/2024 7:30:00 PM,05CEDC_SS,N,N,N,9877.0766,9877.0766,7741.4695,9877.0766,9877.0766,
8/12/2024 7:30:00 PM,05CEDC_U01,N,N,N,9874.0763,9874.0763,9792.9815,9874.0763,9874.0763,
8/12/2024 7:30:00 PM,05CEDC_U02,N,N,N,9874.0763,9874.0763,9806.3463,9874.0763,9874.0763,
8/12/2024 7:30:00 PM,05CEDC_U03,N,N,N,9875.0764,9875.0764,9866.8571,9875.0764,9875.0764,
8/12/2024 7:30:00 PM,05CEMEX_L01,N,N,N,10001.0901,10001.0901,7741.4695,10001.0901,10001.0901,
8/12/2024 7:30:00 PM,05COLON_L01,N,N,N,10003.0903,10003.0903,7741.4695,10003.0903,10003.0903,
8/12/2024 7:30:00 PM,05COMPS_SS,N,N,N,10083.0990,10083.0990,7741.4695,10083.0990,10083.0990,
8/12/2024 7:30:00 PM,05COMPS_T1L1,N,N,N,10093.1001,10093.1001,7741.4695,10093.1001,10093.1001,
8/12/2024 7:30:00 PM,05COMPS_T2L2,N,N,N,10093.1001,10093.1001,7741.4695,10093.1001,10093.1001,
8/12/2024 7:30:00 PM,05CPPC_U01,N,N,N,10071.0977,10071.0977,9735.7786,10071.0977,10071.0977,
8/12/2024 7:30:00 PM,05CPPC_U02,N,N,N,10071.0977,10071.0977,9735.7786,10071.0977,10071.0977,
8/12/2024 7:30:00 PM,05CPPC_U03,N,N,N,10071.0977,10071.0977,9735.7786,10071.0977,10071.0977,
8/12/2024 7:30:00 PM,05CPPC_U04,N,N,N,10071.0977,10071.0977,9735.7786,10071.0977,10071.0977,
8/12/2024 7:30:00 PM,05CPPC_U05,N,N,N,10071.0977,10071.0977,9735.7786,10071.0977,10071.0977,
8/12/2024 7:30:00 PM,05CPPC_U06,N,N,N,10071.0977,10071.0977,9735.7786,10071.0977,10071.0977,
8/12/2024 7:30:00 PM,05CPPC_U07,N,N,N,10071.0977,10071.0977,9735.7786,10071.0977,10071.0977,
8/12/2024 7:30:00 PM,05CPPC_U08,N,N,N,10071.0977,10071.0977,9735.7786,10071.0977,10071.0977,
8/12/2024 7:30:00 PM,05CPPC_U09,N,N,N,10071.0977,10071.0977,9735.7786,10071.0977,10071.0977,
8/12/2024 7:30:00 PM,05CPPC_U10,N,N,N,10071.0977,10071.0977,9735.7786,10071.0977,10071.0977,
8/12/2024 7:30:00 PM,05DAANB_SS,N,N,N,10083.0990,10083.0990,7741.4695,10083.0990,10083.0990,
8/12/2024 7:30:00 PM,05DMAN_SS,N,N,N,9865.0753,9865.0753,7741.4695,9865.0753,9865.0753,
8/12/2024 7:30:00 PM,05DMA_L01,N,N,N,9846.0732,9846.0732,7741.4695,9846.0732,9846.0732,
8/12/2024 7:30:00 PM,05EAUC_U01,N,N,N,10147.1060,10147.1060,9809.6679,10147.1060,10147.1060,
8/12/2024 7:30:00 PM,05EAUC_U02,N,N,N,10147.1060,10147.1060,9809.6679,10147.1060,10147.1060,
8/12/2024 7:30:00 PM,05EAUC_U03,N,N,N,10147.1060,10147.1060,9809.6679,10147.1060,10147.1060,
8/12/2024 7:30:00 PM,05EAUC_U04,N,N,N,10147.1060,10147.1060,9809.6679,10147.1060,10147.1060,
8/12/2024 7:30:00 PM,05KSPC_G01,N,N,N,10001.0901,10001.0901,9971.7817,10001.0901,10001.0901,
8/12/2024 7:30:00 PM,05KSPC_G02,N,N,N,9996.0896,9996.0896,7408.0512,9996.0896,9996.0896,
8/12/2024 7:30:00 PM,05KSPC_SS1,N,N,N,9998.0898,9998.0898,7741.4695,9998.0898,9998.0898,
8/12/2024 7:30:00 PM,05KSPC_SS2,N,N,N,9996.0896,9996.0896,7741.4695,9996.0896,9996.0896,
8/12/2024 7:30:00 PM,05LAPU_SS,N,N,N,10137.1049,10137.1049,7741.4695,10137.1049,10137.1049,
8/12/2024 7:30:00 PM,05MCTAN_T1L1,N,N,N,10147.1060,10147.1060,7741.4695,10147.1060,10147.1060,
8/12/2024 7:30:00 PM,05MNDUE_SS,N,N,N,10125.1036,10125.1036,7741.4695,10125.1036,10125.1036,
8/12/2024 7:30:00 PM,05MNDUE_T1L1,N,N,N,10132.1044,10132.1044,7741.4695,10132.1044,10132.1044,
8/12/2024 7:30:00 PM,05MNDUE_T1L2,N,N,N,10132.1044,10132.1044,7741.4695,10132.1044,10132.1044,
8/12/2024 7:30:00 PM,05MNDUE_T1L4,N,N,N,10132.1044,10132.1044,7741.4695,10132.1044,10132.1044,
8/12/2024 7:30:00 PM,05MNDUE_T1L5,N,N,N,10132.1044,10132.1044,7741.4695,10132.1044,10132.1044,
8/12/2024 7:30:00 PM,05NAGA_T1L1,N,N,N,10001.0901,10001.0901,7741.4695,10001.0901,10001.0901,
8/12/2024 7:30:00 PM,05NAGA_T2L2,N,N,N,10001.0901,10001.0901,7741.4695,10001.0901,10001.0901,
8/12/2024 7:30:00 PM,05NAGLES_L01,N,N,N,10018.0920,10018.0920,7741.4695,10018.0920,10018.0920,
8/12/2024 7:30:00 PM,05NNAGVE_L01,N,N,N,10001.0901,10001.0901,7741.4695,10001.0901,10001.0901,
8/12/2024 7:30:00 PM,05NNAGVE_L02,N,N,N,10001.0901,10001.0901,7741.4695,10001.0901,10001.0901,
8/12/2024 7:30:00 PM,05QUIOT_T1L1,N,N,N,10071.0977,10071.0977,7741.4695,10071.0977,10071.0977,
8/12/2024 7:30:00 PM,05SAMB_L01,N,N,N,9762.0641,9762.0641,7741.4695,9762.0641,9762.0641,
8/12/2024 7:30:00 PM,05SAMB_L02,N,N,N,10001.0901,10001.0901,7741.4695,10001.0901,10001.0901,
8/12/2024 7:30:00 PM,05SAMB_SS,N,N,N,9762.0641,9762.0641,7741.4695,9762.0641,9762.0641,
8/12/2024 7:30:00 PM,05TALATR1_SS,N,N,N,9894.0784,9894.0784,7741.4695,9894.0784,9894.0784,
8/12/2024 7:30:00 PM,05TALAV_SS,N,N,N,9893.0783,9893.0783,7741.4695,9893.0783,9893.0783,
8/12/2024 7:30:00 PM,05TALAV_T1L1,N,N,N,9894.0784,9894.0784,7741.4695,9894.0784,9894.0784,
8/12/2024 7:30:00 PM,05TALIS_T1L1,N,N,N,10001.0901,10001.0901,7741.4695,10001.0901,10001.0901,
8/12/2024 7:30:00 PM,05THVI_SS1,N,N,N,9918.0811,9918.0811,7741.4695,9918.0811,9918.0811,
8/12/2024 7:30:00 PM,05THVI_SS2,N,N,N,9918.0811,9918.0811,7741.4695,9918.0811,9918.0811,
8/12/2024 7:30:00 PM,05THVI_U01,N,N,N,9918.0811,9918.0811,9481.4040,9918.0811,9918.0811,
8/12/2024 7:30:00 PM,05THVI_U02,N,N,N,9918.0811,9918.0811,9492.5740,9918.0811,9918.0811,
8/12/2024 7:30:00 PM,05TOLEDO_BAT,N,N,N,9893.0783,9893.0783,9577.6337,9893.0783,9893.0783,
8/12/2024 7:30:00 PM,05TOLSOL_G01,N,N,N,9894.0784,9894.0784,9577.6337,9894.0784,9894.0784,
8/12/2024 7:30:00 PM,05TOL_CARMEN,N,N,N,9933.0827,9933.0827,7741.4695,9933.0827,9933.0827,
8/12/2024 7:30:00 PM,05TPC_G01,N,N,N,9933.0827,9933.0827,9612.2471,9933.0827,9933.0827,
8/12/2024 7:30:00 PM,05TPC_G02,N,N,N,9933.0827,9933.0827,9837.7623,9933.0827,9933.0827,
8/12/2024 7:30:00 PM,05TPC_L01,N,N,N,9933.0827,9933.0827,7741.4695,9933.0827,9933.0827,
8/12/2024 7:30:00 PM,05TPC_S01,N,N,N,9933.0827,9933.0827,7741.4695,9933.0827,9933.0827,
8/12/2024 7:30:00 PM,05TPC_S02,N,N,N,9933.0827,9933.0827,7741.4695,9933.0827,9933.0827,
8/12/2024 7:30:00 PM,05TPVI_U01,N,N,N,10001.0901,10001.0901,9672.5145,10001.0901,10001.0901,
8/12/2024 7:30:00 PM,05TPVI_U02,N,N,N,10001.0901,10001.0901,9672.5145,10001.0901,10001.0901,
8/12/2024 7:30:00 PM,05TPVI_U03,N,N,N,10001.0901,10001.0901,9672.5145,10001.0901,10001.0901,
8/12/2024 7:30:00 PM,05TPVI_U04,N,N,N,10001.0901,10001.0901,9672.5145,10001.0901,10001.0901,
8/12/2024 7:30:00 PM,05TPVI_U05,N,N,N,10001.0901,10001.0901,9672.5145,10001.0901,10001.0901,
8/12/2024 7:30:00 PM,05TPVI_U06,N,N,N,10001.0901,10001.0901,9672.5145,10001.0901,10001.0901,
8/12/2024 7:30:00 PM,06AMLAN_SS,N,N,N,9706.0580,9706.0580,7741.4695,9706.0580,9706.0580,
8/12/2024 7:30:00 PM,06AMLAN_T1L1,N,N,N,9712.0586,9712.0586,7741.4695,9712.0586,9712.0586,
8/12/2024 7:30:00 PM,06AMLAN_T2L2,N,N,N,9712.0586,9712.0586,7741.4695,9712.0586,9712.0586,
8/12/2024 7:30:00 PM,06AMLA_G01,N,N,N,9712.0586,9712.0586,9486.6223,9712.0586,9712.0586,
8/12/2024 7:30:00 PM,06BACOL_SS,N,N,N,10076.0983,10076.0983,7741.4695,10076.0983,10076.0983,
8/12/2024 7:30:00 PM,06BACOL_T1L1,N,N,N,10074.0981,10074.0981,7741.4695,10074.0981,10074.0981,
8/12/2024 7:30:00 PM,06BACOL_T1L2,N,N,N,10074.0981,10074.0981,7741.4695,10074.0981,10074.0981,
8/12/2024 7:30:00 PM,06BACOL_T2L2,N,N,N,10074.0981,10074.0981,7741.4695,10074.0981,10074.0981,
8/12/2024 7:30:00 PM,06BACOL_T3L3,N,N,N,10074.0981,10074.0981,7741.4695,10074.0981,10074.0981,
8/12/2024 7:30:00 PM,06BBGPP_G01,N,N,N,10066.0972,10066.0972,12537.2270,10066.0972,10066.0972,
8/12/2024 7:30:00 PM,06BBGPP_L01,N,N,N,10066.0972,10066.0972,7741.4695,10066.0972,10066.0972,
8/12/2024 7:30:00 PM,06BCLBAS_LD1,N,N,N,10074.0981,10074.0981,7741.4695,10074.0981,10074.0981,
8/12/2024 7:30:00 PM,06BCL_SS,N,N,N,10074.0981,10074.0981,7741.4695,10074.0981,10074.0981,
8/12/2024 7:30:00 PM,06BISCOM_G01,N,N,N,10001.0901,10001.0901,9750.8391,10001.0901,10001.0901,
8/12/2024 7:30:00 PM,06CABI_G01,N,N,N,9712.0586,9712.0586,9486.6223,9712.0586,9712.0586,
8/12/2024 7:30:00 PM,06CADIZL_SS,N,N,N,10021.0923,10021.0923,7741.4695,10021.0923,10021.0923,
8/12/2024 7:30:00 PM,06CADIZL_T1L1,N,N,N,10023.0925,10023.0925,7741.4695,10023.0925,10023.0925,
8/12/2024 7:30:00 PM,06CADIZL_T1L2,N,N,N,10023.0925,10023.0925,7741.4695,10023.0925,10023.0925,
8/12/2024 7:30:00 PM,06CADIZL_T1L3,N,N,N,10023.0925,10023.0925,7741.4695,10023.0925,10023.0925,
8/12/2024 7:30:00 PM,06CADIZL_T1L4,N,N,N,10023.0925,10023.0925,7741.4695,10023.0925,10023.0925,
8/12/2024 7:30:00 PM,06CARSOL_G01,N,N,N,10074.0981,10074.0981,9819.6167,10074.0981,10074.0981,
8/12/2024 7:30:00 PM,06CAY_SS,N,N,N,9966.0863,9966.0863,7741.4695,9966.0863,9966.0863,
8/12/2024 7:30:00 PM,06CENPRI_U01,N,N,N,10074.0981,10074.0981,12548.4902,10074.0981,10074.0981,
8/12/2024 7:30:00 PM,06CENPRI_U02,N,N,N,10074.0981,10074.0981,12548.4902,10074.0981,10074.0981,
8/12/2024 7:30:00 PM,06CENPRI_U03,N,N,N,10074.0981,10074.0981,12548.4902,10074.0981,10074.0981,
8/12/2024 7:30:00 PM,06CENPRI_U04,N,N,N,10074.0981,10074.0981,9820.5553,10074.0981,10074.0981,
8/12/2024 7:30:00 PM,06CENPRI_U05,N,N,N,10074.0981,10074.0981,12546.8523,10074.0981,10074.0981,
8/12/2024 7:30:00 PM,06CLTRAVA_SS,N,N,N,9966.0863,9966.0863,7741.4695,9966.0863,9966.0863,
8/12/2024 7:30:00 PM,06FFHC_G01,N,N,N,10023.0925,10023.0925,9745.8565,10023.0925,10023.0925,
8/12/2024 7:30:00 PM,06GAHIT_SS,N,N,N,10045.0949,10045.0949,7741.4695,10045.0949,10045.0949,
8/12/2024 7:30:00 PM,06HELIOS_G01,N,N,N,10021.0923,10021.0923,9753.7377,10021.0923,10021.0923,
8/12/2024 7:30:00 PM,06HELIOS_S01,N,N,N,10021.0923,10021.0923,7741.4695,10021.0923,10021.0923,
8/12/2024 7:30:00 PM,06HPCO_G01,N,N,N,10001.0901,10001.0901,9672.5145,10001.0901,10001.0901,
8/12/2024 7:30:00 PM,06HPCO_G02,N,N,N,10001.0901,10001.0901,9672.5145,10001.0901,10001.0901,
8/12/2024 7:30:00 PM,06KABAN_BAT,N,N,N,10013.0914,10013.0914,14328.3922,10013.0914,10013.0914,
8/12/2024 7:30:00 PM,06KABAN_L01,N,N,N,10013.0914,10013.0914,7741.4695,10013.0914,10013.0914,
8/12/2024 7:30:00 PM,06KABAN_SS,N,N,N,10013.0914,10013.0914,7741.4695,10013.0914,10013.0914,
8/12/2024 7:30:00 PM,06KABAN_T1L1,N,N,N,10001.0901,10001.0901,7741.4695,10001.0901,10001.0901,
8/12/2024 7:30:00 PM,06KABAN_T2L2,N,N,N,10001.0901,10001.0901,7741.4695,10001.0901,10001.0901,
8/12/2024 7:30:00 PM,06MABIN_SS,N,N,N,9848.0734,9848.0734,7741.4695,9848.0734,9848.0734,
8/12/2024 7:30:00 PM,06MABIN_T1L1,N,N,N,9847.0733,9847.0733,7741.4695,9847.0733,9847.0733,
8/12/2024 7:30:00 PM,06MABIN_T2L2,N,N,N,9847.0733,9847.0733,7741.4695,9847.0733,9847.0733,
8/12/2024 7:30:00 PM,06MANSOL_G01,N,N,N,10023.0925,10023.0925,9755.8368,10023.0925,10023.0925,
8/12/2024 7:30:00 PM,06MNTSOL_G01,N,N,N,9712.0586,9712.0586,9486.6223,9712.0586,9712.0586,
8/12/2024 7:30:00 PM,06NASULO_G01,N,N,N,9608.0473,9608.0473,9394.6922,9608.0473,9608.0473,
8/12/2024 7:30:00 PM,06NTNEGB_G01,N,N,N,10001.0901,10001.0901,9672.5145,10001.0901,10001.0901,
8/12/2024 7:30:00 PM,06PAL1A_G01,N,N,N,9615.0480,9615.0480,8465.7538,9615.0480,9615.0480,
8/12/2024 7:30:00 PM,06PAL1A_SS,N,N,N,9617.0482,9617.0482,7741.4695,9617.0482,9617.0482,
8/12/2024 7:30:00 PM,06PAL2A_U01,N,N,N,9608.0473,9608.0473,9319.3506,9608.0473,9608.0473,
8/12/2024 7:30:00 PM,06PAL2A_U02,N,N,N,9608.0473,9608.0473,9403.2996,9608.0473,9608.0473,
8/12/2024 7:30:00 PM,06PAL2A_U03,N,N,N,9608.0473,9608.0473,9079.8312,9608.0473,9608.0473,
8/12/2024 7:30:00 PM,06PAL2A_U04,N,N,N,10001.0901,10001.0901,9737.1852,10001.0901,10001.0901,
8/12/2024 7:30:00 PM,06PGPP2_SS,N,N,N,9610.0475,9610.0475,7741.4695,9610.0475,9610.0475,
8/12/2024 7:30:00 PM,06SACASL_G01,N,N,N,9967.0864,9967.0864,9666.9128,9967.0864,9967.0864,
8/12/2024 7:30:00 PM,06SACASL_G02,N,N,N,9967.0864,9967.0864,9666.9128,9967.0864,9967.0864,
8/12/2024 7:30:00 PM,06SACSUN_G01,N,N,N,9967.0864,9967.0864,9666.9128,9967.0864,9967.0864,
8/12/2024 7:30:00 PM,06SCBE_G01,N,N,N,10023.0925,10023.0925,9755.8368,10023.0925,10023.0925,
8/12/2024 7:30:00 PM,06SCBIOP_G01,N,N,N,10001.0901,10001.0901,3496.9644,10001.0901,10001.0901,
8/12/2024 7:30:00 PM,06SLYSOL_G01,N,N,N,10074.0981,10074.0981,9803.1579,10074.0981,10074.0981,
8/12/2024 7:30:00 PM,06SNCARLOS_SS,N,N,N,9967.0864,9967.0864,7741.4695,9967.0864,9967.0864,
8/12/2024 7:30:00 PM,06STNEGB_G01,N,N,N,10001.0901,10001.0901,9672.5145,10001.0901,10001.0901,
8/12/2024 7:30:00 PM,06URC_G01,N,N,N,9847.0733,9847.0733,9611.2012,9847.0733,9847.0733,
8/12/2024 7:30:00 PM,06VMC_G01,N,N,N,10001.0901,10001.0901,9672.5145,10001.0901,10001.0901,
8/12/2024 7:30:00 PM,06VMC_G02,N,N,N,10074.0981,10074.0981,9819.6167,10074.0981,10074.0981,
8/12/2024 7:30:00 PM,07BDPP_U01,N,N,N,32465.2013,32465.2013,21666.7979,32465.2013,32465.2013,
8/12/2024 7:30:00 PM,07BDPP_U02,N,N,N,32465.2013,32465.2013,21383.78,32465.2013,32465.2013,
8/12/2024 7:30:00 PM,07BDPP_U03,N,N,N,32465.2013,32465.2013,21223.5831,32465.2013,32465.2013,
8/12/2024 7:30:00 PM,07BDPP_U04,N,N,N,32465.2013,32465.2013,21117,32465.2013,32465.2013,
8/12/2024 7:30:00 PM,07BOHOL_T1L1,N,N,N,31666.1142,31666.1142,7741.4695,31666.1142,31666.1142,
8/12/2024 7:30:00 PM,07BOHOL_T4L4,N,N,N,31666.1142,31666.1142,7741.4695,31666.1142,31666.1142,
8/12/2024 7:30:00 PM,07COREL_T1L1,N,N,N,32465.2013,32465.2013,7741.4695,32465.2013,32465.2013,
8/12/2024 7:30:00 PM,07COREL_T1L2,N,N,N,32465.2013,32465.2013,7741.4695,32465.2013,32465.2013,
8/12/2024 7:30:00 PM,07COREL_T1L3,N,N,N,32465.2013,32465.2013,7741.4695,32465.2013,32465.2013,
8/12/2024 7:30:00 PM,07JANOPO_G01,N,N,N,32465.2013,32465.2013,21143.75,32465.2013,32465.2013,
8/12/2024 7:30:00 PM,07LOBOC_G01,N,N,N,32465.2013,32465.2013,21137.8319,32465.2013,32465.2013,
8/12/2024 7:30:00 PM,07LOBOC_G02,N,N,N,32465.2013,32465.2013,21137.1530,32465.2013,32465.2013,
8/12/2024 7:30:00 PM,07SEVILL_G01,N,N,N,32465.2013,32465.2013,21117.2683,32465.2013,32465.2013,
8/12/2024 7:30:00 PM,07TPLPB4_U01,N,N,N,31609.1080,31609.1080,20841.8813,31609.1080,31609.1080,
8/12/2024 7:30:00 PM,07TPLPB4_U02,N,N,N,31609.1080,31609.1080,20344.2991,31609.1080,31609.1080,
8/12/2024 7:30:00 PM,07TPLPB4_U03,N,N,N,31609.1080,31609.1080,19927.6041,31609.1080,31609.1080,
8/12/2024 7:30:00 PM,07TPLPB4_U04,N,N,N,31609.1080,31609.1080,20702.3338,31609.1080,31609.1080,
8/12/2024 7:30:00 PM,07UBAY_BAT,N,N,N,31666.1142,31666.1142,20476.1985,31666.1142,31666.1142,
8/12/2024 7:30:00 PM,07UBAY_T1L1,N,N,N,31666.1142,31666.1142,7741.4695,31666.1142,31666.1142,
8/12/2024 7:30:00 PM,07UBAY_T2L2,N,N,N,31666.1142,31666.1142,7741.4695,31666.1142,31666.1142,
8/12/2024 7:30:00 PM,07UBAY_T3L3,N,N,N,31609.1080,31609.1080,7741.4695,31609.1080,31609.1080,
8/12/2024 7:30:00 PM,08BANTAP_L01,N,N,N,10382.1316,10382.1316,7741.4695,10382.1316,10382.1316,
8/12/2024 7:30:00 PM,08BARO_SS,N,N,N,10045.0949,10045.0949,7741.4695,10045.0949,10045.0949,
8/12/2024 7:30:00 PM,08BARTAC_L01,N,N,N,10001.0901,10001.0901,7741.4695,10001.0901,10001.0901,
8/12/2024 7:30:00 PM,08BARTAC_SS,N,N,N,10045.0949,10045.0949,7741.4695,10045.0949,10045.0949,
8/12/2024 7:30:00 PM,08BVISTA_L01,N,N,N,10399.1335,10399.1335,7741.4695,10399.1335,10399.1335,
8/12/2024 7:30:00 PM,08BVISTA_L02,N,N,N,10399.1335,10399.1335,7741.4695,10399.1335,10399.1335,
8/12/2024 7:30:00 PM,08CASA_G01,N,N,N,10181.1097,10181.1097,14096.3694,10181.1097,10181.1097,
8/12/2024 7:30:00 PM,08CASA_G02,N,N,N,10181.1097,10181.1097,14096.3694,10181.1097,10181.1097,
8/12/2024 7:30:00 PM,08CONCP_T1L1,N,N,N,9965.0862,9965.0862,7741.4695,9965.0862,9965.0862,
8/12/2024 7:30:00 PM,08COSMO_G01,N,N,N,10219.1139,10219.1139,14193.4469,10219.1139,10219.1139,
8/12/2024 7:30:00 PM,08DINGL_SS,N,N,N,10181.1097,10181.1097,7741.4695,10181.1097,10181.1097,
8/12/2024 7:30:00 PM,08DINGL_T1L1,N,N,N,10181.1097,10181.1097,7741.4695,10181.1097,10181.1097,
8/12/2024 7:30:00 PM,08DINGL_T1L2,N,N,N,10181.1097,10181.1097,7741.4695,10181.1097,10181.1097,
8/12/2024 7:30:00 PM,08DINGL_T1L3,N,N,N,10181.1097,10181.1097,7741.4695,10181.1097,10181.1097,
8/12/2024 7:30:00 PM,08DINGL_T1L4,N,N,N,10181.1097,10181.1097,7741.4695,10181.1097,10181.1097,
8/12/2024 7:30:00 PM,08DINGL_T2L1,N,N,N,10181.1097,10181.1097,7741.4695,10181.1097,10181.1097,
8/12/2024 7:30:00 PM,08DINGL_T2L2,N,N,N,10181.1097,10181.1097,7741.4695,10181.1097,10181.1097,
8/12/2024 7:30:00 PM,08GLOBAL_G01,N,N,N,10600.1554,10600.1554,14390.8896,10600.1554,10600.1554,
8/12/2024 7:30:00 PM,08NABASDPP_U01,N,N,N,10600.1554,10600.1554,33391.9154,10600.1554,10600.1554,
8/12/2024 7:30:00 PM,08NABASDPP_U02,N,N,N,10600.1554,10600.1554,33391.9154,10600.1554,10600.1554,
8/12/2024 7:30:00 PM,08NABAS_L01,N,N,N,10600.1554,10600.1554,7741.4695,10600.1554,10600.1554,
8/12/2024 7:30:00 PM,08NABAS_L02,N,N,N,10600.1554,10600.1554,7741.4695,10600.1554,10600.1554,
8/12/2024 7:30:00 PM,08NABAS_L03,N,N,N,10600.1554,10600.1554,7741.4695,10600.1554,10600.1554,
8/12/2024 7:30:00 PM,08NABAS_SS,N,N,N,10601.1555,10601.1555,7741.4695,10601.1555,10601.1555,
8/12/2024 7:30:00 PM,08PALM_G01,N,N,N,9964.0861,9964.0861,12397.0624,9964.0861,9964.0861,
8/12/2024 7:30:00 PM,08PALM_S01,N,N,N,9964.0861,9964.0861,7741.4695,9964.0861,9964.0861,
8/12/2024 7:30:00 PM,08PANIT_SS,N,N,N,10400.1336,10400.1336,7741.4695,10400.1336,10400.1336,
8/12/2024 7:30:00 PM,08PANIT_T1L1,N,N,N,10400.1336,10400.1336,7741.4695,10400.1336,10400.1336,
8/12/2024 7:30:00 PM,08PANIT_T2L2,N,N,N,10400.1336,10400.1336,7741.4695,10400.1336,10400.1336,
8/12/2024 7:30:00 PM,08PDPP1_U02,N,N,N,10181.1097,10181.1097,33008.5669,10181.1097,10181.1097,
8/12/2024 7:30:00 PM,08PDPP1_U03,N,N,N,10181.1097,10181.1097,33008.5669,10181.1097,10181.1097,
8/12/2024 7:30:00 PM,08PDPP1_U05,N,N,N,10181.1097,10181.1097,33008.5669,10181.1097,10181.1097,
8/12/2024 7:30:00 PM,08PDPP3_C,N,N,N,10181.1097,10181.1097,9348.3689,10181.1097,10181.1097,
8/12/2024 7:30:00 PM,08PDPP3_E,N,N,N,10181.1097,10181.1097,19542.1134,10181.1097,10181.1097,
8/12/2024 7:30:00 PM,08PDPP3_G,N,N,N,10181.1097,10181.1097,14096.2139,10181.1097,10181.1097,
8/12/2024 7:30:00 PM,08PDPP3_H,N,N,N,10181.1097,10181.1097,12606.0579,10181.1097,10181.1097,
8/12/2024 7:30:00 PM,08PDPP3_S01,N,N,N,10181.1097,10181.1097,7741.4695,10181.1097,10181.1097,
8/12/2024 7:30:00 PM,08PEDC_SS1,N,N,N,9993.0892,9993.0892,7741.4695,9993.0892,9993.0892,
8/12/2024 7:30:00 PM,08PEDC_SS2,N,N,N,9993.0892,9993.0892,7741.4695,9993.0892,9993.0892,
8/12/2024 7:30:00 PM,08PEDC_SS3,N,N,N,9992.0891,9992.0891,7741.4695,9992.0891,9992.0891,
8/12/2024 7:30:00 PM,08PEDC_T1L1,N,N,N,9995.0895,9995.0895,7741.4695,9995.0895,9995.0895,
8/12/2024 7:30:00 PM,08PEDC_T1L2,N,N,N,9997.0897,9997.0897,7741.4695,9997.0897,9997.0897,
8/12/2024 7:30:00 PM,08PEDC_U01,N,N,N,9993.0892,9993.0892,14540.4609,9993.0892,9993.0892,
8/12/2024 7:30:00 PM,08PEDC_U02,N,N,N,9993.0892,9993.0892,12345.7521,9993.0892,9993.0892,
8/12/2024 7:30:00 PM,08PEDC_U03,N,N,N,9992.0891,9992.0891,8248.4638,9992.0891,9992.0891,
8/12/2024 7:30:00 PM,08PWIND_G01,N,N,N,10600.1554,10600.1554,7265.1047,10600.1554,10600.1554,
8/12/2024 7:30:00 PM,08PWIND_G02,N,N,N,10600.1554,10600.1554,8259.8861,10600.1554,10600.1554,
8/12/2024 7:30:00 PM,08SLWIND_G01,N,N,N,10399.1335,10399.1335,7964.7304,10399.1335,10399.1335,
8/12/2024 7:30:00 PM,08SLWIND_L01,N,N,N,10399.1335,10399.1335,7741.4695,10399.1335,10399.1335,
8/12/2024 7:30:00 PM,08SNJOSE_L01,N,N,N,10219.1139,10219.1139,7741.4695,10219.1139,10219.1139,
8/12/2024 7:30:00 PM,08SNJOSE_L02,N,N,N,10219.1139,10219.1139,7741.4695,10219.1139,10219.1139,
8/12/2024 7:30:00 PM,08SNJOSE_L03,N,N,N,10219.1139,10219.1139,7741.4695,10219.1139,10219.1139,
8/12/2024 7:30:00 PM,08STBAR_SS1,N,N,N,10131.1043,10131.1043,7741.4695,10131.1043,10131.1043,
8/12/2024 7:30:00 PM,08STBAR_SS2,N,N,N,10128.1040,10128.1040,7741.4695,10128.1040,10128.1040,
8/12/2024 7:30:00 PM,08STBAR_SS3,N,N,N,10128.1040,10128.1040,7741.4695,10128.1040,10128.1040,
8/12/2024 7:30:00 PM,08STBAR_T1L1,N,N,N,10128.1040,10128.1040,7741.4695,10128.1040,10128.1040,
8/12/2024 7:30:00 PM,08STBAR_T2L2,N,N,N,10128.1040,10128.1040,7741.4695,10128.1040,10128.1040,
8/12/2024 7:30:00 PM,08STBPB1_U01,N,N,N,10128.1040,10128.1040,33163.2225,10128.1040,10128.1040,
8/12/2024 7:30:00 PM,08STBPB1_U02,N,N,N,10128.1040,10128.1040,33163.2225,10128.1040,10128.1040,
8/12/2024 7:30:00 PM,08STBPB1_U03,N,N,N,10128.1040,10128.1040,14117.4224,10128.1040,10128.1040,
8/12/2024 7:30:00 PM,08STBPB1_U04,N,N,N,10128.1040,10128.1040,33163.2225,10128.1040,10128.1040,
8/12/2024 7:30:00 PM,08SUWECO_G01,N,N,N,10128.1040,10128.1040,12301.8668,10128.1040,10128.1040,
8/12/2024 7:30:00 PM,08TIMBA_G01,N,N,N,10600.1554,10600.1554,11675.3585,10600.1554,10600.1554,
8/12/2024 7:30:00 PM,09AURORA_SS,N,N,N,3334.9278,3334.9278,4347.6388,3334.9278,3334.9278,
8/12/2024 7:30:00 PM,09CLB_T1L1,N,N,N,3336.1772,3336.1772,4347.6388,3336.1772,3336.1772,
8/12/2024 7:30:00 PM,09JIMDSL_U01,N,N,N,3336.1772,3336.1772,3434.0243,3336.1772,3336.1772,
8/12/2024 7:30:00 PM,09JIMDSL_U02,N,N,N,3336.1772,3336.1772,3434.0243,3336.1772,3336.1772,
8/12/2024 7:30:00 PM,09KAP_T1L1,N,N,N,3336.1772,3336.1772,4347.6388,3336.1772,3336.1772,
8/12/2024 7:30:00 PM,09LALA_SS,N,N,N,3233.7274,3233.7274,4347.6388,3233.7274,3233.7274,
8/12/2024 7:30:00 PM,09LIBPOWR_G01,N,N,N,3336.1772,3336.1772,3440.7752,3336.1772,3336.1772,
8/12/2024 7:30:00 PM,09MHY_T1L1,N,N,N,3336.1772,3336.1772,4347.6388,3336.1772,3336.1772,
8/12/2024 7:30:00 PM,09MLS_T1L1,N,N,N,3697.2502,3697.2502,4347.6388,3697.2502,3697.2502,
8/12/2024 7:30:00 PM,09NAGA_SS,N,N,N,3695.3762,3695.3762,4347.6388,3695.3762,3695.3762,
8/12/2024 7:30:00 PM,09PANABNK_U01,N,N,N,3336.1772,3336.1772,3434.0243,3336.1772,3336.1772,
8/12/2024 7:30:00 PM,09PANABNK_U02,N,N,N,3336.1772,3336.1772,3434.0243,3336.1772,3336.1772,
8/12/2024 7:30:00 PM,09PITOGO_SS,N,N,N,3940.2561,3940.2561,4347.6388,3940.2561,3940.2561,
8/12/2024 7:30:00 PM,09POLAN_SS,N,N,N,3397.7096,3397.7096,4347.6388,3397.7096,3397.7096,
8/12/2024 7:30:00 PM,09RXS_T2L1,N,N,N,3398.6466,3398.6466,4347.6388,3398.6466,3398.6466,
8/12/2024 7:30:00 PM,09SANGALI_BAT,N,N,N,3904.9609,3904.9609,4029.0805,3904.9609,3904.9609,
8/12/2024 7:30:00 PM,09SJG_T1L1,N,N,N,3939.3191,3939.3191,4347.6388,3939.3191,3939.3191,
8/12/2024 7:30:00 PM,09SML_T1L1,N,N,N,3336.1772,3336.1772,4347.6388,3336.1772,3336.1772,
8/12/2024 7:30:00 PM,09SRW_T1L1,N,N,N,3697.2502,3697.2502,4347.6388,3697.2502,3697.2502,
8/12/2024 7:30:00 PM,09TMG_T1L1,N,N,N,3939.3191,3939.3191,4347.6388,3939.3191,3939.3191,
8/12/2024 7:30:00 PM,09TMG_T2L1,N,N,N,3904.9609,3904.9609,4347.6388,3904.9609,3904.9609,
8/12/2024 7:30:00 PM,09TUL_T1L1,N,N,N,3939.3191,3939.3191,4347.6388,3939.3191,3939.3191,
8/12/2024 7:30:00 PM,09WMPC_S01,N,N,N,3904.9609,3904.9609,4347.6388,3904.9609,3904.9609,
8/12/2024 7:30:00 PM,09WMPC_U01,N,N,N,3904.9609,3904.9609,4029.0805,3904.9609,3904.9609,
8/12/2024 7:30:00 PM,09WMPC_U02,N,N,N,3904.9609,3904.9609,4029.0805,3904.9609,3904.9609,
8/12/2024 7:30:00 PM,09WMPC_U03,N,N,N,3904.9609,3904.9609,4029.0805,3904.9609,3904.9609,
8/12/2024 7:30:00 PM,09WMPC_U04,N,N,N,3904.9609,3904.9609,4029.0805,3904.9609,3904.9609,
8/12/2024 7:30:00 PM,09WMPC_U05,N,N,N,3904.9609,3904.9609,4029.0805,3904.9609,3904.9609,
8/12/2024 7:30:00 PM,09WMPC_U06,N,N,N,3904.9609,3904.9609,4029.0805,3904.9609,3904.9609,
8/12/2024 7:30:00 PM,09WMPC_U07,N,N,N,3904.9609,3904.9609,4029.0805,3904.9609,3904.9609,
8/12/2024 7:30:00 PM,09WMPC_U08,N,N,N,3904.9609,3904.9609,4029.0805,3904.9609,3904.9609,
8/12/2024 7:30:00 PM,09WMPC_U09,N,N,N,3904.9609,3904.9609,4029.0805,3904.9609,3904.9609,
8/12/2024 7:30:00 PM,09WMPC_U10,N,N,N,3904.9609,3904.9609,4032.2338,3904.9609,3904.9609,
8/12/2024 7:30:00 PM,09ZAMBO_SS,N,N,N,3904.9609,3904.9609,4347.6388,3904.9609,3904.9609,
8/12/2024 7:30:00 PM,09ZAMSAN_L01,N,N,N,3904.9609,3904.9609,4347.6388,3904.9609,3904.9609,
8/12/2024 7:30:00 PM,10AG6_T2L1,N,N,N,3137.2122,3137.2122,4347.6388,3137.2122,3137.2122,
8/12/2024 7:30:00 PM,10AGUS1_SS,N,N,N,3110.0381,3110.0381,4347.6388,3110.0381,3110.0381,
8/12/2024 7:30:00 PM,10AGUS1_U01,N,N,N,3109.7257,3109.7257,3215.1067,3109.7257,3109.7257,
8/12/2024 7:30:00 PM,10AGUS1_U02,N,N,N,3109.7257,3109.7257,3212.5949,3109.7257,3109.7257,
8/12/2024 7:30:00 PM,10AGUS2_SS,N,N,N,3113.4739,3113.4739,4347.6388,3113.4739,3113.4739,
8/12/2024 7:30:00 PM,10AGUS2_U01,N,N,N,3113.4739,3113.4739,3211.8437,3113.4739,3113.4739,
8/12/2024 7:30:00 PM,10AGUS2_U02,N,N,N,3113.4739,3113.4739,3205.3592,3113.4739,3113.4739,
8/12/2024 7:30:00 PM,10AGUS2_U03,N,N,N,3123.4690,3123.4690,3234.7993,3123.4690,3123.4690,
8/12/2024 7:30:00 PM,10AGUS4_SS,N,N,N,3135.3382,3135.3382,4347.6388,3135.3382,3135.3382,
8/12/2024 7:30:00 PM,10AGUS4_U01,N,N,N,3135.0258,3135.0258,3245.3128,3135.0258,3135.0258,
8/12/2024 7:30:00 PM,10AGUS4_U02,N,N,N,3135.0258,3135.0258,3233.2637,3135.0258,3135.0258,
8/12/2024 7:30:00 PM,10AGUS4_U03,N,N,N,3135.0258,3135.0258,3238.0972,3135.0258,3135.0258,
8/12/2024 7:30:00 PM,10AGUS5_SS,N,N,N,3138.7740,3138.7740,4347.6388,3138.7740,3138.7740,
8/12/2024 7:30:00 PM,10AGUS5_U01,N,N,N,3138.4616,3138.4616,3246.4334,3138.4616,3138.4616,
8/12/2024 7:30:00 PM,10AGUS5_U02,N,N,N,3138.4616,3138.4616,3245.3484,3138.4616,3138.4616,
8/12/2024 7:30:00 PM,10AGUS6_SS,N,N,N,3129.0912,3129.0912,4347.6388,3129.0912,3129.0912,
8/12/2024 7:30:00 PM,10AGUS6_U01,N,N,N,3129.0912,3129.0912,3236.5274,3129.0912,3129.0912,
8/12/2024 7:30:00 PM,10AGUS6_U02,N,N,N,3129.0912,3129.0912,3238.1320,3129.0912,3129.0912,
8/12/2024 7:30:00 PM,10AGUS6_U03,N,N,N,3129.0912,3129.0912,3236.3875,3129.0912,3129.0912,
8/12/2024 7:30:00 PM,10AGUS6_U04,N,N,N,3129.0912,3129.0912,3236.8403,3129.0912,3129.0912,
8/12/2024 7:30:00 PM,10AGUS6_U05,N,N,N,3129.0912,3129.0912,3160.3661,3129.0912,3129.0912,
8/12/2024 7:30:00 PM,10AGUS7_U01,N,N,N,3129.0912,3129.0912,3238.0879,3129.0912,3129.0912,
8/12/2024 7:30:00 PM,10AGUS7_U02,N,N,N,3129.0912,3129.0912,3236.1401,3129.0912,3129.0912,
8/12/2024 7:30:00 PM,10BALOI_L01,N,N,N,3129.0912,3129.0912,4347.6388,3129.0912,3129.0912,
8/12/2024 7:30:00 PM,10BALOI_SS,N,N,N,3153.4543,3153.4543,4347.6388,3153.4543,3153.4543,
8/12/2024 7:30:00 PM,10BUR_T1L1,N,N,N,3129.0912,3129.0912,4347.6388,3129.0912,3129.0912,
8/12/2024 7:30:00 PM,10BUR_T1L2,N,N,N,3129.0912,3129.0912,4347.6388,3129.0912,3129.0912,
8/12/2024 7:30:00 PM,10GNPK_U01,N,N,N,3161.8877,3161.8877,3264.8215,3161.8877,3161.8877,
8/12/2024 7:30:00 PM,10GNPK_U02,N,N,N,3161.8877,3161.8877,3264.1394,3161.8877,3161.8877,
8/12/2024 7:30:00 PM,10GNPK_U03,N,N,N,3162.20,3162.20,3265.5243,3162.20,3162.20,
8/12/2024 7:30:00 PM,10GNPK_U04,N,N,N,3162.20,3162.20,3271.5191,3162.20,3162.20,
8/12/2024 7:30:00 PM,10IDPP_G01,N,N,N,3151.8926,3151.8926,3265.0133,3151.8926,3151.8926,
8/12/2024 7:30:00 PM,10IDPP_SS,N,N,N,3151.8926,3151.8926,4347.6388,3151.8926,3151.8926,
8/12/2024 7:30:00 PM,10KAUSWGN_SS,N,N,N,3162.8247,3162.8247,4347.6388,3162.8247,3162.8247,
8/12/2024 7:30:00 PM,10KAU_T1L1,N,N,N,3129.0912,3129.0912,4347.6388,3129.0912,3129.0912,
8/12/2024 7:30:00 PM,10KIW_T1L1,N,N,N,3129.0912,3129.0912,4347.6388,3129.0912,3129.0912,
8/12/2024 7:30:00 PM,10KIW_T2L1,N,N,N,3152.8296,3152.8296,4347.6388,3152.8296,3152.8296,
8/12/2024 7:30:00 PM,10LGAIT_SS,N,N,N,3152.5172,3152.5172,4347.6388,3152.5172,3152.5172,
8/12/2024 7:30:00 PM,10LIAN_G01,N,N,N,3129.0912,3129.0912,3236.8113,3129.0912,3129.0912,
8/12/2024 7:30:00 PM,10MCN_T1L1,N,N,N,3137.2122,3137.2122,4347.6388,3137.2122,3137.2122,
8/12/2024 7:30:00 PM,10MCR_T1L1,N,N,N,3137.2122,3137.2122,4347.6388,3137.2122,3137.2122,
8/12/2024 7:30:00 PM,10MCT_T1L1,N,N,N,3129.0912,3129.0912,4347.6388,3129.0912,3129.0912,
8/12/2024 7:30:00 PM,10MEGC_G01,N,N,N,3129.0912,3129.0912,3190.4459,3129.0912,3129.0912,
8/12/2024 7:30:00 PM,10MLN_T1L1,N,N,N,3110.3504,3110.3504,4347.6388,3110.3504,3110.3504,
8/12/2024 7:30:00 PM,10MPL_T1L1,N,N,N,3129.0912,3129.0912,4347.6388,3129.0912,3129.0912,
8/12/2024 7:30:00 PM,10MRW_T1L1,N,N,N,3110.3504,3110.3504,4347.6388,3110.3504,3110.3504,
8/12/2024 7:30:00 PM,10MRW_T2L1,N,N,N,3137.2122,3137.2122,4347.6388,3137.2122,3137.2122,
8/12/2024 7:30:00 PM,10NUN_T1L2,N,N,N,3129.0912,3129.0912,4347.6388,3129.0912,3129.0912,
8/12/2024 7:30:00 PM,10OPO_T1L1,N,N,N,3152.8296,3152.8296,4347.6388,3152.8296,3152.8296,
8/12/2024 7:30:00 PM,10PAT_T1L1,N,N,N,3152.8296,3152.8296,4347.6388,3152.8296,3152.8296,
8/12/2024 7:30:00 PM,10PGW_T1L1,N,N,N,3152.8296,3152.8296,4347.6388,3152.8296,3152.8296,
8/12/2024 7:30:00 PM,10PLT_T1L1,N,N,N,3151.8926,3151.8926,4347.6388,3151.8926,3151.8926,
8/12/2024 7:30:00 PM,10PLT_T2L1,N,N,N,3152.8296,3152.8296,4347.6388,3152.8296,3152.8296,
8/12/2024 7:30:00 PM,10PPEI_U01,N,N,N,3129.0912,3129.0912,3228.5922,3129.0912,3129.0912,
8/12/2024 7:30:00 PM,10SRZ_T1L1,N,N,N,3137.2122,3137.2122,4347.6388,3137.2122,3137.2122,
8/12/2024 7:30:00 PM,11CDO_T1L1,N,N,N,3168.7593,3168.7593,4347.6388,3168.7593,3168.7593,
8/12/2024 7:30:00 PM,11CRYSSUG_G01,N,N,N,3196.5582,3196.5582,3282.4059,3196.5582,3196.5582,
8/12/2024 7:30:00 PM,11FDC_SS,N,N,N,3103.1664,3103.1664,4347.6388,3103.1664,3103.1664,
8/12/2024 7:30:00 PM,11FDC_U01,N,N,N,3101.9170,3101.9170,3243.7567,3101.9170,3101.9170,
8/12/2024 7:30:00 PM,11FDC_U02,N,N,N,3101.9170,3101.9170,3243.9093,3101.9170,3101.9170,
8/12/2024 7:30:00 PM,11FDC_U03,N,N,N,3101.9170,3101.9170,3185.9591,3101.9170,3101.9170,
8/12/2024 7:30:00 PM,11FGBPC_G01,N,N,N,3130.9653,3130.9653,3275.9418,3130.9653,3130.9653,
8/12/2024 7:30:00 PM,11JASAAN_SS,N,N,N,3143.4592,3143.4592,4347.6388,3143.4592,3143.4592,
8/12/2024 7:30:00 PM,11JASA_BAT,N,N,N,3130.9653,3130.9653,3276.0829,3130.9653,3130.9653,
8/12/2024 7:30:00 PM,11KBSOL_G01,N,N,N,3220.2965,3220.2965,3378.1562,3220.2965,3220.2965,
8/12/2024 7:30:00 PM,11KEGMAR_G01,N,N,N,3196.5582,3196.5582,3351.5041,3196.5582,3196.5582,
8/12/2024 7:30:00 PM,11KIBAWE_SS,N,N,N,3219.6718,3219.6718,4347.6388,3219.6718,3219.6718,
8/12/2024 7:30:00 PM,11KIB_T1L1,N,N,N,3196.5582,3196.5582,4347.6388,3196.5582,3196.5582,
8/12/2024 7:30:00 PM,11KIB_T1L2,N,N,N,3196.5582,3196.5582,4347.6388,3196.5582,3196.5582,
8/12/2024 7:30:00 PM,11KIRAS_G01,N,N,N,3130.9653,3130.9653,3276.0017,3130.9653,3130.9653,
8/12/2024 7:30:00 PM,11KNG_T1L1,N,N,N,3130.9653,3130.9653,4347.6388,3130.9653,3130.9653,
8/12/2024 7:30:00 PM,11LBA_T1L1,N,N,N,3143.4592,3143.4592,4347.6388,3143.4592,3143.4592,
8/12/2024 7:30:00 PM,11LUN_T1L1,N,N,N,3130.9653,3130.9653,4347.6388,3130.9653,3130.9653,
8/12/2024 7:30:00 PM,11MAN1_S01,N,N,N,3120.6579,3120.6579,4347.6388,3120.6579,3120.6579,
8/12/2024 7:30:00 PM,11MAN2_S01,N,N,N,3120.6579,3120.6579,4347.6388,3120.6579,3120.6579,
8/12/2024 7:30:00 PM,11MANFOR_G01,N,N,N,3120.6579,3120.6579,3267.5384,3120.6579,3120.6579,
8/12/2024 7:30:00 PM,11MANFOR_G02,N,N,N,3120.6579,3120.6579,3268.6631,3120.6579,3120.6579,
8/12/2024 7:30:00 PM,11MANOLO_SS,N,N,N,3121.2826,3121.2826,4347.6388,3121.2826,3121.2826,
8/12/2024 7:30:00 PM,11MARAM_SS,N,N,N,3178.1297,3178.1297,4347.6388,3178.1297,3178.1297,
8/12/2024 7:30:00 PM,11MINBAL_G01,N,N,N,3130.9653,3130.9653,3282.7155,3130.9653,3130.9653,
8/12/2024 7:30:00 PM,11MINBU_G01,N,N,N,3130.9653,3130.9653,3265.3734,3130.9653,3130.9653,
8/12/2024 7:30:00 PM,11MLY_T1L1,N,N,N,3196.5582,3196.5582,4347.6388,3196.5582,3196.5582,
8/12/2024 7:30:00 PM,11MNCBLG_G01,N,N,N,3130.9653,3130.9653,3283.7616,3130.9653,3130.9653,
8/12/2024 7:30:00 PM,11MNRGY_G01,N,N,N,3130.9653,3130.9653,3276.0017,3130.9653,3130.9653,
8/12/2024 7:30:00 PM,11MNRGY_G02,N,N,N,3130.9653,3130.9653,3227.1622,3130.9653,3130.9653,
8/12/2024 7:30:00 PM,11MOR_T1L1,N,N,N,3168.7593,3168.7593,4347.6388,3168.7593,3168.7593,
8/12/2024 7:30:00 PM,11NAT_T1L1,N,N,N,3130.9653,3130.9653,4347.6388,3130.9653,3130.9653,
8/12/2024 7:30:00 PM,11NAT_T2L1,N,N,N,3130.9653,3130.9653,4347.6388,3130.9653,3130.9653,
8/12/2024 7:30:00 PM,11NBPC_G01,N,N,N,3196.5582,3196.5582,3351.5041,3196.5582,3196.5582,
8/12/2024 7:30:00 PM,11OPOL_SS,N,N,N,3167.8222,3167.8222,4347.6388,3167.8222,3167.8222,
8/12/2024 7:30:00 PM,11OPO_T1L1,N,N,N,3168.7593,3168.7593,4347.6388,3168.7593,3168.7593,
8/12/2024 7:30:00 PM,11PACERM_G01,N,N,N,3168.7593,3168.7593,3306.5907,3168.7593,3168.7593,
8/12/2024 7:30:00 PM,11PAL_T1L1,N,N,N,3220.2965,3220.2965,4347.6388,3220.2965,3220.2965,
8/12/2024 7:30:00 PM,11PG4_T1L1,N,N,N,3196.5582,3196.5582,4347.6388,3196.5582,3196.5582,
8/12/2024 7:30:00 PM,11PKBUK_G01,N,N,N,3130.9653,3130.9653,3444.4380,3130.9653,3130.9653,
8/12/2024 7:30:00 PM,11PULA4_U01,N,N,N,3195.6211,3195.6211,3331.2358,3195.6211,3195.6211,
8/12/2024 7:30:00 PM,11PULA4_U02,N,N,N,3195.3088,3195.3088,3355.3667,3195.3088,3195.3088,
8/12/2024 7:30:00 PM,11PULA4_U03,N,N,N,3123.4690,3123.4690,3338.2099,3123.4690,3123.4690,
8/12/2024 7:30:00 PM,11SME_T1L1,N,N,N,3123.4690,3123.4690,4347.6388,3123.4690,3123.4690,
8/12/2024 7:30:00 PM,11SMH_T1L1,N,N,N,3123.4690,3123.4690,4347.6388,3123.4690,3123.4690,
8/12/2024 7:30:00 PM,11STEAG_U01,N,N,N,3122.5319,3122.5319,3277.2732,3122.5319,3122.5319,
8/12/2024 7:30:00 PM,11STEAG_U02,N,N,N,3122.5319,3122.5319,3168.6087,3122.5319,3122.5319,
8/12/2024 7:30:00 PM,11TAGOL_SS,N,N,N,3123.4690,3123.4690,4347.6388,3123.4690,3123.4690,
8/12/2024 7:30:00 PM,11VILLA_BAT,N,N,N,3123.7813,3123.7813,3267.9211,3123.7813,3123.7813,
8/12/2024 7:30:00 PM,11VILLA_L01,N,N,N,3123.7813,3123.7813,4347.6388,3123.7813,3123.7813,
8/12/2024 7:30:00 PM,11VILLA_SS,N,N,N,3136.5876,3136.5876,4347.6388,3136.5876,3136.5876,
8/12/2024 7:30:00 PM,12ALE_T1L1,N,N,N,3552.6336,3552.6336,4347.6388,3552.6336,3552.6336,
8/12/2024 7:30:00 PM,12ASIGA_G01,N,N,N,3439.8764,3439.8764,3597.1981,3439.8764,3439.8764,
8/12/2024 7:30:00 PM,12BAG_T1L1,N,N,N,3531.0817,3531.0817,4347.6388,3531.0817,3531.0817,
8/12/2024 7:30:00 PM,12BISLIG_SS,N,N,N,3531.0817,3531.0817,4347.6388,3531.0817,3531.0817,
8/12/2024 7:30:00 PM,12BUTUAN_SS,N,N,N,3439.5640,3439.5640,4347.6388,3439.5640,3439.5640,
8/12/2024 7:30:00 PM,12BUT_T2L1,N,N,N,3394.2737,3394.2737,4347.6388,3394.2737,3394.2737,
8/12/2024 7:30:00 PM,12BYG_T1L1,N,N,N,3439.8764,3439.8764,4347.6388,3439.8764,3439.8764,
8/12/2024 7:30:00 PM,12KEGGIN_G01,N,N,N,3394.2737,3394.2737,3529.7446,3394.2737,3394.2737,
8/12/2024 7:30:00 PM,12KEGTAN_G01,N,N,N,3552.6336,3552.6336,3688.8635,3552.6336,3552.6336,
8/12/2024 7:30:00 PM,12LKMAINIT_G01,N,N,N,3439.8764,3439.8764,3587.9381,3439.8764,3439.8764,
8/12/2024 7:30:00 PM,12LMO_T1L1,N,N,N,3439.8764,3439.8764,4347.6388,3439.8764,3439.8764,
8/12/2024 7:30:00 PM,12MAD_T1L1,N,N,N,3516.7137,3516.7137,4347.6388,3516.7137,3516.7137,
8/12/2024 7:30:00 PM,12NACSUR_G01,N,N,N,3516.7137,3516.7137,3646.8435,3516.7137,3516.7137,
8/12/2024 7:30:00 PM,12NASIP_SS,N,N,N,3393.6491,3393.6491,4347.6388,3393.6491,3393.6491,
8/12/2024 7:30:00 PM,12NAS_T1L1,N,N,N,3439.8764,3439.8764,4347.6388,3439.8764,3439.8764,
8/12/2024 7:30:00 PM,12PBA_T1L1,N,N,N,3531.0817,3531.0817,4347.6388,3531.0817,3531.0817,
8/12/2024 7:30:00 PM,12PKSFRA_U01,N,N,N,3552.6336,3552.6336,3688.8635,3552.6336,3552.6336,
8/12/2024 7:30:00 PM,12PKSFRA_U02,N,N,N,3552.6336,3552.6336,3688.8635,3552.6336,3552.6336,
8/12/2024 7:30:00 PM,12PLACER_SS,N,N,N,3516.4014,3516.4014,4347.6388,3516.4014,3516.4014,
8/12/2024 7:30:00 PM,12SFRAN_SS,N,N,N,3552.9460,3552.9460,4347.6388,3552.9460,3552.9460,
8/12/2024 7:30:00 PM,12SLU_T1L1,N,N,N,3394.2737,3394.2737,4347.6388,3394.2737,3394.2737,
8/12/2024 7:30:00 PM,12SNT_T1L1,N,N,N,3439.8764,3439.8764,4347.6388,3439.8764,3439.8764,
8/12/2024 7:30:00 PM,12STCRUZ_L01,N,N,N,3516.7137,3516.7137,4347.6388,3516.7137,3516.7137,
8/12/2024 7:30:00 PM,12SUR_T1L1,N,N,N,3516.7137,3516.7137,4347.6388,3516.7137,3516.7137,
8/12/2024 7:30:00 PM,12TBD_T1L1,N,N,N,3123.4690,3123.4690,4347.6388,3123.4690,3123.4690,
8/12/2024 7:30:00 PM,12TBO_T1L1,N,N,N,3531.0817,3531.0817,4347.6388,3531.0817,3531.0817,
8/12/2024 7:30:00 PM,12TDG_T1L1,N,N,N,3552.6336,3552.6336,4347.6388,3552.6336,3552.6336,
8/12/2024 7:30:00 PM,12THERMA2_SS,N,N,N,3393.6491,3393.6491,4347.6388,3393.6491,3393.6491,
8/12/2024 7:30:00 PM,12TM2_U01,N,N,N,3393.6491,3393.6491,3529.3383,3393.6491,3393.6491,
8/12/2024 7:30:00 PM,12TM2_U02,N,N,N,3393.6491,3393.6491,3529.3383,3393.6491,3393.6491,
8/12/2024 7:30:00 PM,12TRE_T1L1,N,N,N,3531.0817,3531.0817,4347.6388,3531.0817,3531.0817,
8/12/2024 7:30:00 PM,13ASU_T1L1,N,N,N,3409.8911,3409.8911,4347.6388,3409.8911,3409.8911,
8/12/2024 7:30:00 PM,13BAJ_T1L1,N,N,N,3235.9139,3235.9139,4347.6388,3235.9139,3235.9139,
8/12/2024 7:30:00 PM,13BNS_T1L1,N,N,N,3206.5533,3206.5533,4347.6388,3206.5533,3206.5533,
8/12/2024 7:30:00 PM,13BNY_T1L1,N,N,N,3386.7774,3386.7774,4347.6388,3386.7774,3386.7774,
8/12/2024 7:30:00 PM,13BUNAW_SS,N,N,N,3193.4347,3193.4347,4347.6388,3193.4347,3193.4347,
8/12/2024 7:30:00 PM,13CULAMAN_SS,N,N,N,2970.1067,2970.1067,4347.6388,2970.1067,2970.1067,
8/12/2024 7:30:00 PM,13DAVAO_SS,N,N,N,3235.9139,3235.9139,4347.6388,3235.9139,3235.9139,
8/12/2024 7:30:00 PM,13DAV_T1L1,N,N,N,3173.4445,3173.4445,4347.6388,3173.4445,3173.4445,
8/12/2024 7:30:00 PM,13DCPP_U01,N,N,N,3163.4494,3163.4494,3334.9547,3163.4494,3163.4494,
8/12/2024 7:30:00 PM,13DCPP_U02,N,N,N,3168.4469,3168.4469,3348.4451,3168.4469,3168.4469,
8/12/2024 7:30:00 PM,13DIGSOL_G01,N,N,N,3206.5533,3206.5533,3370.1123,3206.5533,3206.5533,
8/12/2024 7:30:00 PM,13DIG_T1L1,N,N,N,3239.6620,3239.6620,4347.6388,3239.6620,3239.6620,
8/12/2024 7:30:00 PM,13DIG_T2L1,N,N,N,3206.5533,3206.5533,4347.6388,3206.5533,3206.5533,
8/12/2024 7:30:00 PM,13DIG_T3L1,N,N,N,3173.4445,3173.4445,4347.6388,3173.4445,3173.4445,
8/12/2024 7:30:00 PM,13DLP_T1L1,N,N,N,3239.6620,3239.6620,4347.6388,3239.6620,3239.6620,
8/12/2024 7:30:00 PM,13DLP_T1L2,N,N,N,3239.6620,3239.6620,4347.6388,3239.6620,3239.6620,
8/12/2024 7:30:00 PM,13DLP_T1L3,N,N,N,3239.6620,3239.6620,4347.6388,3239.6620,3239.6620,
8/12/2024 7:30:00 PM,13DLP_T2L1,N,N,N,3223.42,3223.42,4347.6388,3223.42,3223.42,
8/12/2024 7:30:00 PM,13DRA_T1L1,N,N,N,3221.8583,3221.8583,4347.6388,3221.8583,3221.8583,
8/12/2024 7:30:00 PM,13DRA_T1L2,N,N,N,3221.8583,3221.8583,4347.6388,3221.8583,3221.8583,
8/12/2024 7:30:00 PM,13DSP_T1L1,N,N,N,3206.5533,3206.5533,4347.6388,3206.5533,3206.5533,
8/12/2024 7:30:00 PM,13DSR_T1L1,N,N,N,2972.9178,2972.9178,4347.6388,2972.9178,2972.9178,
8/12/2024 7:30:00 PM,13EUROH_G01,N,N,N,3409.8911,3409.8911,3561.3213,3409.8911,3409.8911,
8/12/2024 7:30:00 PM,13MACO_BAT,N,N,N,3386.7774,3386.7774,3554.5242,3386.7774,3386.7774,
8/12/2024 7:30:00 PM,13MACO_SS,N,N,N,3384.5910,3384.5910,4347.6388,3384.5910,3384.5910,
8/12/2024 7:30:00 PM,13MAGDBNK_G01,N,N,N,3386.7774,3386.7774,3533.8822,3386.7774,3386.7774,
8/12/2024 7:30:00 PM,13MAGDBNK_U01,N,N,N,3386.7774,3386.7774,3457.1216,3386.7774,3386.7774,
8/12/2024 7:30:00 PM,13MAGDBNK_U02,N,N,N,3386.7774,3386.7774,3533.8822,3386.7774,3386.7774,
8/12/2024 7:30:00 PM,13MAGDBNK_U03,N,N,N,3386.7774,3386.7774,3457.1216,3386.7774,3386.7774,
8/12/2024 7:30:00 PM,13MALITA_BAT,N,N,N,2972.9178,2972.9178,3302.8652,2972.9178,2972.9178,
8/12/2024 7:30:00 PM,13MATAN_SS,N,N,N,3021.9562,3021.9562,4347.6388,3021.9562,3021.9562,
8/12/2024 7:30:00 PM,13MATIBNK_G01,N,N,N,3123.4690,3123.4690,3269.7187,3123.4690,3123.4690,
8/12/2024 7:30:00 PM,13MON_T1L1,N,N,N,3409.8911,3409.8911,4347.6388,3409.8911,3409.8911,
8/12/2024 7:30:00 PM,13MPCDIG_G01,N,N,N,3206.5533,3206.5533,3370.1123,3206.5533,3206.5533,
8/12/2024 7:30:00 PM,13MSR_T1L1,N,N,N,3409.8911,3409.8911,4347.6388,3409.8911,3409.8911,
8/12/2024 7:30:00 PM,13NABUN_SS,N,N,N,3409.8911,3409.8911,4347.6388,3409.8911,3409.8911,
8/12/2024 7:30:00 PM,13PMA_T1L1,N,N,N,3206.5533,3206.5533,4347.6388,3206.5533,3206.5533,
8/12/2024 7:30:00 PM,13SIBULAN_G01,N,N,N,3235.9139,3235.9139,3394.2959,3235.9139,3235.9139,
8/12/2024 7:30:00 PM,13SMC_U01,N,N,N,2911.3854,2911.3854,3182.5206,2911.3854,2911.3854,
8/12/2024 7:30:00 PM,13SMC_U02,N,N,N,2911.0731,2911.0731,3028.6115,2911.0731,2911.0731,
8/12/2024 7:30:00 PM,13TALOM1_G01,N,N,N,3239.6620,3239.6620,3383.1242,3239.6620,3239.6620,
8/12/2024 7:30:00 PM,13TALOM23_G01,N,N,N,3235.9139,3235.9139,3397.4933,3235.9139,3235.9139,
8/12/2024 7:30:00 PM,13TGM_T1L1,N,N,N,3386.7774,3386.7774,4347.6388,3386.7774,3386.7774,
8/12/2024 7:30:00 PM,13THERMA1_SS,N,N,N,3384.2786,3384.2786,4347.6388,3384.2786,3384.2786,
8/12/2024 7:30:00 PM,13TM1_U01,N,N,N,3384.2786,3384.2786,3533.3149,3384.2786,3384.2786,
8/12/2024 7:30:00 PM,13TM1_U02,N,N,N,3384.2786,3384.2786,3533.3149,3384.2786,3384.2786,
8/12/2024 7:30:00 PM,13TORIL_SS,N,N,N,3187.1878,3187.1878,4347.6388,3187.1878,3187.1878,
8/12/2024 7:30:00 PM,13TUDAY2_G01,N,N,N,3239.6620,3239.6620,3398.1680,3239.6620,3239.6620,
8/12/2024 7:30:00 PM,14ALMADA_G01,N,N,N,3479.5444,3479.5444,3849.7671,3479.5444,3479.5444,
8/12/2024 7:30:00 PM,14ASTROSOL_G01,N,N,N,3259.9646,3259.9646,3420.9578,3259.9646,3259.9646,
8/12/2024 7:30:00 PM,14BGN_T1L1,N,N,N,3168.7593,3168.7593,4347.6388,3168.7593,3168.7593,
8/12/2024 7:30:00 PM,14BGN_T2L1,N,N,N,3348.9834,3348.9834,4347.6388,3348.9834,3348.9834,
8/12/2024 7:30:00 PM,14BIOGS_G01,N,N,N,3348.9834,3348.9834,3525.6750,3348.9834,3348.9834,
8/12/2024 7:30:00 PM,14BIOMS_U01,N,N,N,3348.9834,3348.9834,3510.0214,3348.9834,3348.9834,
8/12/2024 7:30:00 PM,14COTSUGR_G01,N,N,N,3168.7593,3168.7593,3335.1810,3168.7593,3168.7593,
8/12/2024 7:30:00 PM,14DSA_T1L1,N,N,N,3479.5444,3479.5444,4347.6388,3479.5444,3479.5444,
8/12/2024 7:30:00 PM,14DSA_T2L1,N,N,N,3348.9834,3348.9834,4347.6388,3348.9834,3348.9834,
8/12/2024 7:30:00 PM,14GENSAN_SS,N,N,N,3260.2769,3260.2769,4347.6388,3260.2769,3260.2769,
8/12/2024 7:30:00 PM,14GERBIO_G01,N,N,N,3348.9834,3348.9834,3510.0214,3348.9834,3348.9834,
8/12/2024 7:30:00 PM,14GLA_T1L1,N,N,N,3259.9646,3259.9646,4347.6388,3259.9646,3259.9646,
8/12/2024 7:30:00 PM,14KAMANGA_SS,N,N,N,3175.3186,3175.3186,4347.6388,3175.3186,3175.3186,
8/12/2024 7:30:00 PM,14KAM_L03,N,N,N,3259.9646,3259.9646,4347.6388,3259.9646,3259.9646,
8/12/2024 7:30:00 PM,14KIDAP_SS,N,N,N,3164.3864,3164.3864,4347.6388,3164.3864,3164.3864,
8/12/2024 7:30:00 PM,14KLN_T1L1,N,N,N,3348.9834,3348.9834,4347.6388,3348.9834,3348.9834,
8/12/2024 7:30:00 PM,14LAMSAN_G01,N,N,N,3479.5444,3479.5444,3569.6382,3479.5444,3479.5444,
8/12/2024 7:30:00 PM,14LLE_T1L1,N,N,N,3259.9646,3259.9646,4347.6388,3259.9646,3259.9646,
8/12/2024 7:30:00 PM,14MARBEL_U01,N,N,N,3348.9834,3348.9834,3569.3803,3348.9834,3348.9834,
8/12/2024 7:30:00 PM,14MID_T1L1,N,N,N,3479.5444,3479.5444,4347.6388,3479.5444,3479.5444,
8/12/2024 7:30:00 PM,14MTAPO_U01,N,N,N,3162.5123,3162.5123,3324.1120,3162.5123,3162.5123,
8/12/2024 7:30:00 PM,14MTAPO_U02,N,N,N,3163.1370,3163.1370,3328.6320,3163.1370,3163.1370,
8/12/2024 7:30:00 PM,14MTAPO_U03,N,N,N,3168.7593,3168.7593,3335.1238,3168.7593,3168.7593,
8/12/2024 7:30:00 PM,14NVSOL_G01,N,N,N,3348.9834,3348.9834,3510.0214,3348.9834,3348.9834,
8/12/2024 7:30:00 PM,14PKPSOC_G01,N,N,N,3259.9646,3259.9646,3579.8909,3259.9646,3259.9646,
8/12/2024 7:30:00 PM,14PTU_T1L1,N,N,N,3259.9646,3259.9646,4347.6388,3259.9646,3259.9646,
8/12/2024 7:30:00 PM,14SARANG_U01,N,N,N,3259.9646,3259.9646,3421.7363,3259.9646,3259.9646,
8/12/2024 7:30:00 PM,14SARANG_U02,N,N,N,3174.6939,3174.6939,3347.7986,3174.6939,3174.6939,
8/12/2024 7:30:00 PM,14SIGHYDRO_G01,N,N,N,3259.9646,3259.9646,3422.1636,3259.9646,3259.9646,
8/12/2024 7:30:00 PM,14SKU_T1L1,N,N,N,3479.5444,3479.5444,4347.6388,3479.5444,3479.5444,
8/12/2024 7:30:00 PM,14SMY_T1L1,N,N,N,3479.5444,3479.5444,4347.6388,3479.5444,3479.5444,
8/12/2024 7:30:00 PM,14SPGI_U01,N,N,N,3348.9834,3348.9834,3531.3150,3348.9834,3348.9834,
8/12/2024 7:30:00 PM,14SRL_T1L1,N,N,N,3348.9834,3348.9834,4347.6388,3348.9834,3348.9834,
8/12/2024 7:30:00 PM,14SULTAN_SS,N,N,N,3470.1740,3470.1740,4347.6388,3470.1740,3470.1740,
8/12/2024 7:30:00 PM,14SUPKOR_G01,N,N,N,3348.9834,3348.9834,3510.0214,3348.9834,3348.9834,
8/12/2024 7:30:00 PM,14TACSUR_L02,N,N,N,3348.9834,3348.9834,4347.6388,3348.9834,3348.9834,
8/12/2024 7:30:00 PM,14TACUR_SS,N,N,N,3348.9834,3348.9834,4347.6388,3348.9834,3348.9834,
8/12/2024 7:30:00 PM,14TIN_T1L1,N,N,N,3259.9646,3259.9646,4347.6388,3259.9646,3259.9646,
8/12/2024 7:30:00 PM,14TIN_T1L2,N,N,N,3259.9646,3259.9646,4347.6388,3259.9646,3259.9646,
EOF
