TIME_INTERVAL,RESOURCE_NAME,AP_FLAG,SEC_FLAG,PSM_FLAG,DIPC_PRICE,RTD_PRICE,ADMIN_PRICE,SEC_PRICE,PSM_PRICE,
8/21/2024 3:45:00 PM,01ACNPC_G01,N,N,N,22582.1979,22582.1979,9146.7050,22582.1979,22582.1979,
8/21/2024 3:45:00 PM,01AEC_L01,N,N,N,22617.7429,22617.7429,9607.7723,22617.7429,22617.7429,
8/21/2024 3:45:00 PM,01AMBUK_SS,N,N,N,22357.8199,22357.8199,9607.7723,22357.8199,22357.8199,
8/21/2024 3:45:00 PM,01AMBUK_T1L1,N,N,N,22357.8199,22357.8199,9607.7723,22357.8199,22357.8199,
8/21/2024 3:45:00 PM,01AMBUK_U01,N,N,N,22351.1552,22351.1552,12813.2238,22351.1552,22351.1552,
8/21/2024 3:45:00 PM,01AMBUK_U02,N,N,N,22351.1552,22351.1552,13612.7080,22351.1552,22351.1552,
8/21/2024 3:45:00 PM,01AMBUK_U03,N,N,N,22351.1552,22351.1552,13629.4292,22351.1552,22351.1552,
8/21/2024 3:45:00 PM,01AMPHAW_G01,N,N,N,22411.1374,22411.1374,11539.3702,22411.1374,22411.1374,
8/21/2024 3:45:00 PM,01ANDA_G01,N,N,N,22617.7429,22617.7429,10877.0035,22617.7429,22617.7429,
8/21/2024 3:45:00 PM,01ANGAT_A,N,N,N,22544.4313,22544.4313,9704.4694,22544.4313,22544.4313,
8/21/2024 3:45:00 PM,01ANGAT_M,N,N,N,22533.3235,22533.3235,12011.0339,22533.3235,22533.3235,
8/21/2024 3:45:00 PM,01ANGAT_SS,N,N,N,22564.4254,22564.4254,9607.7723,22564.4254,22564.4254,
8/21/2024 3:45:00 PM,01ANGAT_T5L1,N,N,N,22215.6398,22215.6398,9607.7723,22215.6398,22215.6398,
8/21/2024 3:45:00 PM,01APEC_G01,N,N,N,22617.7429,22617.7429,9214.9765,22617.7429,22617.7429,
8/21/2024 3:45:00 PM,01ARAYSOL_G01,N,N,N,22617.7429,22617.7429,13155.4732,22617.7429,22617.7429,
8/21/2024 3:45:00 PM,01ARAYSOL_G02,N,N,N,22617.7429,22617.7429,12693.6898,22617.7429,22617.7429,
8/21/2024 3:45:00 PM,01ARMSOL_G01,N,N,N,22582.1979,22582.1979,12355.4206,22582.1979,22582.1979,
8/21/2024 3:45:00 PM,01BAKSIP_G01,N,N,N,22411.1374,22411.1374,9583.6224,22411.1374,22411.1374,
8/21/2024 3:45:00 PM,01BAKUN_G01,N,N,N,22315.6102,22315.6102,9252.3749,22315.6102,22315.6102,
8/21/2024 3:45:00 PM,01BAKUN_SS,N,N,N,22315.6102,22315.6102,9607.7723,22315.6102,22315.6102,
8/21/2024 3:45:00 PM,01BALNEO_L01,N,N,N,22137.8851,22137.8851,9607.7723,22137.8851,22137.8851,
8/21/2024 3:45:00 PM,01BALNEO_L02,N,N,N,22137.8851,22137.8851,9607.7723,22137.8851,22137.8851,
8/21/2024 3:45:00 PM,01BALNEO_SS,N,N,N,22073.4597,22073.4597,9607.7723,22073.4597,22073.4597,
8/21/2024 3:45:00 PM,01BALSIK_SS,N,N,N,21995.7050,21995.7050,9607.7723,21995.7050,21995.7050,
8/21/2024 3:45:00 PM,01BALWIND_G01,N,N,N,22393.3649,22393.3649,5735.6914,22393.3649,22393.3649,
8/21/2024 3:45:00 PM,01BANTAY_SS,N,N,N,22682.1682,22682.1682,9607.7723,22682.1682,22682.1682,
8/21/2024 3:45:00 PM,01BATAAN_SS,N,N,N,21484.7453,21484.7453,9607.7723,21484.7453,21484.7453,
8/21/2024 3:45:00 PM,01BAUANG_GS1,N,N,N,22168.9870,22168.9870,18393.1065,22168.9870,22168.9870,
8/21/2024 3:45:00 PM,01BAUANG_GS2,N,N,N,22266.7358,22266.7358,18468.9745,22266.7358,22266.7358,
8/21/2024 3:45:00 PM,01BAUANG_GS3,N,N,N,22266.7358,22266.7358,12769.7031,22266.7358,22266.7358,
8/21/2024 3:45:00 PM,01BAUANG_SS,N,N,N,22353.3768,22353.3768,9607.7723,22353.3768,22353.3768,
8/21/2024 3:45:00 PM,01BAUAN_T1L1,N,N,N,22366.7062,22366.7062,9607.7723,22366.7062,22366.7062,
8/21/2024 3:45:00 PM,01BAUAN_T1L2,N,N,N,22366.7062,22366.7062,9607.7723,22366.7062,22366.7062,
8/21/2024 3:45:00 PM,01BAUAN_T1L3,N,N,N,22366.7062,22366.7062,9607.7723,22366.7062,22366.7062,
8/21/2024 3:45:00 PM,01BAUAN_T2L1,N,N,N,22366.7062,22366.7062,9607.7723,22366.7062,22366.7062,
8/21/2024 3:45:00 PM,01BAUAN_T2L2,N,N,N,22362.2630,22362.2630,9607.7723,22362.2630,22362.2630,
8/21/2024 3:45:00 PM,01BCNOT_SS,N,N,N,22431.1315,22431.1315,9607.7723,22431.1315,22431.1315,
8/21/2024 3:45:00 PM,01BCNOT_T1L1,N,N,N,22433.3531,22433.3531,9607.7723,22433.3531,22433.3531,
8/21/2024 3:45:00 PM,01BCNOT_T1L2,N,N,N,22433.3531,22433.3531,9607.7723,22433.3531,22433.3531,
8/21/2024 3:45:00 PM,01BINENG_G01,N,N,N,22411.1374,22411.1374,8154.9905,22411.1374,22411.1374,
8/21/2024 3:45:00 PM,01BINGA_SS,N,N,N,22351.1552,22351.1552,9607.7723,22351.1552,22351.1552,
8/21/2024 3:45:00 PM,01BINGA_T1L1,N,N,N,22351.1552,22351.1552,9607.7723,22351.1552,22351.1552,
8/21/2024 3:45:00 PM,01BINGA_U01,N,N,N,22351.1552,22351.1552,10427.4379,22351.1552,22351.1552,
8/21/2024 3:45:00 PM,01BINGA_U02,N,N,N,22351.1552,22351.1552,9121.5375,22351.1552,22351.1552,
8/21/2024 3:45:00 PM,01BINGA_U03,N,N,N,22351.1552,22351.1552,9198.2938,22351.1552,22351.1552,
8/21/2024 3:45:00 PM,01BINGA_U04,N,N,N,22351.1552,22351.1552,10583.9388,22351.1552,22351.1552,
8/21/2024 3:45:00 PM,01BNTAY_T1L1,N,N,N,22679.9467,22679.9467,9607.7723,22679.9467,22679.9467,
8/21/2024 3:45:00 PM,01BNTAY_T1L2,N,N,N,22679.9467,22679.9467,9607.7723,22679.9467,22679.9467,
8/21/2024 3:45:00 PM,01BNTAY_T1L3,N,N,N,22679.9467,22679.9467,9607.7723,22679.9467,22679.9467,
8/21/2024 3:45:00 PM,01BOSUNG_G01,N,N,N,22480.0059,22480.0059,8050.3444,22480.0059,22480.0059,
8/21/2024 3:45:00 PM,01BOTOLAN_SS,N,N,N,21975.7109,21975.7109,9607.7723,21975.7109,21975.7109,
8/21/2024 3:45:00 PM,01BOTOL_T1L1,N,N,N,21986.8187,21986.8187,9607.7723,21986.8187,21986.8187,
8/21/2024 3:45:00 PM,01BOTOL_T1L2,N,N,N,21986.8187,21986.8187,9607.7723,21986.8187,21986.8187,
8/21/2024 3:45:00 PM,01BPC_T1L1,N,N,N,21484.7453,21484.7453,9607.7723,21484.7453,21484.7453,
8/21/2024 3:45:00 PM,01BPC_T2L2,N,N,N,21484.7453,21484.7453,9607.7723,21484.7453,21484.7453,
8/21/2024 3:45:00 PM,01BPPC_SS,N,N,N,22266.7358,22266.7358,9607.7723,22266.7358,22266.7358,
8/21/2024 3:45:00 PM,01BT2020_G01,N,N,N,21960.16,21960.16,7991.3243,21960.16,21960.16,
8/21/2024 3:45:00 PM,01BT2020_G02,N,N,N,21960.16,21960.16,9276.2526,21960.16,21960.16,
8/21/2024 3:45:00 PM,01BTNSOL_G01,N,N,N,21495.8531,21495.8531,11778.9357,21495.8531,21495.8531,
8/21/2024 3:45:00 PM,01BTPP_T3L1,N,N,N,21495.8531,21495.8531,9607.7723,21495.8531,21495.8531,
8/21/2024 3:45:00 PM,01BTPP_T3L2,N,N,N,21495.8531,21495.8531,9607.7723,21495.8531,21495.8531,
8/21/2024 3:45:00 PM,01BTPP_T3L3,N,N,N,21495.8531,21495.8531,9607.7723,21495.8531,21495.8531,
8/21/2024 3:45:00 PM,01BTPP_T3L4,N,N,N,21495.8531,21495.8531,9607.7723,21495.8531,21495.8531,
8/21/2024 3:45:00 PM,01BTPP_T3L5,N,N,N,21495.8531,21495.8531,9607.7723,21495.8531,21495.8531,
8/21/2024 3:45:00 PM,01BTPP_T4L1,N,N,N,22215.6398,22215.6398,9607.7723,22215.6398,22215.6398,
8/21/2024 3:45:00 PM,01BTSOLEN_BAT,N,N,N,21495.8531,21495.8531,9646.3126,21495.8531,21495.8531,
8/21/2024 3:45:00 PM,01BTSOLEN_G01,N,N,N,21495.8531,21495.8531,9653.0388,21495.8531,21495.8531,
8/21/2024 3:45:00 PM,01BULSOL_G01,N,N,N,22819.9052,22819.9052,14979.2390,22819.9052,22819.9052,
8/21/2024 3:45:00 PM,01BURGOS_G01,N,N,N,22451.1256,22451.1256,8558.7556,22451.1256,22451.1256,
8/21/2024 3:45:00 PM,01BURGOS_G02,N,N,N,22480.0059,22480.0059,6169.1119,22480.0059,22480.0059,
8/21/2024 3:45:00 PM,01BURGOS_G03,N,N,N,22480.0059,22480.0059,6659.0723,22480.0059,22480.0059,
8/21/2024 3:45:00 PM,01BURGOS_SS,N,N,N,22451.1256,22451.1256,9607.7723,22451.1256,22451.1256,
8/21/2024 3:45:00 PM,01BUTAO_G01,N,N,N,22357.8199,22357.8199,8028.3978,22357.8199,22357.8199,
8/21/2024 3:45:00 PM,01BYOMB_DID,N,N,N,22622.1860,22622.1860,9607.7723,22622.1860,22622.1860,
8/21/2024 3:45:00 PM,01BYOMB_SS,N,N,N,22619.9645,22619.9645,9607.7723,22619.9645,22619.9645,
8/21/2024 3:45:00 PM,01BYOMB_T1L1,N,N,N,22644.4017,22644.4017,9607.7723,22644.4017,22644.4017,
8/21/2024 3:45:00 PM,01BYOMB_T1L2,N,N,N,22622.1860,22622.1860,9607.7723,22622.1860,22622.1860,
8/21/2024 3:45:00 PM,01BYOMB_T1L3,N,N,N,22644.4017,22644.4017,9607.7723,22644.4017,22644.4017,
8/21/2024 3:45:00 PM,01CABSOL_G01,N,N,N,23184.2417,23184.2417,10666.8224,23184.2417,23184.2417,
8/21/2024 3:45:00 PM,01CAGBIO_G01,N,N,N,23079.8282,23079.8282,9508.6245,23079.8282,23079.8282,
8/21/2024 3:45:00 PM,01CAGYSOL_G01,N,N,N,23290.8768,23290.8768,8516.2551,23290.8768,23290.8768,
8/21/2024 3:45:00 PM,01CALIBUNK_G01,N,N,N,22617.7429,22617.7429,9468.3084,22617.7429,22617.7429,
8/21/2024 3:45:00 PM,01CAPRIS_G01,N,N,N,22435.5746,22435.5746,6210.7482,22435.5746,22435.5746,
8/21/2024 3:45:00 PM,01CAPRIS_G02,N,N,N,22435.5746,22435.5746,6601.2577,22435.5746,22435.5746,
8/21/2024 3:45:00 PM,01CASECN_G01,N,N,N,22006.8128,22006.8128,9493.5368,22006.8128,22006.8128,
8/21/2024 3:45:00 PM,01CASECN_SS,N,N,N,22006.8128,22006.8128,9607.7723,22006.8128,22006.8128,
8/21/2024 3:45:00 PM,01CAYBSOL_G01,N,N,N,21762.4408,21762.4408,13182.8570,21762.4408,21762.4408,
8/21/2024 3:45:00 PM,01CBNTU_SS,N,N,N,23188.6848,23188.6848,9607.7723,23188.6848,23188.6848,
8/21/2024 3:45:00 PM,01CBNTU_T1L1,N,N,N,23184.2417,23184.2417,9607.7723,23184.2417,23184.2417,
8/21/2024 3:45:00 PM,01CBNTU_T1L3,N,N,N,23184.2417,23184.2417,9607.7723,23184.2417,23184.2417,
8/21/2024 3:45:00 PM,01CBNTU_T2L1,N,N,N,23184.2417,23184.2417,9607.7723,23184.2417,23184.2417,
8/21/2024 3:45:00 PM,01CBNTU_T2L2,N,N,N,23184.2417,23184.2417,9607.7723,23184.2417,23184.2417,
8/21/2024 3:45:00 PM,01CBN_CELCOR,N,N,N,23184.2417,23184.2417,9607.7723,23184.2417,23184.2417,
8/21/2024 3:45:00 PM,01CIP2_G01,N,N,N,22433.3531,22433.3531,18595.4210,22433.3531,22433.3531,
8/21/2024 3:45:00 PM,01CLARK_L01,N,N,N,22215.6398,22215.6398,9607.7723,22215.6398,22215.6398,
8/21/2024 3:45:00 PM,01CLARK_L02,N,N,N,22215.6398,22215.6398,9607.7723,22215.6398,22215.6398,
8/21/2024 3:45:00 PM,01CLARK_L03,N,N,N,22604.4135,22604.4135,9607.7723,22604.4135,22604.4135,
8/21/2024 3:45:00 PM,01CLARK_L04,N,N,N,22608.8566,22608.8566,9607.7723,22608.8566,22608.8566,
8/21/2024 3:45:00 PM,01CLARK_SS,N,N,N,22604.4135,22604.4135,9607.7723,22604.4135,22604.4135,
8/21/2024 3:45:00 PM,01CLARK_T1L1,N,N,N,22604.4135,22604.4135,9607.7723,22604.4135,22604.4135,
8/21/2024 3:45:00 PM,01CLARK_T1L2,N,N,N,22604.4135,22604.4135,9607.7723,22604.4135,22604.4135,
8/21/2024 3:45:00 PM,01CLARK_T2L1,N,N,N,22215.6398,22215.6398,9607.7723,22215.6398,22215.6398,
8/21/2024 3:45:00 PM,01CLASOL_G01,N,N,N,22604.4135,22604.4135,13590.8166,22604.4135,22604.4135,
8/21/2024 3:45:00 PM,01CLEANG_G01,N,N,N,21960.16,21960.16,9276.2526,21960.16,21960.16,
8/21/2024 3:45:00 PM,01CNCEP_BAT,N,N,N,22575.5332,22575.5332,6235.5166,22575.5332,22575.5332,
8/21/2024 3:45:00 PM,01CNCEP_CAT,N,N,N,22575.5332,22575.5332,9607.7723,22575.5332,22575.5332,
8/21/2024 3:45:00 PM,01CNCEP_DAP2,N,N,N,22575.5332,22575.5332,9607.7723,22575.5332,22575.5332,
8/21/2024 3:45:00 PM,01CNCEP_SS,N,N,N,22568.8685,22568.8685,9607.7723,22568.8685,22568.8685,
8/21/2024 3:45:00 PM,01CNCEP_T1L3,N,N,N,22568.8685,22568.8685,9607.7723,22568.8685,22568.8685,
8/21/2024 3:45:00 PM,01CNCEP_TEI,N,N,N,22582.1979,22582.1979,9607.7723,22582.1979,22582.1979,
8/21/2024 3:45:00 PM,01CN_TRELC1,N,N,N,22582.1979,22582.1979,9607.7723,22582.1979,22582.1979,
8/21/2024 3:45:00 PM,01CN_TRELC2,N,N,N,22575.5332,22575.5332,9607.7723,22575.5332,22575.5332,
8/21/2024 3:45:00 PM,01CONSOL_G01,N,N,N,22575.5332,22575.5332,11201.1243,22575.5332,22575.5332,
8/21/2024 3:45:00 PM,01CRUZD_MECO,N,N,N,22819.9052,22819.9052,9607.7723,22819.9052,22819.9052,
8/21/2024 3:45:00 PM,01CRUZD_SS,N,N,N,22817.6836,22817.6836,9607.7723,22817.6836,22817.6836,
8/21/2024 3:45:00 PM,01CRUZD_T2L1,N,N,N,22819.9052,22819.9052,9607.7723,22819.9052,22819.9052,
8/21/2024 3:45:00 PM,01CURIM_SS,N,N,N,22346.7121,22346.7121,9607.7723,22346.7121,22346.7121,
8/21/2024 3:45:00 PM,01CURIM_T1L1,N,N,N,22324.4964,22324.4964,9607.7723,22324.4964,22324.4964,
8/21/2024 3:45:00 PM,01CURIM_T1L2,N,N,N,22324.4964,22324.4964,9607.7723,22324.4964,22324.4964,
8/21/2024 3:45:00 PM,01CURSOL_G02,N,N,N,22037.9147,22037.9147,12852.4345,22037.9147,22037.9147,
8/21/2024 3:45:00 PM,01DALSOL_G01,N,N,N,22582.1979,22582.1979,15588.4951,22582.1979,22582.1979,
8/21/2024 3:45:00 PM,01DUHAT_SS,N,N,N,22970.9716,22970.9716,9607.7723,22970.9716,22970.9716,
8/21/2024 3:45:00 PM,01DUHAT_T1L1,N,N,N,23037.6185,23037.6185,9607.7723,23037.6185,23037.6185,
8/21/2024 3:45:00 PM,01EHVSJ_SS,N,N,N,22477.7844,22477.7844,9607.7723,22477.7844,22477.7844,
8/21/2024 3:45:00 PM,01EHVSM_SS,N,N,N,22142.3282,22142.3282,9607.7723,22142.3282,22142.3282,
8/21/2024 3:45:00 PM,01GAMU_BAT,N,N,N,23117.5948,23117.5948,9523.3952,23117.5948,23117.5948,
8/21/2024 3:45:00 PM,01GAMU_BATL,N,N,N,23117.5948,23117.5948,9607.7723,23117.5948,23117.5948,
8/21/2024 3:45:00 PM,01GAMU_SS,N,N,N,23079.8282,23079.8282,9607.7723,23079.8282,23079.8282,
8/21/2024 3:45:00 PM,01GAMU_T1L1,N,N,N,23117.5948,23117.5948,9607.7723,23117.5948,23117.5948,
8/21/2024 3:45:00 PM,01GAMU_T1L2,N,N,N,23079.8282,23079.8282,9607.7723,23079.8282,23079.8282,
8/21/2024 3:45:00 PM,01GFII_G01,N,N,N,23117.5948,23117.5948,9498.1166,23117.5948,23117.5948,
8/21/2024 3:45:00 PM,01GIFT_G01,N,N,N,22215.6398,22215.6398,9611.1191,22215.6398,22215.6398,
8/21/2024 3:45:00 PM,01GIFT_G02,N,N,N,22215.6398,22215.6398,9311.4984,22215.6398,22215.6398,
8/21/2024 3:45:00 PM,01GIGSOL_G01,N,N,N,21986.8187,21986.8187,11954.7992,21986.8187,21986.8187,
8/21/2024 3:45:00 PM,01GNPD_SS,N,N,N,21797.9858,21797.9858,9607.7723,21797.9858,21797.9858,
8/21/2024 3:45:00 PM,01GNPD_U01,N,N,N,21606.9313,21606.9313,9159.9406,21606.9313,21606.9313,
8/21/2024 3:45:00 PM,01GNPD_U02,N,N,N,21615.8175,21615.8175,7058.0706,21615.8175,21615.8175,
8/21/2024 3:45:00 PM,01GRGOLD_G01,N,N,N,23184.2417,23184.2417,9578.3082,23184.2417,23184.2417,
8/21/2024 3:45:00 PM,01HANJI_SS,N,N,N,21966.8246,21966.8246,9607.7723,21966.8246,21966.8246,
8/21/2024 3:45:00 PM,01HANJI_T1L1,N,N,N,21969.0462,21969.0462,9607.7723,21969.0462,21969.0462,
8/21/2024 3:45:00 PM,01HANJI_T2L1,N,N,N,21966.8246,21966.8246,9607.7723,21966.8246,21966.8246,
8/21/2024 3:45:00 PM,01HERMO_FBL,N,N,N,21960.16,21960.16,9607.7723,21960.16,21960.16,
8/21/2024 3:45:00 PM,01HERMO_SS,N,N,N,21937.9443,21937.9443,9607.7723,21937.9443,21937.9443,
8/21/2024 3:45:00 PM,01HERMO_T1L1,N,N,N,21960.16,21960.16,9607.7723,21960.16,21960.16,
8/21/2024 3:45:00 PM,01HERMO_T1L2,N,N,N,21960.16,21960.16,9607.7723,21960.16,21960.16,
8/21/2024 3:45:00 PM,01HERMO_T1L3,N,N,N,22215.6398,22215.6398,9607.7723,22215.6398,22215.6398,
8/21/2024 3:45:00 PM,01HERMO_T1L4,N,N,N,21960.16,21960.16,9607.7723,21960.16,21960.16,
8/21/2024 3:45:00 PM,01HYPGRN_G01,N,N,N,23037.6185,23037.6185,9649.1892,23037.6185,23037.6185,
8/21/2024 3:45:00 PM,01IBEC_G01,N,N,N,22773.2524,22773.2524,9284.6685,22773.2524,22773.2524,
8/21/2024 3:45:00 PM,01IBULAO_G01,N,N,N,22644.4017,22644.4017,10458.1472,22644.4017,22644.4017,
8/21/2024 3:45:00 PM,01IPOWER_G01,N,N,N,23184.2417,23184.2417,9607.1321,23184.2417,23184.2417,
8/21/2024 3:45:00 PM,01IPOWER_G02,N,N,N,23184.2417,23184.2417,10957.2338,23184.2417,23184.2417,
8/21/2024 3:45:00 PM,01KDAM_SS,N,N,N,21940.1659,21940.1659,9607.7723,21940.1659,21940.1659,
8/21/2024 3:45:00 PM,01LAMAO_BAT,N,N,N,21440.3140,21440.3140,6361.4833,21440.3140,21440.3140,
8/21/2024 3:45:00 PM,01LAMAO_SS,N,N,N,21442.5355,21442.5355,9607.7723,21442.5355,21442.5355,
8/21/2024 3:45:00 PM,01LAOAG_SS,N,N,N,22466.6765,22466.6765,9607.7723,22466.6765,22466.6765,
8/21/2024 3:45:00 PM,01LAOAG_T1L1,N,N,N,22215.6398,22215.6398,9607.7723,22215.6398,22215.6398,
8/21/2024 3:45:00 PM,01LAOAG_T1L2,N,N,N,22215.6398,22215.6398,9607.7723,22215.6398,22215.6398,
8/21/2024 3:45:00 PM,01LAOAG_T2L2,N,N,N,22480.0059,22480.0059,9607.7723,22480.0059,22480.0059,
8/21/2024 3:45:00 PM,01LAOSOL_G01,N,N,N,21704.6801,21704.6801,11552.7589,21704.6801,21704.6801,
8/21/2024 3:45:00 PM,01LAOSOL_SS,N,N,N,21704.6801,21704.6801,9607.7723,21704.6801,21704.6801,
8/21/2024 3:45:00 PM,01LASUER_U01,N,N,N,23079.8282,23079.8282,11729.7367,23079.8282,23079.8282,
8/21/2024 3:45:00 PM,01LATRI_SS,N,N,N,22388.9218,22388.9218,9607.7723,22388.9218,22388.9218,
8/21/2024 3:45:00 PM,01LATRI_T1L1,N,N,N,22411.1374,22411.1374,9607.7723,22411.1374,22411.1374,
8/21/2024 3:45:00 PM,01LATRI_T2L1,N,N,N,22411.1374,22411.1374,9607.7723,22411.1374,22411.1374,
8/21/2024 3:45:00 PM,01LATRI_T2L2,N,N,N,22411.1374,22411.1374,9607.7723,22411.1374,22411.1374,
8/21/2024 3:45:00 PM,01LATRI_T2L3,N,N,N,22411.1374,22411.1374,9607.7723,22411.1374,22411.1374,
8/21/2024 3:45:00 PM,01LAT_BENECO,N,N,N,22411.1374,22411.1374,9607.7723,22411.1374,22411.1374,
8/21/2024 3:45:00 PM,01LAT_PHILEX,N,N,N,22411.1374,22411.1374,9607.7723,22411.1374,22411.1374,
8/21/2024 3:45:00 PM,01LBRDR_SS,N,N,N,21840.1955,21840.1955,9607.7723,21840.1955,21840.1955,
8/21/2024 3:45:00 PM,01LBR_CNPELC,N,N,N,22215.6398,22215.6398,9607.7723,22215.6398,22215.6398,
8/21/2024 3:45:00 PM,01LBR_DECORP,N,N,N,21855.7464,21855.7464,9607.7723,21855.7464,21855.7464,
8/21/2024 3:45:00 PM,01LBR_PNELC1,N,N,N,21853.5249,21853.5249,9607.7723,21853.5249,21853.5249,
8/21/2024 3:45:00 PM,01LIMAY_BAT,N,N,N,21495.8531,21495.8531,13424.5738,21495.8531,21495.8531,
8/21/2024 3:45:00 PM,01LIMAY_SS,N,N,N,21482.5237,21482.5237,9607.7723,21482.5237,21482.5237,
8/21/2024 3:45:00 PM,01LIMAY_U01,N,N,N,21482.5237,21482.5237,6245,21482.5237,21482.5237,
8/21/2024 3:45:00 PM,01LIMAY_U02,N,N,N,21482.5237,21482.5237,9092.9250,21482.5237,21482.5237,
8/21/2024 3:45:00 PM,01LIMAY_U03,N,N,N,21480.3021,21480.3021,8190.0189,21480.3021,21480.3021,
8/21/2024 3:45:00 PM,01LIMAY_U04,N,N,N,21482.5237,21482.5237,9092.9250,21482.5237,21482.5237,
8/21/2024 3:45:00 PM,01LIMAY_U05,N,N,N,21482.5237,21482.5237,9486.9146,21482.5237,21482.5237,
8/21/2024 3:45:00 PM,01LIMAY_U06,N,N,N,21482.5237,21482.5237,9092.9250,21482.5237,21482.5237,
8/21/2024 3:45:00 PM,01LIMAY_U07,N,N,N,21482.5237,21482.5237,9092.9250,21482.5237,21482.5237,
8/21/2024 3:45:00 PM,01LIMAY_U08,N,N,N,21482.5237,21482.5237,9092.9250,21482.5237,21482.5237,
8/21/2024 3:45:00 PM,01MAEC_G01,N,N,N,22037.9147,22037.9147,12932.7003,22037.9147,22037.9147,
8/21/2024 3:45:00 PM,01MAEC_S01,N,N,N,22037.9147,22037.9147,9607.7723,22037.9147,22037.9147,
8/21/2024 3:45:00 PM,01MAGAPIT_BAT,N,N,N,23290.8768,23290.8768,9593.2550,23290.8768,23290.8768,
8/21/2024 3:45:00 PM,01MAGAT_BAT,N,N,N,22691.0545,22691.0545,2362.0662,22691.0545,22691.0545,
8/21/2024 3:45:00 PM,01MAGAT_SS,N,N,N,22691.0545,22691.0545,9607.7723,22691.0545,22691.0545,
8/21/2024 3:45:00 PM,01MAGAT_U01,N,N,N,22691.0545,22691.0545,14518.8198,22691.0545,22691.0545,
8/21/2024 3:45:00 PM,01MAGAT_U02,N,N,N,22688.8329,22688.8329,14150.8374,22688.8329,22688.8329,
8/21/2024 3:45:00 PM,01MAGAT_U03,N,N,N,22691.0545,22691.0545,14170.6120,22691.0545,22691.0545,
8/21/2024 3:45:00 PM,01MAGAT_U04,N,N,N,22691.0545,22691.0545,9770.5459,22691.0545,22691.0545,
8/21/2024 3:45:00 PM,01MALOL_SS,N,N,N,22566.6469,22566.6469,9607.7723,22566.6469,22566.6469,
8/21/2024 3:45:00 PM,01MALOL_T1L1,N,N,N,22653.2879,22653.2879,9607.7723,22653.2879,22653.2879,
8/21/2024 3:45:00 PM,01MARIS_U01,N,N,N,22773.2524,22773.2524,10609.3122,22773.2524,22773.2524,
8/21/2024 3:45:00 PM,01MARIS_U02,N,N,N,22773.2524,22773.2524,10556.7534,22773.2524,22773.2524,
8/21/2024 3:45:00 PM,01MARSOL_G01,N,N,N,21378.1102,21378.1102,10377.6665,21378.1102,21378.1102,
8/21/2024 3:45:00 PM,01MARVEL_AUX,N,N,N,21371.4455,21371.4455,9607.7723,21371.4455,21371.4455,
8/21/2024 3:45:00 PM,01MARVEL_G01,N,N,N,21364.7808,21364.7808,9118.2147,21364.7808,21364.7808,
8/21/2024 3:45:00 PM,01MARVEL_G02,N,N,N,21364.7808,21364.7808,9153.4742,21364.7808,21364.7808,
8/21/2024 3:45:00 PM,01MARVEL_SS,N,N,N,21371.4455,21371.4455,9607.7723,21371.4455,21371.4455,
8/21/2024 3:45:00 PM,01MASIWA_G01,N,N,N,23184.2417,23184.2417,9606.2023,23184.2417,23184.2417,
8/21/2024 3:45:00 PM,01MASIWA_SS,N,N,N,23184.2417,23184.2417,9607.7723,23184.2417,23184.2417,
8/21/2024 3:45:00 PM,01MATUNO_G01,N,N,N,22622.1860,22622.1860,9336.4785,22622.1860,22622.1860,
8/21/2024 3:45:00 PM,01MEXICO_SS,N,N,N,22613.2998,22613.2998,9607.7723,22613.2998,22613.2998,
8/21/2024 3:45:00 PM,01MEX_AEC,N,N,N,22613.2998,22613.2998,9607.7723,22613.2998,22613.2998,
8/21/2024 3:45:00 PM,01MEX_CISP,N,N,N,22617.7429,22617.7429,9607.7723,22617.7429,22617.7429,
8/21/2024 3:45:00 PM,01MEX_CLARK1,N,N,N,22617.7429,22617.7429,9607.7723,22617.7429,22617.7429,
8/21/2024 3:45:00 PM,01MEX_CLARK2,N,N,N,22617.7429,22617.7429,9607.7723,22617.7429,22617.7429,
8/21/2024 3:45:00 PM,01MEX_CND,N,N,N,22617.7429,22617.7429,9607.7723,22617.7429,22617.7429,
8/21/2024 3:45:00 PM,01MEX_L01,N,N,N,22617.7429,22617.7429,9607.7723,22617.7429,22617.7429,
8/21/2024 3:45:00 PM,01MEX_MIC,N,N,N,22613.2998,22613.2998,9607.7723,22613.2998,22613.2998,
8/21/2024 3:45:00 PM,01MEX_PELCO1,N,N,N,22617.7429,22617.7429,9607.7723,22617.7429,22617.7429,
8/21/2024 3:45:00 PM,01MEX_PIMP,N,N,N,22617.7429,22617.7429,9607.7723,22617.7429,22617.7429,
8/21/2024 3:45:00 PM,01MEX_SFLAPC,N,N,N,22615.5213,22615.5213,9607.7723,22615.5213,22615.5213,
8/21/2024 3:45:00 PM,01MEX_SKK,N,N,N,22613.2998,22613.2998,9607.7723,22613.2998,22613.2998,
8/21/2024 3:45:00 PM,01MPGC_SS,N,N,N,21782.4348,21782.4348,9607.7723,21782.4348,21782.4348,
8/21/2024 3:45:00 PM,01MPGC_U01,N,N,N,21689.1291,21689.1291,9205.3298,21689.1291,21689.1291,
8/21/2024 3:45:00 PM,01MPGC_U02,N,N,N,21689.1291,21689.1291,9202.0876,21689.1291,21689.1291,
8/21/2024 3:45:00 PM,01MPGC_U03,N,N,N,22215.6398,22215.6398,8426.4046,22215.6398,22215.6398,
8/21/2024 3:45:00 PM,01MPGC_U04,N,N,N,21686.9076,21686.9076,11388.2959,21686.9076,21686.9076,
8/21/2024 3:45:00 PM,01MRVEL_T1L1,N,N,N,21378.1102,21378.1102,9607.7723,21378.1102,21378.1102,
8/21/2024 3:45:00 PM,01MSINLO_BAT,N,N,N,21175.9479,21175.9479,2206.9788,21175.9479,21175.9479,
8/21/2024 3:45:00 PM,01MSINLO_G01,N,N,N,21167.0616,21167.0616,9119.4604,21167.0616,21167.0616,
8/21/2024 3:45:00 PM,01MSINLO_G02,N,N,N,21173.7263,21173.7263,7583.7052,21173.7263,21173.7263,
8/21/2024 3:45:00 PM,01MSINLO_G03,N,N,N,21167.0616,21167.0616,9197.65,21167.0616,21167.0616,
8/21/2024 3:45:00 PM,01MSINLO_SS,N,N,N,21175.9479,21175.9479,9607.7723,21175.9479,21175.9479,
8/21/2024 3:45:00 PM,01NIABAL_G01,N,N,N,22773.2524,22773.2524,10370.7820,22773.2524,22773.2524,
8/21/2024 3:45:00 PM,01NMHC_G01,N,N,N,22411.1374,22411.1374,9634.9817,22411.1374,22411.1374,
8/21/2024 3:45:00 PM,01NMHC_G03,N,N,N,22411.1374,22411.1374,10759.2235,22411.1374,22411.1374,
8/21/2024 3:45:00 PM,01NSNMN_L01,N,N,N,22215.6398,22215.6398,9607.7723,22215.6398,22215.6398,
8/21/2024 3:45:00 PM,01NSNMN_L02,N,N,N,22244.5201,22244.5201,9607.7723,22244.5201,22244.5201,
8/21/2024 3:45:00 PM,01NSNMN_SS,N,N,N,22215.6398,22215.6398,9607.7723,22215.6398,22215.6398,
8/21/2024 3:45:00 PM,01NSNMN_T1L1,N,N,N,22228.9692,22228.9692,9607.7723,22228.9692,22228.9692,
8/21/2024 3:45:00 PM,01NWIND_G01,N,N,N,22480.0059,22480.0059,4895.6841,22480.0059,22480.0059,
8/21/2024 3:45:00 PM,01NWIND_G02,N,N,N,22480.0059,22480.0059,5677.6119,22480.0059,22480.0059,
8/21/2024 3:45:00 PM,01NWIND_L01,N,N,N,22480.0059,22480.0059,9607.7723,22480.0059,22480.0059,
8/21/2024 3:45:00 PM,01OLONG_SS,N,N,N,21962.3815,21962.3815,9607.7723,21962.3815,21962.3815,
8/21/2024 3:45:00 PM,01OLONG_T1L1,N,N,N,21986.8187,21986.8187,9607.7723,21986.8187,21986.8187,
8/21/2024 3:45:00 PM,01OLONG_T2L2,N,N,N,21986.8187,21986.8187,9607.7723,21986.8187,21986.8187,
8/21/2024 3:45:00 PM,01OLONG_T3L3,N,N,N,21986.8187,21986.8187,9607.7723,21986.8187,21986.8187,
8/21/2024 3:45:00 PM,01PAGCAP_L01,N,N,N,22435.5746,22435.5746,9607.7723,22435.5746,22435.5746,
8/21/2024 3:45:00 PM,01PAGUD_SS,N,N,N,22435.5746,22435.5746,9607.7723,22435.5746,22435.5746,
8/21/2024 3:45:00 PM,01PASQSOL_G01,N,N,N,22368.9277,22368.9277,9617.1962,22368.9277,22368.9277,
8/21/2024 3:45:00 PM,01PAVGSOL_G01,N,N,N,21495.8531,21495.8531,9096.3907,21495.8531,21495.8531,
8/21/2024 3:45:00 PM,01PETRON_G01,N,N,N,21482.5237,21482.5237,9092.9250,21482.5237,21482.5237,
8/21/2024 3:45:00 PM,01PETSOL_G01,N,N,N,22575.5332,22575.5332,11714.0875,22575.5332,22575.5332,
8/21/2024 3:45:00 PM,01PETSOL_G02,N,N,N,22575.5332,22575.5332,11023.4099,22575.5332,22575.5332,
8/21/2024 3:45:00 PM,01PNTBNG_SS,N,N,N,22773.2524,22773.2524,9607.7723,22773.2524,22773.2524,
8/21/2024 3:45:00 PM,01PNTBNG_U01,N,N,N,22773.2524,22773.2524,9476.5552,22773.2524,22773.2524,
8/21/2024 3:45:00 PM,01PNTBNG_U02,N,N,N,22773.2524,22773.2524,9476.5552,22773.2524,22773.2524,
8/21/2024 3:45:00 PM,01RASLAG_G01,N,N,N,22617.7429,22617.7429,13376.8035,22617.7429,22617.7429,
8/21/2024 3:45:00 PM,01RASLAG_G02,N,N,N,22617.7429,22617.7429,11156.8940,22617.7429,22617.7429,
8/21/2024 3:45:00 PM,01RASLAG_G03,N,N,N,22617.7429,22617.7429,12124.6894,22617.7429,22617.7429,
8/21/2024 3:45:00 PM,01SABANG_G01,N,N,N,22411.1374,22411.1374,8993.6370,22411.1374,22411.1374,
8/21/2024 3:45:00 PM,01SANMIGSOL_G01,N,N,N,22819.9052,22819.9052,9522.6516,22819.9052,22819.9052,
8/21/2024 3:45:00 PM,01SE_ABRECO,N,N,N,22537.7666,22537.7666,9607.7723,22537.7666,22537.7666,
8/21/2024 3:45:00 PM,01SLANGN_G01,N,N,N,22411.1374,22411.1374,9235.8966,22411.1374,22411.1374,
8/21/2024 3:45:00 PM,01SMBELL_G01,N,N,N,22644.4017,22644.4017,9345.6968,22644.4017,22644.4017,
8/21/2024 3:45:00 PM,01SMC_G01,N,N,N,22215.6398,22215.6398,9112.5206,22215.6398,22215.6398,
8/21/2024 3:45:00 PM,01SMC_G02,N,N,N,21433.6493,21433.6493,9416.2203,21433.6493,21433.6493,
8/21/2024 3:45:00 PM,01SMC_G03,N,N,N,21433.6493,21433.6493,8947.9204,21433.6493,21433.6493,
8/21/2024 3:45:00 PM,01SMC_G04,N,N,N,21340.3436,21340.3436,9397.0916,21340.3436,21340.3436,
8/21/2024 3:45:00 PM,01SMC_SS,N,N,N,22215.6398,22215.6398,9607.7723,22215.6398,22215.6398,
8/21/2024 3:45:00 PM,01SMC_SS2,N,N,N,21433.6493,21433.6493,9607.7723,21433.6493,21433.6493,
8/21/2024 3:45:00 PM,01SMC_SS3,N,N,N,21433.6493,21433.6493,9607.7723,21433.6493,21433.6493,
8/21/2024 3:45:00 PM,01SMC_SS4,N,N,N,21340.3436,21340.3436,9607.7723,21340.3436,21340.3436,
8/21/2024 3:45:00 PM,01SNEST_SS,N,N,N,22495.5569,22495.5569,9607.7723,22495.5569,22495.5569,
8/21/2024 3:45:00 PM,01SNEST_T3L1,N,N,N,22573.3116,22573.3116,9607.7723,22573.3116,22573.3116,
8/21/2024 3:45:00 PM,01SNEST_T3L2,N,N,N,22573.3116,22573.3116,9607.7723,22573.3116,22573.3116,
8/21/2024 3:45:00 PM,01SNJOSE_L01,N,N,N,22697.7192,22697.7192,9607.7723,22697.7192,22697.7192,
8/21/2024 3:45:00 PM,01SNJOSE_SS,N,N,N,22648.8448,22648.8448,9607.7723,22648.8448,22648.8448,
8/21/2024 3:45:00 PM,01SNJOS_CAM,N,N,N,22697.7192,22697.7192,9607.7723,22697.7192,22697.7192,
8/21/2024 3:45:00 PM,01SNJOS_T1L1,N,N,N,22635.5154,22635.5154,9607.7723,22635.5154,22635.5154,
8/21/2024 3:45:00 PM,01SNJOS_T1L2,N,N,N,22935.4265,22935.4265,9607.7723,22935.4265,22935.4265,
8/21/2024 3:45:00 PM,01SNJOS_T1L3,N,N,N,22695.4976,22695.4976,9607.7723,22695.4976,22695.4976,
8/21/2024 3:45:00 PM,01SNMAN_BAT,N,N,N,22357.8199,22357.8199,12235.4727,22357.8199,22357.8199,
8/21/2024 3:45:00 PM,01SNMAN_LYO,N,N,N,22357.8199,22357.8199,9607.7723,22357.8199,22357.8199,
8/21/2024 3:45:00 PM,01SNMAN_SS,N,N,N,22217.8614,22217.8614,9607.7723,22217.8614,22217.8614,
8/21/2024 3:45:00 PM,01SNMAN_T1L2,N,N,N,22357.8199,22357.8199,9607.7723,22357.8199,22357.8199,
8/21/2024 3:45:00 PM,01SNMARSOL_G01,N,N,N,21891.2915,21891.2915,9785.5997,21891.2915,21891.2915,
8/21/2024 3:45:00 PM,01SNMAR_SS,N,N,N,21891.2915,21891.2915,9607.7723,21891.2915,21891.2915,
8/21/2024 3:45:00 PM,01SNM_PNELC3,N,N,N,22357.8199,22357.8199,9607.7723,22357.8199,22357.8199,
8/21/2024 3:45:00 PM,01SNTGO_SS,N,N,N,22771.0308,22771.0308,9607.7723,22771.0308,22771.0308,
8/21/2024 3:45:00 PM,01SNTGO_T1L1,N,N,N,22773.2524,22773.2524,9607.7723,22773.2524,22773.2524,
8/21/2024 3:45:00 PM,01SNTGO_T1L2,N,N,N,22773.2524,22773.2524,9607.7723,22773.2524,22773.2524,
8/21/2024 3:45:00 PM,01SNTGO_T1L3,N,N,N,22773.2524,22773.2524,9607.7723,22773.2524,22773.2524,
8/21/2024 3:45:00 PM,01SNTGO_T2L1,N,N,N,22773.2524,22773.2524,9607.7723,22773.2524,22773.2524,
8/21/2024 3:45:00 PM,01SNTGO_T2L2,N,N,N,22773.2524,22773.2524,9607.7723,22773.2524,22773.2524,
8/21/2024 3:45:00 PM,01SPABUL_G01,N,N,N,22819.9052,22819.9052,11036.0955,22819.9052,22819.9052,
8/21/2024 3:45:00 PM,01SROQUE_SS,N,N,N,22177.8732,22177.8732,9607.7723,22177.8732,22177.8732,
8/21/2024 3:45:00 PM,01SROQUE_U01,N,N,N,22162.3223,22162.3223,9417.1672,22162.3223,22162.3223,
8/21/2024 3:45:00 PM,01SROQUE_U02,N,N,N,22177.8732,22177.8732,13259.5270,22177.8732,22177.8732,
8/21/2024 3:45:00 PM,01SROQUE_U03,N,N,N,22153.4360,22153.4360,6245,22153.4360,22153.4360,
8/21/2024 3:45:00 PM,01SUAL_G01,N,N,N,21573.6078,21573.6078,10139.8207,21573.6078,21573.6078,
8/21/2024 3:45:00 PM,01SUAL_G02,N,N,N,21649.1410,21649.1410,8684.0978,21649.1410,21649.1410,
8/21/2024 3:45:00 PM,01SUAL_T3L1,N,N,N,21682.4645,21682.4645,9607.7723,21682.4645,21682.4645,
8/21/2024 3:45:00 PM,01SUBIC_T3L1,N,N,N,21920.1718,21920.1718,9607.7723,21920.1718,21920.1718,
8/21/2024 3:45:00 PM,01SUBIC_T3L2,N,N,N,21920.1718,21920.1718,9607.7723,21920.1718,21920.1718,
8/21/2024 3:45:00 PM,01SUBSOL_G01,N,N,N,21920.1718,21920.1718,13698.7998,21920.1718,21920.1718,
8/21/2024 3:45:00 PM,01SUPSOL_G01,N,N,N,21904.6209,21904.6209,15306.1609,21904.6209,21904.6209,
8/21/2024 3:45:00 PM,01S_ENRO_G01,N,N,N,21920.1718,21920.1718,18653.7809,21920.1718,21920.1718,
8/21/2024 3:45:00 PM,01S_ENRO_SS,N,N,N,21920.1718,21920.1718,9607.7723,21920.1718,21920.1718,
8/21/2024 3:45:00 PM,01TERASU_G01,N,N,N,22582.1979,22582.1979,10960.0196,22582.1979,22582.1979,
8/21/2024 3:45:00 PM,01TGEGA_SS,N,N,N,23277.5474,23277.5474,9607.7723,23277.5474,23277.5474,
8/21/2024 3:45:00 PM,01TGEGA_T1L1,N,N,N,23290.8768,23290.8768,9607.7723,23290.8768,23290.8768,
8/21/2024 3:45:00 PM,01TG_CGELCO1,N,N,N,23290.8768,23290.8768,9607.7723,23290.8768,23290.8768,
8/21/2024 3:45:00 PM,01TG_CGELCO2,N,N,N,23290.8768,23290.8768,9607.7723,23290.8768,23290.8768,
8/21/2024 3:45:00 PM,01TG_ISELCO2,N,N,N,23290.8768,23290.8768,9607.7723,23290.8768,23290.8768,
8/21/2024 3:45:00 PM,01TPCBUNK_G01,N,N,N,22582.1979,22582.1979,14623.0246,22582.1979,22582.1979,
8/21/2024 3:45:00 PM,01TRASU_L01,N,N,N,22582.1979,22582.1979,9607.7723,22582.1979,22582.1979,
8/21/2024 3:45:00 PM,01TRUSTBIO_G01,N,N,N,22617.7429,22617.7429,9964.9677,22617.7429,22617.7429,
8/21/2024 3:45:00 PM,01TRUSTSOL_G01,N,N,N,22617.7429,22617.7429,12838.5602,22617.7429,22617.7429,
8/21/2024 3:45:00 PM,01T_ASIA_G01,N,N,N,22691.0545,22691.0545,19435.8041,22691.0545,22691.0545,
8/21/2024 3:45:00 PM,01T_ASI_T3L1,N,N,N,22691.0545,22691.0545,9607.7723,22691.0545,22691.0545,
8/21/2024 3:45:00 PM,01UPPC_G01,N,N,N,22617.7429,22617.7429,9468.3084,22617.7429,22617.7429,
8/21/2024 3:45:00 PM,01VSGRIP_G01,N,N,N,23184.2417,23184.2417,9662.4527,23184.2417,23184.2417,
8/21/2024 3:45:00 PM,01YHGRN_G01,N,N,N,21960.16,21960.16,10257.1174,21960.16,21960.16,
8/21/2024 3:45:00 PM,01ZAMSOL_G01,N,N,N,21986.8187,21986.8187,11098.4637,21986.8187,21986.8187,
8/21/2024 3:45:00 PM,02ARANE_T1L1,N,N,N,23133.1457,23133.1457,9607.7723,23133.1457,23133.1457,
8/21/2024 3:45:00 PM,02BALNT_T1L1,N,N,N,22962.0853,22962.0853,9607.7723,22962.0853,22962.0853,
8/21/2024 3:45:00 PM,02DOLOR_T1L1,N,N,N,23006.5166,23006.5166,9607.7723,23006.5166,23006.5166,
8/21/2024 3:45:00 PM,02ECOPRK_G01,N,N,N,22962.0853,22962.0853,11487.4946,22962.0853,22962.0853,
8/21/2024 3:45:00 PM,02ECOTAGA_G01,N,N,N,22962.0853,22962.0853,10903.7298,22962.0853,22962.0853,
8/21/2024 3:45:00 PM,02MMPP_G01,N,N,N,22962.0853,22962.0853,9605.6934,22962.0853,22962.0853,
8/21/2024 3:45:00 PM,02PACO_T1L1,N,N,N,23170.9123,23170.9123,9607.7723,23170.9123,23170.9123,
8/21/2024 3:45:00 PM,02PNGEA_G01,N,N,N,22962.0853,22962.0853,9605.6934,22962.0853,22962.0853,
8/21/2024 3:45:00 PM,02PNGYSOL_G01,N,N,N,23006.5166,23006.5166,9982.2120,23006.5166,23006.5166,
8/21/2024 3:45:00 PM,02SMNRTH_G01,N,N,N,22962.0853,22962.0853,9605.6934,22962.0853,22962.0853,
8/21/2024 3:45:00 PM,02SUCAT_T1L1,N,N,N,22899.8815,22899.8815,9607.7723,22899.8815,22899.8815,
8/21/2024 3:45:00 PM,02TMOBIL_G01,N,N,N,22962.0853,22962.0853,19694.5331,22962.0853,22962.0853,
8/21/2024 3:45:00 PM,02TMOBIL_G02,N,N,N,22962.0853,22962.0853,9605.6934,22962.0853,22962.0853,
8/21/2024 3:45:00 PM,02TMOBIL_G03,N,N,N,22962.0853,22962.0853,11616.4109,22962.0853,22962.0853,
8/21/2024 3:45:00 PM,02TMOBIL_G04,N,N,N,22962.0853,22962.0853,2305.5880,22962.0853,22962.0853,
8/21/2024 3:45:00 PM,02VALSOL_G01,N,N,N,22962.0853,22962.0853,10952.8249,22962.0853,22962.0853,
8/21/2024 3:45:00 PM,02ZAPOT_SS,N,N,N,22791.0249,22791.0249,9607.7723,22791.0249,22791.0249,
8/21/2024 3:45:00 PM,02ZAPOT_T1L1,N,N,N,22853.2287,22853.2287,9607.7723,22853.2287,22853.2287,
8/21/2024 3:45:00 PM,03ADISOL_G01,N,N,N,21862.4111,21862.4111,13538.3136,21862.4111,21862.4111,
8/21/2024 3:45:00 PM,03ALMNOS_BAT1,N,N,N,22491.1137,22491.1137,9512.9627,22491.1137,22491.1137,
8/21/2024 3:45:00 PM,03ALMNOS_BAT2,N,N,N,22491.1137,22491.1137,9512.9627,22491.1137,22491.1137,
8/21/2024 3:45:00 PM,03AMADEO_T1L1,N,N,N,22453.3472,22453.3472,9607.7723,22453.3472,22453.3472,
8/21/2024 3:45:00 PM,03AVION_SS,N,N,N,22153.4360,22153.4360,9607.7723,22153.4360,22153.4360,
8/21/2024 3:45:00 PM,03AVION_U01,N,N,N,22151.2145,22151.2145,8991.5701,22151.2145,22151.2145,
8/21/2024 3:45:00 PM,03AVION_U02,N,N,N,22151.2145,22151.2145,11654.0561,22151.2145,22151.2145,
8/21/2024 3:45:00 PM,03AWOC_G01,N,N,N,23006.5166,23006.5166,5874.3483,23006.5166,23006.5166,
8/21/2024 3:45:00 PM,03BACMAN_SS,N,N,N,22244.5201,22244.5201,9607.7723,22244.5201,22244.5201,
8/21/2024 3:45:00 PM,03BACMAN_U01,N,N,N,22215.6398,22215.6398,9283.6269,22215.6398,22215.6398,
8/21/2024 3:45:00 PM,03BACMAN_U02,N,N,N,22146.7713,22146.7713,9169.8277,22146.7713,22146.7713,
8/21/2024 3:45:00 PM,03BACMAN_U03,N,N,N,22240.0770,22240.0770,9387.67,22240.0770,22240.0770,
8/21/2024 3:45:00 PM,03BALUG_G01,N,N,N,22477.7844,22477.7844,9410.5798,22477.7844,22477.7844,
8/21/2024 3:45:00 PM,03BART_G01,N,N,N,22311.1671,22311.1671,9313.6821,22311.1671,22311.1671,
8/21/2024 3:45:00 PM,03BATAN_SS,N,N,N,22248.9633,22248.9633,9607.7723,22248.9633,22248.9633,
8/21/2024 3:45:00 PM,03BATAN_T1L2,N,N,N,22275.6220,22275.6220,9607.7723,22275.6220,22275.6220,
8/21/2024 3:45:00 PM,03BATAN_T2L2,N,N,N,22262.2927,22262.2927,9607.7723,22262.2927,22262.2927,
8/21/2024 3:45:00 PM,03BAT_BTLEC2,N,N,N,22284.5083,22284.5083,9607.7723,22284.5083,22284.5083,
8/21/2024 3:45:00 PM,03BAT_LIP01,N,N,N,22284.5083,22284.5083,9607.7723,22284.5083,22284.5083,
8/21/2024 3:45:00 PM,03BAT_LIP02,N,N,N,22284.5083,22284.5083,9607.7723,22284.5083,22284.5083,
8/21/2024 3:45:00 PM,03BAT_MECO,N,N,N,22284.5083,22284.5083,9607.7723,22284.5083,22284.5083,
8/21/2024 3:45:00 PM,03BAT_MECO1,N,N,N,22284.5083,22284.5083,9607.7723,22284.5083,22284.5083,
8/21/2024 3:45:00 PM,03BAT_MECO2,N,N,N,22284.5083,22284.5083,9607.7723,22284.5083,22284.5083,
8/21/2024 3:45:00 PM,03BAT_ROS01,N,N,N,22284.5083,22284.5083,9607.7723,22284.5083,22284.5083,
8/21/2024 3:45:00 PM,03BAT_T1L1,N,N,N,22275.6220,22275.6220,9607.7723,22275.6220,22275.6220,
8/21/2024 3:45:00 PM,03BAT_T2L1,N,N,N,22262.2927,22262.2927,9607.7723,22262.2927,22262.2927,
8/21/2024 3:45:00 PM,03BBEC_G01,N,N,N,22311.1671,22311.1671,9307.4185,22311.1671,22311.1671,
8/21/2024 3:45:00 PM,03BINAN_SS,N,N,N,22671.0604,22671.0604,9607.7723,22671.0604,22671.0604,
8/21/2024 3:45:00 PM,03BINAN_T1L1,N,N,N,22711.0486,22711.0486,9607.7723,22711.0486,22711.0486,
8/21/2024 3:45:00 PM,03BOTOCA_G01,N,N,N,22477.7844,22477.7844,10592.6492,22477.7844,22477.7844,
8/21/2024 3:45:00 PM,03BOTOCA_L01,N,N,N,22477.7844,22477.7844,9607.7723,22477.7844,22477.7844,
8/21/2024 3:45:00 PM,03BOTOCA_SS,N,N,N,22477.7844,22477.7844,9607.7723,22477.7844,22477.7844,
8/21/2024 3:45:00 PM,03CADPI_G01,N,N,N,21862.4111,21862.4111,9395.6981,21862.4111,21862.4111,
8/21/2024 3:45:00 PM,03CALACA_G01,N,N,N,21775.7701,21775.7701,8039.0346,21775.7701,21775.7701,
8/21/2024 3:45:00 PM,03CALACA_G02,N,N,N,21831.3092,21831.3092,6888.9594,21831.3092,21831.3092,
8/21/2024 3:45:00 PM,03CALAMBA_L01,N,N,N,22668.8389,22668.8389,9607.7723,22668.8389,22668.8389,
8/21/2024 3:45:00 PM,03CALAMBA_SS,N,N,N,22617.7429,22617.7429,9607.7723,22617.7429,22617.7429,
8/21/2024 3:45:00 PM,03CALAU_SS,N,N,N,22679.9467,22679.9467,9607.7723,22679.9467,22679.9467,
8/21/2024 3:45:00 PM,03CALAU_T1L1,N,N,N,22724.3780,22724.3780,9607.7723,22724.3780,22724.3780,
8/21/2024 3:45:00 PM,03CALIRY_G01,N,N,N,22477.7844,22477.7844,9495.8612,22477.7844,22477.7844,
8/21/2024 3:45:00 PM,03CALIRY_SS,N,N,N,22477.7844,22477.7844,9607.7723,22477.7844,22477.7844,
8/21/2024 3:45:00 PM,03CALIRY_SS1,N,N,N,22477.7844,22477.7844,9607.7723,22477.7844,22477.7844,
8/21/2024 3:45:00 PM,03CALIR_TAL1,N,N,N,22482.2275,22482.2275,9607.7723,22482.2275,22482.2275,
8/21/2024 3:45:00 PM,03CALI_FLECO,N,N,N,22482.2275,22482.2275,9607.7723,22482.2275,22482.2275,
8/21/2024 3:45:00 PM,03CALSOL_G01,N,N,N,21862.4111,21862.4111,13051.5356,21862.4111,21862.4111,
8/21/2024 3:45:00 PM,03CLABSOL_G01,N,N,N,22311.1671,22311.1671,9313.6821,22311.1671,22311.1671,
8/21/2024 3:45:00 PM,03CLACA_SS,N,N,N,22215.6398,22215.6398,9607.7723,22215.6398,22215.6398,
8/21/2024 3:45:00 PM,03CLA_BCNOT,N,N,N,21789.0995,21789.0995,9607.7723,21789.0995,21789.0995,
8/21/2024 3:45:00 PM,03CLA_BTLEC1,N,N,N,21862.4111,21862.4111,9607.7723,21862.4111,21862.4111,
8/21/2024 3:45:00 PM,03CLA_STLCOR,N,N,N,21862.4111,21862.4111,9607.7723,21862.4111,21862.4111,
8/21/2024 3:45:00 PM,03CLA_T1L1,N,N,N,21862.4111,21862.4111,9607.7723,21862.4111,21862.4111,
8/21/2024 3:45:00 PM,03CLBATO_G01,N,N,N,22724.3780,22724.3780,9438.5620,22724.3780,22724.3780,
8/21/2024 3:45:00 PM,03COLASI_G01,N,N,N,22575.5332,22575.5332,9502.4495,22575.5332,22575.5332,
8/21/2024 3:45:00 PM,03DARAG_SS,N,N,N,22364.4846,22364.4846,9607.7723,22364.4846,22364.4846,
8/21/2024 3:45:00 PM,03DARAG_T1L1,N,N,N,22215.6398,22215.6398,9607.7723,22215.6398,22215.6398,
8/21/2024 3:45:00 PM,03DAR_ALECO,N,N,N,22400.0296,22400.0296,9607.7723,22400.0296,22400.0296,
8/21/2024 3:45:00 PM,03DAR_SRECO2,N,N,N,22417.8021,22417.8021,9607.7723,22417.8021,22417.8021,
8/21/2024 3:45:00 PM,03DAR_STDOM,N,N,N,22400.0296,22400.0296,9607.7723,22400.0296,22400.0296,
8/21/2024 3:45:00 PM,03DASMA_L01,N,N,N,22611.0782,22611.0782,9607.7723,22611.0782,22611.0782,
8/21/2024 3:45:00 PM,03DASMA_SS,N,N,N,22517.7725,22517.7725,9607.7723,22517.7725,22517.7725,
8/21/2024 3:45:00 PM,03EERI_G01,N,N,N,22042.3578,22042.3578,9335.8845,22042.3578,22042.3578,
8/21/2024 3:45:00 PM,03EERI_G02,N,N,N,22042.3578,22042.3578,13337.5580,22042.3578,22042.3578,
8/21/2024 3:45:00 PM,03EERI_G03,N,N,N,22042.3578,22042.3578,9313.3237,22042.3578,22042.3578,
8/21/2024 3:45:00 PM,03EERI_L01,N,N,N,22042.3578,22042.3578,9607.7723,22042.3578,22042.3578,
8/21/2024 3:45:00 PM,03EERI_SS,N,N,N,22042.3578,22042.3578,9607.7723,22042.3578,22042.3578,
8/21/2024 3:45:00 PM,03GUMAC_SS,N,N,N,22604.4135,22604.4135,9607.7723,22604.4135,22604.4135,
8/21/2024 3:45:00 PM,03GUMAC_T1L1,N,N,N,22617.7429,22617.7429,9607.7723,22617.7429,22617.7429,
8/21/2024 3:45:00 PM,03GUMAC_T1L2,N,N,N,22617.7429,22617.7429,9607.7723,22617.7429,22617.7429,
8/21/2024 3:45:00 PM,03GUMAC_T1L3,N,N,N,22617.7429,22617.7429,9607.7723,22617.7429,22617.7429,
8/21/2024 3:45:00 PM,03GUMAC_T1L4,N,N,N,22617.7429,22617.7429,9607.7723,22617.7429,22617.7429,
8/21/2024 3:45:00 PM,03ILI500_SS,N,N,N,22042.3578,22042.3578,9607.7723,22042.3578,22042.3578,
8/21/2024 3:45:00 PM,03ILIJAN_G01,N,N,N,22033.4716,22033.4716,9578.0533,22033.4716,22033.4716,
8/21/2024 3:45:00 PM,03ILIJAN_G02,N,N,N,22035.6931,22035.6931,9760.9834,22035.6931,22035.6931,
8/21/2024 3:45:00 PM,03ILIJAN_SS,N,N,N,22033.4716,22033.4716,9607.7723,22033.4716,22033.4716,
8/21/2024 3:45:00 PM,03ILIJAN_SS2,N,N,N,22035.6931,22035.6931,9607.7723,22035.6931,22035.6931,
8/21/2024 3:45:00 PM,03INARI_G01,N,N,N,22311.1671,22311.1671,9067.6810,22311.1671,22311.1671,
8/21/2024 3:45:00 PM,03INGRID_GS1,N,N,N,22775.4739,22775.4739,4292.9353,22775.4739,22775.4739,
8/21/2024 3:45:00 PM,03INGRID_GS2,N,N,N,22775.4739,22775.4739,6269.5476,22775.4739,22775.4739,
8/21/2024 3:45:00 PM,03INGRID_GS3,N,N,N,22775.4739,22775.4739,2306.0434,22775.4739,22775.4739,
8/21/2024 3:45:00 PM,03INGRID_GS4,N,N,N,22775.4739,22775.4739,19573.2511,22775.4739,22775.4739,
8/21/2024 3:45:00 PM,03INGRID_GS5,N,N,N,22775.4739,22775.4739,5207.3773,22775.4739,22775.4739,
8/21/2024 3:45:00 PM,03INGRID_GS6,N,N,N,22775.4739,22775.4739,2310.2013,22775.4739,22775.4739,
8/21/2024 3:45:00 PM,03KAL_E_T1L1,N,N,N,22517.7725,22517.7725,9607.7723,22517.7725,22517.7725,
8/21/2024 3:45:00 PM,03KAL_G01,N,N,N,22515.5509,22515.5509,9535.2446,22515.5509,22515.5509,
8/21/2024 3:45:00 PM,03KAL_G02,N,N,N,22500,22500,2303.7661,22500,22500,
8/21/2024 3:45:00 PM,03KAL_G03,N,N,N,22504.4431,22504.4431,10422.9326,22504.4431,22504.4431,
8/21/2024 3:45:00 PM,03KAL_G04,N,N,N,22502.2216,22502.2216,9475.7017,22502.2216,22502.2216,
8/21/2024 3:45:00 PM,03KAL_SS,N,N,N,22515.5509,22515.5509,9607.7723,22515.5509,22515.5509,
8/21/2024 3:45:00 PM,03LABO_SS,N,N,N,22546.6528,22546.6528,9607.7723,22546.6528,22546.6528,
8/21/2024 3:45:00 PM,03LABO_T1L1,N,N,N,22575.5332,22575.5332,9607.7723,22575.5332,22575.5332,
8/21/2024 3:45:00 PM,03LABO_T1L2,N,N,N,22575.5332,22575.5332,9607.7723,22575.5332,22575.5332,
8/21/2024 3:45:00 PM,03LMHP_G01,N,N,N,21611.3744,21611.3744,9175.2673,21611.3744,21611.3744,
8/21/2024 3:45:00 PM,03LUMBAN_BAT,N,N,N,22517.7725,22517.7725,6163.9840,22517.7725,22517.7725,
8/21/2024 3:45:00 PM,03LUMBAN_BATL,N,N,N,22517.7725,22517.7725,9607.7723,22517.7725,22517.7725,
8/21/2024 3:45:00 PM,03LUMBAN_SS,N,N,N,22524.4372,22524.4372,9607.7723,22524.4372,22524.4372,
8/21/2024 3:45:00 PM,03LWERLAB_G01,N,N,N,22493.3353,22493.3353,9191.3605,22493.3353,22493.3353,
8/21/2024 3:45:00 PM,03MAJAY_G01,N,N,N,22477.7844,22477.7844,8296.8394,22477.7844,22477.7844,
8/21/2024 3:45:00 PM,03MAKBA_T3L1,N,N,N,22491.1137,22491.1137,9607.7723,22491.1137,22491.1137,
8/21/2024 3:45:00 PM,03MAKBA_T3L2,N,N,N,22215.6398,22215.6398,9607.7723,22215.6398,22215.6398,
8/21/2024 3:45:00 PM,03MALAYA_G01,N,N,N,22775.4739,22775.4739,9586.5728,22775.4739,22775.4739,
8/21/2024 3:45:00 PM,03MALAYA_G02,N,N,N,22215.6398,22215.6398,2305.8157,22215.6398,22215.6398,
8/21/2024 3:45:00 PM,03MEC_G01,N,N,N,22611.0782,22611.0782,8915.3817,22611.0782,22611.0782,
8/21/2024 3:45:00 PM,03MGI_G02,N,N,N,22724.3780,22724.3780,9606.0803,22724.3780,22724.3780,
8/21/2024 3:45:00 PM,03MGPP_G01,N,N,N,22724.3780,22724.3780,9630.0695,22724.3780,22724.3780,
8/21/2024 3:45:00 PM,03MKBNA_SS,N,N,N,22488.8922,22488.8922,9607.7723,22488.8922,22488.8922,
8/21/2024 3:45:00 PM,03MKBNB_SS,N,N,N,22482.2275,22482.2275,9607.7723,22482.2275,22482.2275,
8/21/2024 3:45:00 PM,03MKBNC_SS,N,N,N,22215.6398,22215.6398,9607.7723,22215.6398,22215.6398,
8/21/2024 3:45:00 PM,03MKBND_SS,N,N,N,22480.0059,22480.0059,9607.7723,22480.0059,22480.0059,
8/21/2024 3:45:00 PM,03MKBNE_SS,N,N,N,22491.1137,22491.1137,9607.7723,22491.1137,22491.1137,
8/21/2024 3:45:00 PM,03MKBN_A,N,N,N,22346.7121,22346.7121,9851.6683,22346.7121,22346.7121,
8/21/2024 3:45:00 PM,03MKBN_B,N,N,N,22455.5687,22455.5687,8321.6553,22455.5687,22455.5687,
8/21/2024 3:45:00 PM,03MKBN_C,N,N,N,22215.6398,22215.6398,9432.9616,22215.6398,22215.6398,
8/21/2024 3:45:00 PM,03MKBN_D,N,N,N,22466.6765,22466.6765,9780.5548,22466.6765,22466.6765,
8/21/2024 3:45:00 PM,03MKBN_E,N,N,N,22491.1137,22491.1137,9642.0369,22491.1137,22491.1137,
8/21/2024 3:45:00 PM,03MKBN_SLACE,N,N,N,22491.1137,22491.1137,9607.7723,22491.1137,22491.1137,
8/21/2024 3:45:00 PM,03MLAYA_L01,N,N,N,22775.4739,22775.4739,9607.7723,22775.4739,22775.4739,
8/21/2024 3:45:00 PM,03MLAYA_SS,N,N,N,22775.4739,22775.4739,9607.7723,22775.4739,22775.4739,
8/21/2024 3:45:00 PM,03MLAYA_SS1,N,N,N,22775.4739,22775.4739,9607.7723,22775.4739,22775.4739,
8/21/2024 3:45:00 PM,03MLAYA_T2L1,N,N,N,22775.4739,22775.4739,9607.7723,22775.4739,22775.4739,
8/21/2024 3:45:00 PM,03MLAYA_T2L2,N,N,N,22215.6398,22215.6398,9607.7723,22215.6398,22215.6398,
8/21/2024 3:45:00 PM,03NAG_CSRC2B,N,N,N,22311.1671,22311.1671,9607.7723,22311.1671,22311.1671,
8/21/2024 3:45:00 PM,03NAG_CSRCO1,N,N,N,22311.1671,22311.1671,9607.7723,22311.1671,22311.1671,
8/21/2024 3:45:00 PM,03NAG_CSRCO2,N,N,N,22311.1671,22311.1671,9607.7723,22311.1671,22311.1671,
8/21/2024 3:45:00 PM,03NAG_CSRCO3,N,N,N,22311.1671,22311.1671,9607.7723,22311.1671,22311.1671,
8/21/2024 3:45:00 PM,03NAG_CSRCO4,N,N,N,22311.1671,22311.1671,9607.7723,22311.1671,22311.1671,
8/21/2024 3:45:00 PM,03NAG_SS,N,N,N,22311.1671,22311.1671,9607.7723,22311.1671,22311.1671,
8/21/2024 3:45:00 PM,03ORMAT_G01,N,N,N,22491.1137,22491.1137,9826.2381,22491.1137,22491.1137,
8/21/2024 3:45:00 PM,03ORMAT_SS,N,N,N,22491.1137,22491.1137,9607.7723,22491.1137,22491.1137,
8/21/2024 3:45:00 PM,03PAGBIL_G01,N,N,N,21900.1777,21900.1777,9284.4003,21900.1777,21900.1777,
8/21/2024 3:45:00 PM,03PAGBIL_G02,N,N,N,21895.7346,21895.7346,10447.0642,21895.7346,21895.7346,
8/21/2024 3:45:00 PM,03PAGBIL_G03,N,N,N,21893.5130,21893.5130,10000.7864,21893.5130,21893.5130,
8/21/2024 3:45:00 PM,03PAGEHV_SS,N,N,N,22044.5794,22044.5794,9607.7723,22044.5794,22044.5794,
8/21/2024 3:45:00 PM,03PALAK_G01,N,N,N,22724.3780,22724.3780,9622.3212,22724.3780,22724.3780,
8/21/2024 3:45:00 PM,03PALAYAN_G01,N,N,N,22215.6398,22215.6398,9435.1250,22215.6398,22215.6398,
8/21/2024 3:45:00 PM,03PGBIL_SS,N,N,N,21900.1777,21900.1777,9607.7723,21900.1777,21900.1777,
8/21/2024 3:45:00 PM,03PGBIL_SS1,N,N,N,21900.1777,21900.1777,9607.7723,21900.1777,21900.1777,
8/21/2024 3:45:00 PM,03PGBIL_SS2,N,N,N,21900.1777,21900.1777,9607.7723,21900.1777,21900.1777,
8/21/2024 3:45:00 PM,03QPPL_G01,N,N,N,21611.3744,21611.3744,10406.0180,21611.3744,21611.3744,
8/21/2024 3:45:00 PM,03QPPL_SU1,N,N,N,21611.3744,21611.3744,9607.7723,21611.3744,21611.3744,
8/21/2024 3:45:00 PM,03QPPL_T5L1,N,N,N,21611.3744,21611.3744,9607.7723,21611.3744,21611.3744,
8/21/2024 3:45:00 PM,03RCBMI_G01,N,N,N,22262.2927,22262.2927,9423.5905,22262.2927,22262.2927,
8/21/2024 3:45:00 PM,03RCBMI_G02,N,N,N,22262.2927,22262.2927,19239.3256,22262.2927,22262.2927,
8/21/2024 3:45:00 PM,03SBPL_G01,N,N,N,21611.3744,21611.3744,10411.08,21611.3744,21611.3744,
8/21/2024 3:45:00 PM,03SBPL_L01,N,N,N,21611.3744,21611.3744,9607.7723,21611.3744,21611.3744,
8/21/2024 3:45:00 PM,03SLPGC_G01,N,N,N,22215.6398,22215.6398,2284.3968,22215.6398,22215.6398,
8/21/2024 3:45:00 PM,03SLPGC_G02,N,N,N,21724.6742,21724.6742,10273.7442,21724.6742,21724.6742,
8/21/2024 3:45:00 PM,03SLPGC_SS,N,N,N,21837.9739,21837.9739,9607.7723,21837.9739,21837.9739,
8/21/2024 3:45:00 PM,03SLTEC_G01,N,N,N,22215.6398,22215.6398,2270.5168,22215.6398,22215.6398,
8/21/2024 3:45:00 PM,03SLTEC_G02,N,N,N,21777.9917,21777.9917,11730.6147,21777.9917,21777.9917,
8/21/2024 3:45:00 PM,03SLTEC_SS,N,N,N,21789.0995,21789.0995,9607.7723,21789.0995,21789.0995,
8/21/2024 3:45:00 PM,03SNGAB_G01,N,N,N,22084.5675,22084.5675,11707.3517,22084.5675,22084.5675,
8/21/2024 3:45:00 PM,03SNGAB_S01,N,N,N,22084.5675,22084.5675,9607.7723,22084.5675,22084.5675,
8/21/2024 3:45:00 PM,03SOLACE_G01,N,N,N,22491.1137,22491.1137,10471.8324,22491.1137,22491.1137,
8/21/2024 3:45:00 PM,03STA-RI_G01,N,N,N,21464.7512,21464.7512,10068.9789,21464.7512,21464.7512,
8/21/2024 3:45:00 PM,03STA-RI_G02,N,N,N,22215.6398,22215.6398,2250.7039,22215.6398,22215.6398,
8/21/2024 3:45:00 PM,03STA-RI_G03,N,N,N,21555.8353,21555.8353,10042.9691,21555.8353,21555.8353,
8/21/2024 3:45:00 PM,03STA-RI_G04,N,N,N,21555.8353,21555.8353,10066.2103,21555.8353,21555.8353,
8/21/2024 3:45:00 PM,03STA-RI_G05,N,N,N,22144.5498,22144.5498,10154.9366,22144.5498,22144.5498,
8/21/2024 3:45:00 PM,03STA-RI_G06,N,N,N,22144.5498,22144.5498,10176.6669,22144.5498,22144.5498,
8/21/2024 3:45:00 PM,03STAR_SS1,N,N,N,21464.7512,21464.7512,9607.7723,21464.7512,21464.7512,
8/21/2024 3:45:00 PM,03STAR_SS2,N,N,N,22215.6398,22215.6398,9607.7723,22215.6398,22215.6398,
8/21/2024 3:45:00 PM,03STAR_SS3,N,N,N,21555.8353,21555.8353,9607.7723,21555.8353,21555.8353,
8/21/2024 3:45:00 PM,03STAR_SS4,N,N,N,21555.8353,21555.8353,9607.7723,21555.8353,21555.8353,
8/21/2024 3:45:00 PM,03STAR_SS5,N,N,N,22144.5498,22144.5498,9607.7723,22144.5498,22144.5498,
8/21/2024 3:45:00 PM,03STAR_SS6,N,N,N,22144.5498,22144.5498,9607.7723,22144.5498,22144.5498,
8/21/2024 3:45:00 PM,03STROS_T1L1,N,N,N,22706.6055,22706.6055,9607.7723,22706.6055,22706.6055,
8/21/2024 3:45:00 PM,03TAYAB_SS,N,N,N,22080.1244,22080.1244,9607.7723,22080.1244,22080.1244,
8/21/2024 3:45:00 PM,03TAYAB_T1L1,N,N,N,22093.4538,22093.4538,9607.7723,22093.4538,22093.4538,
8/21/2024 3:45:00 PM,03TAYAB_T1L2,N,N,N,22093.4538,22093.4538,9607.7723,22093.4538,22093.4538,
8/21/2024 3:45:00 PM,03TGPP_G01,N,N,N,22222.3045,22222.3045,9374.8382,22222.3045,22222.3045,
8/21/2024 3:45:00 PM,03TGPP_L01,N,N,N,22222.3045,22222.3045,9607.7723,22222.3045,22222.3045,
8/21/2024 3:45:00 PM,03TIBAG_G01,N,N,N,22493.3353,22493.3353,9535.5586,22493.3353,22493.3353,
8/21/2024 3:45:00 PM,03TIWIA_SS,N,N,N,22228.9692,22228.9692,9607.7723,22228.9692,22228.9692,
8/21/2024 3:45:00 PM,03TIWIC_L01,N,N,N,22215.6398,22215.6398,9607.7723,22215.6398,22215.6398,
8/21/2024 3:45:00 PM,03TIWIC_SS,N,N,N,22231.1908,22231.1908,9607.7723,22231.1908,22231.1908,
8/21/2024 3:45:00 PM,03TIWI_A,N,N,N,22228.9692,22228.9692,11772.4604,22228.9692,22228.9692,
8/21/2024 3:45:00 PM,03TIWI_C,N,N,N,22228.9692,22228.9692,9281.2438,22228.9692,22228.9692,
8/21/2024 3:45:00 PM,03UPLAB_G01,N,N,N,22517.7725,22517.7725,9593.4302,22517.7725,22517.7725,
8/21/2024 3:45:00 PM,04BABAT_SS,N,N,N,22757.7014,22757.7014,9607.7723,22757.7014,22757.7014,
8/21/2024 3:45:00 PM,04BABAT_T1L1,N,N,N,22777.6955,22777.6955,9607.7723,22777.6955,22777.6955,
8/21/2024 3:45:00 PM,04BAGLI_T1L1,N,N,N,22791.0249,22791.0249,9607.7723,22791.0249,22791.0249,
8/21/2024 3:45:00 PM,04BAGLI_T1L2,N,N,N,22791.0249,22791.0249,9607.7723,22791.0249,22791.0249,
8/21/2024 3:45:00 PM,04BILGPP_G01,N,N,N,21653.5841,21653.5841,9867.9167,21653.5841,21653.5841,
8/21/2024 3:45:00 PM,04CLBYBNK_G01,N,N,N,23495.2607,23495.2607,21363.6273,23495.2607,23495.2607,
8/21/2024 3:45:00 PM,04CLBYOG_L02,N,N,N,23495.2607,23495.2607,9607.7723,23495.2607,23495.2607,
8/21/2024 3:45:00 PM,04CLBYOG_SS,N,N,N,23481.9313,23481.9313,9607.7723,23481.9313,23481.9313,
8/21/2024 3:45:00 PM,04IASMOD_G01,N,N,N,21715.7879,21715.7879,9924.5183,21715.7879,21715.7879,
8/21/2024 3:45:00 PM,04IASMOD_G02,N,N,N,21715.7879,21715.7879,6909.6455,21715.7879,21715.7879,
8/21/2024 3:45:00 PM,04IASMOD_G03,N,N,N,21715.7879,21715.7879,9808.2772,21715.7879,21715.7879,
8/21/2024 3:45:00 PM,04IASMOD_G04,N,N,N,21715.7879,21715.7879,10305.6040,21715.7879,21715.7879,
8/21/2024 3:45:00 PM,04IASMOD_G05,N,N,N,21715.7879,21715.7879,10084.9216,21715.7879,21715.7879,
8/21/2024 3:45:00 PM,04IASMOD_G06,N,N,N,21715.7879,21715.7879,13413.0189,21715.7879,21715.7879,
8/21/2024 3:45:00 PM,04ISABE_SS,N,N,N,21715.7879,21715.7879,9607.7723,21715.7879,21715.7879,
8/21/2024 3:45:00 PM,04ISABE_T1L1,N,N,N,21715.7879,21715.7879,9607.7723,21715.7879,21715.7879,
8/21/2024 3:45:00 PM,04ISABE_T2L1,N,N,N,21715.7879,21715.7879,9607.7723,21715.7879,21715.7879,
8/21/2024 3:45:00 PM,04ISABE_T3L1,N,N,N,21715.7879,21715.7879,9607.7723,21715.7879,21715.7879,
8/21/2024 3:45:00 PM,04ISABE_T4L2,N,N,N,21715.7879,21715.7879,9607.7723,21715.7879,21715.7879,
8/21/2024 3:45:00 PM,04ISABE_T5L2,N,N,N,21715.7879,21715.7879,9607.7723,21715.7879,21715.7879,
8/21/2024 3:45:00 PM,04LEYTE_A,N,N,N,21651.3626,21651.3626,10089.2954,21651.3626,21651.3626,
8/21/2024 3:45:00 PM,04LEYTE_S01,N,N,N,21651.3626,21651.3626,9607.7723,21651.3626,21651.3626,
8/21/2024 3:45:00 PM,04LGPP_G01,N,N,N,21558.0569,21558.0569,9217.1048,21558.0569,21558.0569,
8/21/2024 3:45:00 PM,04MAASI_SS,N,N,N,22153.4360,22153.4360,9607.7723,22153.4360,22153.4360,
8/21/2024 3:45:00 PM,04MAASI_T1L1,N,N,N,22164.5438,22164.5438,9607.7723,22164.5438,22164.5438,
8/21/2024 3:45:00 PM,04MAASI_T2L2,N,N,N,22164.5438,22164.5438,9607.7723,22164.5438,22164.5438,
8/21/2024 3:45:00 PM,04ORMOC_BAT,N,N,N,21653.5841,21653.5841,9833.8403,21653.5841,21653.5841,
8/21/2024 3:45:00 PM,04ORMOC_SS,N,N,N,21655.8057,21655.8057,9607.7723,21655.8057,21655.8057,
8/21/2024 3:45:00 PM,04ORMOC_T2L1,N,N,N,21653.5841,21653.5841,9607.7723,21653.5841,21653.5841,
8/21/2024 3:45:00 PM,04ORMOC_T2L2,N,N,N,21653.5841,21653.5841,9607.7723,21653.5841,21653.5841,
8/21/2024 3:45:00 PM,04PARA_SS,N,N,N,23224.2299,23224.2299,9607.7723,23224.2299,23224.2299,
8/21/2024 3:45:00 PM,04PHSOL_G01,N,N,N,21653.5841,21653.5841,8316.4535,21653.5841,21653.5841,
8/21/2024 3:45:00 PM,04SEPSOL_G01,N,N,N,21653.5841,21653.5841,11859.9126,21653.5841,21653.5841,
8/21/2024 3:45:00 PM,04SNAGU_L01,N,N,N,23495.2607,23495.2607,9607.7723,23495.2607,23495.2607,
8/21/2024 3:45:00 PM,04STAR_SS,N,N,N,22786.5818,22786.5818,9607.7723,22786.5818,22786.5818,
8/21/2024 3:45:00 PM,04TABAN_SS,N,N,N,21782.4348,21782.4348,9607.7723,21782.4348,21782.4348,
8/21/2024 3:45:00 PM,04TABAN_T1L1,N,N,N,22215.6398,22215.6398,9607.7723,22215.6398,22215.6398,
8/21/2024 3:45:00 PM,04TAFT_G01,N,N,N,23921.8009,23921.8009,11169.2639,23921.8009,23921.8009,
8/21/2024 3:45:00 PM,04TONGO_T2L2,N,N,N,21562.50,21562.50,9607.7723,21562.50,21562.50,
8/21/2024 3:45:00 PM,04UTH_G01,N,N,N,23817.3874,23817.3874,9882.2803,23817.3874,23817.3874,
8/21/2024 3:45:00 PM,04WRIGH_T1L1,N,N,N,23228.6730,23228.6730,9607.7723,23228.6730,23228.6730,
8/21/2024 3:45:00 PM,04WRIGH_T2L2,N,N,N,23921.8009,23921.8009,9607.7723,23921.8009,23921.8009,
8/21/2024 3:45:00 PM,05BANIL_T1L1,N,N,N,22408.9159,22408.9159,9607.7723,22408.9159,22408.9159,
8/21/2024 3:45:00 PM,05BANIL_T1L2,N,N,N,22402.2512,22402.2512,9607.7723,22402.2512,22402.2512,
8/21/2024 3:45:00 PM,05BANIL_T1L3,N,N,N,22402.2512,22402.2512,9607.7723,22402.2512,22402.2512,
8/21/2024 3:45:00 PM,05CALUNG_CEP,N,N,N,22042.3578,22042.3578,9607.7723,22042.3578,22042.3578,
8/21/2024 3:45:00 PM,05CARMENDPP_U01,N,N,N,22106.7832,22106.7832,9773.8224,22106.7832,22106.7832,
8/21/2024 3:45:00 PM,05CARMENDPP_U02,N,N,N,22106.7832,22106.7832,9773.8224,22106.7832,22106.7832,
8/21/2024 3:45:00 PM,05CARMENDPP_U03,N,N,N,22106.7832,22106.7832,9773.8224,22106.7832,22106.7832,
8/21/2024 3:45:00 PM,05CARMENDPP_U04,N,N,N,22106.7832,22106.7832,9773.8224,22106.7832,22106.7832,
8/21/2024 3:45:00 PM,05CDPPI_SS1,N,N,N,22213.4182,22213.4182,9607.7723,22213.4182,22213.4182,
8/21/2024 3:45:00 PM,05CDPPI_SS2,N,N,N,22211.1967,22211.1967,9607.7723,22211.1967,22211.1967,
8/21/2024 3:45:00 PM,05CEBU_SS,N,N,N,22315.6102,22315.6102,9607.7723,22315.6102,22315.6102,
8/21/2024 3:45:00 PM,05CEDC_SS,N,N,N,22009.0344,22009.0344,9607.7723,22009.0344,22009.0344,
8/21/2024 3:45:00 PM,05CEDC_U01,N,N,N,22004.5912,22004.5912,9727.3243,22004.5912,22004.5912,
8/21/2024 3:45:00 PM,05CEDC_U02,N,N,N,22004.5912,22004.5912,9726.0655,22004.5912,22004.5912,
8/21/2024 3:45:00 PM,05CEDC_U03,N,N,N,22004.5912,22004.5912,9717.0338,22004.5912,22004.5912,
8/21/2024 3:45:00 PM,05CEMEX_L01,N,N,N,22215.6398,22215.6398,9607.7723,22215.6398,22215.6398,
8/21/2024 3:45:00 PM,05COLON_L01,N,N,N,22217.8614,22217.8614,9607.7723,22217.8614,22217.8614,
8/21/2024 3:45:00 PM,05COMPS_SS,N,N,N,22288.9514,22288.9514,9607.7723,22288.9514,22288.9514,
8/21/2024 3:45:00 PM,05COMPS_T1L1,N,N,N,22335.6043,22335.6043,9607.7723,22335.6043,22335.6043,
8/21/2024 3:45:00 PM,05COMPS_T2L2,N,N,N,22335.6043,22335.6043,9607.7723,22335.6043,22335.6043,
8/21/2024 3:45:00 PM,05CPPC_U01,N,N,N,22380.0355,22380.0355,12814.1190,22380.0355,22380.0355,
8/21/2024 3:45:00 PM,05CPPC_U02,N,N,N,22380.0355,22380.0355,12790.1574,22380.0355,22380.0355,
8/21/2024 3:45:00 PM,05CPPC_U03,N,N,N,22380.0355,22380.0355,12495.6083,22380.0355,22380.0355,
8/21/2024 3:45:00 PM,05CPPC_U04,N,N,N,22380.0355,22380.0355,12545.0038,22380.0355,22380.0355,
8/21/2024 3:45:00 PM,05CPPC_U05,N,N,N,22380.0355,22380.0355,12520.8184,22380.0355,22380.0355,
8/21/2024 3:45:00 PM,05CPPC_U06,N,N,N,22380.0355,22380.0355,12531.6746,22380.0355,22380.0355,
8/21/2024 3:45:00 PM,05CPPC_U07,N,N,N,22380.0355,22380.0355,6245,22380.0355,22380.0355,
8/21/2024 3:45:00 PM,05CPPC_U08,N,N,N,22380.0355,22380.0355,12533.3975,22380.0355,22380.0355,
8/21/2024 3:45:00 PM,05CPPC_U09,N,N,N,22380.0355,22380.0355,12541.3556,22380.0355,22380.0355,
8/21/2024 3:45:00 PM,05CPPC_U10,N,N,N,22380.0355,22380.0355,12869.0912,22380.0355,22380.0355,
8/21/2024 3:45:00 PM,05DAANB_SS,N,N,N,21977.9325,21977.9325,9607.7723,21977.9325,21977.9325,
8/21/2024 3:45:00 PM,05DMAN_SS,N,N,N,22022.3637,22022.3637,9607.7723,22022.3637,22022.3637,
8/21/2024 3:45:00 PM,05DMA_L01,N,N,N,22002.3697,22002.3697,9607.7723,22002.3697,22002.3697,
8/21/2024 3:45:00 PM,05EAUC_U01,N,N,N,22597.7488,22597.7488,9953.0285,22597.7488,22597.7488,
8/21/2024 3:45:00 PM,05EAUC_U02,N,N,N,22597.7488,22597.7488,19747.0571,22597.7488,22597.7488,
8/21/2024 3:45:00 PM,05EAUC_U03,N,N,N,22597.7488,22597.7488,9970.9985,22597.7488,22597.7488,
8/21/2024 3:45:00 PM,05EAUC_U04,N,N,N,22597.7488,22597.7488,11977.3464,22597.7488,22597.7488,
8/21/2024 3:45:00 PM,05KSPC_G01,N,N,N,22197.8673,22197.8673,5047.8090,22197.8673,22197.8673,
8/21/2024 3:45:00 PM,05KSPC_G02,N,N,N,22197.8673,22197.8673,9809.3588,22197.8673,22197.8673,
8/21/2024 3:45:00 PM,05KSPC_SS1,N,N,N,22197.8673,22197.8673,9607.7723,22197.8673,22197.8673,
8/21/2024 3:45:00 PM,05KSPC_SS2,N,N,N,22197.8673,22197.8673,9607.7723,22197.8673,22197.8673,
8/21/2024 3:45:00 PM,05LAPU_SS,N,N,N,22568.8685,22568.8685,9607.7723,22568.8685,22568.8685,
8/21/2024 3:45:00 PM,05MCTAN_T1L1,N,N,N,22597.7488,22597.7488,9607.7723,22597.7488,22597.7488,
8/21/2024 3:45:00 PM,05MNDUE_SS,N,N,N,22542.2097,22542.2097,9607.7723,22542.2097,22542.2097,
8/21/2024 3:45:00 PM,05MNDUE_T1L1,N,N,N,22571.09,22571.09,9607.7723,22571.09,22571.09,
8/21/2024 3:45:00 PM,05MNDUE_T1L2,N,N,N,22571.09,22571.09,9607.7723,22571.09,22571.09,
8/21/2024 3:45:00 PM,05MNDUE_T1L4,N,N,N,22571.09,22571.09,9607.7723,22571.09,22571.09,
8/21/2024 3:45:00 PM,05MNDUE_T1L5,N,N,N,22571.09,22571.09,9607.7723,22571.09,22571.09,
8/21/2024 3:45:00 PM,05NAGA_T1L1,N,N,N,22215.6398,22215.6398,9607.7723,22215.6398,22215.6398,
8/21/2024 3:45:00 PM,05NAGA_T2L2,N,N,N,22215.6398,22215.6398,9607.7723,22215.6398,22215.6398,
8/21/2024 3:45:00 PM,05NAGLES_L01,N,N,N,22242.2986,22242.2986,9607.7723,22242.2986,22242.2986,
8/21/2024 3:45:00 PM,05NNAGVE_L01,N,N,N,22215.6398,22215.6398,9607.7723,22215.6398,22215.6398,
8/21/2024 3:45:00 PM,05NNAGVE_L02,N,N,N,22215.6398,22215.6398,9607.7723,22215.6398,22215.6398,
8/21/2024 3:45:00 PM,05QUIOT_T1L1,N,N,N,22380.0355,22380.0355,9607.7723,22380.0355,22380.0355,
8/21/2024 3:45:00 PM,05SAMB_L01,N,N,N,21915.7287,21915.7287,9607.7723,21915.7287,21915.7287,
8/21/2024 3:45:00 PM,05SAMB_L02,N,N,N,22215.6398,22215.6398,9607.7723,22215.6398,22215.6398,
8/21/2024 3:45:00 PM,05SAMB_SS,N,N,N,21915.7287,21915.7287,9607.7723,21915.7287,21915.7287,
8/21/2024 3:45:00 PM,05TALATR1_SS,N,N,N,22042.3578,22042.3578,9607.7723,22042.3578,22042.3578,
8/21/2024 3:45:00 PM,05TALAV_SS,N,N,N,22040.1363,22040.1363,9607.7723,22040.1363,22040.1363,
8/21/2024 3:45:00 PM,05TALAV_T1L1,N,N,N,22042.3578,22042.3578,9607.7723,22042.3578,22042.3578,
8/21/2024 3:45:00 PM,05TALIS_T1L1,N,N,N,22215.6398,22215.6398,9607.7723,22215.6398,22215.6398,
8/21/2024 3:45:00 PM,05THVI_SS1,N,N,N,22115.6694,22115.6694,9607.7723,22115.6694,22115.6694,
8/21/2024 3:45:00 PM,05THVI_SS2,N,N,N,22124.5557,22124.5557,9607.7723,22124.5557,22124.5557,
8/21/2024 3:45:00 PM,05THVI_U01,N,N,N,22115.6694,22115.6694,9922.3173,22115.6694,22115.6694,
8/21/2024 3:45:00 PM,05THVI_U02,N,N,N,22215.6398,22215.6398,9907.4332,22215.6398,22215.6398,
8/21/2024 3:45:00 PM,05TOLEDO_BAT,N,N,N,22042.3578,22042.3578,9742.4951,22042.3578,22042.3578,
8/21/2024 3:45:00 PM,05TOLSOL_G01,N,N,N,22042.3578,22042.3578,7645.8380,22042.3578,22042.3578,
8/21/2024 3:45:00 PM,05TOL_CARMEN,N,N,N,22106.7832,22106.7832,9607.7723,22106.7832,22106.7832,
8/21/2024 3:45:00 PM,05TPC_G01,N,N,N,22106.7832,22106.7832,9773.8224,22106.7832,22106.7832,
8/21/2024 3:45:00 PM,05TPC_G02,N,N,N,22106.7832,22106.7832,9459.9204,22106.7832,22106.7832,
8/21/2024 3:45:00 PM,05TPC_L01,N,N,N,22106.7832,22106.7832,9607.7723,22106.7832,22106.7832,
8/21/2024 3:45:00 PM,05TPC_S01,N,N,N,22106.7832,22106.7832,9607.7723,22106.7832,22106.7832,
8/21/2024 3:45:00 PM,05TPC_S02,N,N,N,22106.7832,22106.7832,9607.7723,22106.7832,22106.7832,
8/21/2024 3:45:00 PM,05TPVI_U01,N,N,N,22213.4182,22213.4182,19447.4761,22213.4182,22213.4182,
8/21/2024 3:45:00 PM,05TPVI_U02,N,N,N,22213.4182,22213.4182,19447.4761,22213.4182,22213.4182,
8/21/2024 3:45:00 PM,05TPVI_U03,N,N,N,22211.1967,22211.1967,19447.4761,22211.1967,22211.1967,
8/21/2024 3:45:00 PM,05TPVI_U04,N,N,N,22211.1967,22211.1967,19447.4761,22211.1967,22211.1967,
8/21/2024 3:45:00 PM,05TPVI_U05,N,N,N,22211.1967,22211.1967,16504.1841,22211.1967,22211.1967,
8/21/2024 3:45:00 PM,05TPVI_U06,N,N,N,22213.4182,22213.4182,19447.4761,22213.4182,22213.4182,
8/21/2024 3:45:00 PM,06AMLAN_SS,N,N,N,21864.6327,21864.6327,9607.7723,21864.6327,21864.6327,
8/21/2024 3:45:00 PM,06AMLAN_T1L1,N,N,N,21869.0758,21869.0758,9607.7723,21869.0758,21869.0758,
8/21/2024 3:45:00 PM,06AMLAN_T2L2,N,N,N,21869.0758,21869.0758,9607.7723,21869.0758,21869.0758,
8/21/2024 3:45:00 PM,06AMLA_G01,N,N,N,21869.0758,21869.0758,9598.3677,21869.0758,21869.0758,
8/21/2024 3:45:00 PM,06BACOL_SS,N,N,N,22480.0059,22480.0059,9607.7723,22480.0059,22480.0059,
8/21/2024 3:45:00 PM,06BACOL_T1L1,N,N,N,22480.0059,22480.0059,9607.7723,22480.0059,22480.0059,
8/21/2024 3:45:00 PM,06BACOL_T1L2,N,N,N,22480.0059,22480.0059,9607.7723,22480.0059,22480.0059,
8/21/2024 3:45:00 PM,06BACOL_T2L2,N,N,N,22480.0059,22480.0059,9607.7723,22480.0059,22480.0059,
8/21/2024 3:45:00 PM,06BACOL_T3L3,N,N,N,22480.0059,22480.0059,9607.7723,22480.0059,22480.0059,
8/21/2024 3:45:00 PM,06BBGPP_G01,N,N,N,22453.3472,22453.3472,9933.8753,22453.3472,22453.3472,
8/21/2024 3:45:00 PM,06BBGPP_L01,N,N,N,22453.3472,22453.3472,9607.7723,22453.3472,22453.3472,
8/21/2024 3:45:00 PM,06BCLBAS_LD1,N,N,N,22480.0059,22480.0059,9607.7723,22480.0059,22480.0059,
8/21/2024 3:45:00 PM,06BCL_SS,N,N,N,22453.3472,22453.3472,9607.7723,22453.3472,22453.3472,
8/21/2024 3:45:00 PM,06BISCOM_G01,N,N,N,22380.0355,22380.0355,9856.62,22380.0355,22380.0355,
8/21/2024 3:45:00 PM,06CABI_G01,N,N,N,21869.0758,21869.0758,9598.3677,21869.0758,21869.0758,
8/21/2024 3:45:00 PM,06CADIZL_SS,N,N,N,22240.0770,22240.0770,9607.7723,22240.0770,22240.0770,
8/21/2024 3:45:00 PM,06CADIZL_T1L1,N,N,N,22240.0770,22240.0770,9607.7723,22240.0770,22240.0770,
8/21/2024 3:45:00 PM,06CADIZL_T1L2,N,N,N,22240.0770,22240.0770,9607.7723,22240.0770,22240.0770,
8/21/2024 3:45:00 PM,06CADIZL_T1L3,N,N,N,22240.0770,22240.0770,9607.7723,22240.0770,22240.0770,
8/21/2024 3:45:00 PM,06CADIZL_T1L4,N,N,N,22240.0770,22240.0770,9607.7723,22240.0770,22240.0770,
8/21/2024 3:45:00 PM,06CARSOL_G01,N,N,N,22480.0059,22480.0059,9501.5597,22480.0059,22480.0059,
8/21/2024 3:45:00 PM,06CAY_SS,N,N,N,22195.6457,22195.6457,9607.7723,22195.6457,22195.6457,
8/21/2024 3:45:00 PM,06CENPRI_U01,N,N,N,22480.0059,22480.0059,9932.9011,22480.0059,22480.0059,
8/21/2024 3:45:00 PM,06CENPRI_U02,N,N,N,22480.0059,22480.0059,9932.9011,22480.0059,22480.0059,
8/21/2024 3:45:00 PM,06CENPRI_U03,N,N,N,22480.0059,22480.0059,9932.9011,22480.0059,22480.0059,
8/21/2024 3:45:00 PM,06CENPRI_U04,N,N,N,22480.0059,22480.0059,9932.9011,22480.0059,22480.0059,
8/21/2024 3:45:00 PM,06CENPRI_U05,N,N,N,22480.0059,22480.0059,9932.9011,22480.0059,22480.0059,
8/21/2024 3:45:00 PM,06CLTRAVA_SS,N,N,N,22197.8673,22197.8673,9607.7723,22197.8673,22197.8673,
8/21/2024 3:45:00 PM,06FFHC_G01,N,N,N,22240.0770,22240.0770,9865.5948,22240.0770,22240.0770,
8/21/2024 3:45:00 PM,06GAHIT_SS,N,N,N,22380.0355,22380.0355,9607.7723,22380.0355,22380.0355,
8/21/2024 3:45:00 PM,06HELIOS_G01,N,N,N,22228.9692,22228.9692,8500.1203,22228.9692,22228.9692,
8/21/2024 3:45:00 PM,06HELIOS_S01,N,N,N,22228.9692,22228.9692,9607.7723,22228.9692,22228.9692,
8/21/2024 3:45:00 PM,06HPCO_G01,N,N,N,22215.6398,22215.6398,9826.2626,22215.6398,22215.6398,
8/21/2024 3:45:00 PM,06HPCO_G02,N,N,N,22215.6398,22215.6398,9826.2626,22215.6398,22215.6398,
8/21/2024 3:45:00 PM,06KABAN_BAT,N,N,N,22408.9159,22408.9159,9865.6152,22408.9159,22408.9159,
8/21/2024 3:45:00 PM,06KABAN_L01,N,N,N,22408.9159,22408.9159,9607.7723,22408.9159,22408.9159,
8/21/2024 3:45:00 PM,06KABAN_SS,N,N,N,22408.9159,22408.9159,9607.7723,22408.9159,22408.9159,
8/21/2024 3:45:00 PM,06KABAN_T1L1,N,N,N,22380.0355,22380.0355,9607.7723,22380.0355,22380.0355,
8/21/2024 3:45:00 PM,06KABAN_T2L2,N,N,N,22380.0355,22380.0355,9607.7723,22380.0355,22380.0355,
8/21/2024 3:45:00 PM,06MABIN_SS,N,N,N,22120.1126,22120.1126,9607.7723,22120.1126,22120.1126,
8/21/2024 3:45:00 PM,06MABIN_T1L1,N,N,N,22115.6694,22115.6694,9607.7723,22115.6694,22115.6694,
8/21/2024 3:45:00 PM,06MABIN_T2L2,N,N,N,22115.6694,22115.6694,9607.7723,22115.6694,22115.6694,
8/21/2024 3:45:00 PM,06MANSOL_G01,N,N,N,22240.0770,22240.0770,8410.5593,22240.0770,22240.0770,
8/21/2024 3:45:00 PM,06MNTSOL_G01,N,N,N,21869.0758,21869.0758,8470.5005,21869.0758,21869.0758,
8/21/2024 3:45:00 PM,06NASULO_G01,N,N,N,21651.3626,21651.3626,9486.1436,21651.3626,21651.3626,
8/21/2024 3:45:00 PM,06NTNEGB_G01,N,N,N,22215.6398,22215.6398,9826.2626,22215.6398,22215.6398,
8/21/2024 3:45:00 PM,06PAL1A_G01,N,N,N,21731.3389,21731.3389,9491.5760,21731.3389,21731.3389,
8/21/2024 3:45:00 PM,06PAL1A_SS,N,N,N,21733.5604,21733.5604,9607.7723,21733.5604,21733.5604,
8/21/2024 3:45:00 PM,06PAL2A_U01,N,N,N,21653.5841,21653.5841,9461.3465,21653.5841,21653.5841,
8/21/2024 3:45:00 PM,06PAL2A_U02,N,N,N,21651.3626,21651.3626,9510.6281,21651.3626,21651.3626,
8/21/2024 3:45:00 PM,06PAL2A_U03,N,N,N,21651.3626,21651.3626,11344.1328,21651.3626,21651.3626,
8/21/2024 3:45:00 PM,06PAL2A_U04,N,N,N,22215.6398,22215.6398,8580.8409,22215.6398,22215.6398,
8/21/2024 3:45:00 PM,06PGPP2_SS,N,N,N,21653.5841,21653.5841,9607.7723,21653.5841,21653.5841,
8/21/2024 3:45:00 PM,06SACASL_G01,N,N,N,22160.1007,22160.1007,11313.8028,22160.1007,22160.1007,
8/21/2024 3:45:00 PM,06SACASL_G02,N,N,N,22160.1007,22160.1007,9793.88,22160.1007,22160.1007,
8/21/2024 3:45:00 PM,06SACSUN_G01,N,N,N,22215.6398,22215.6398,9545.0562,22215.6398,22215.6398,
8/21/2024 3:45:00 PM,06SCBE_G01,N,N,N,22240.0770,22240.0770,9865.5948,22240.0770,22240.0770,
8/21/2024 3:45:00 PM,06SCBIOP_G01,N,N,N,22215.6398,22215.6398,9826.2626,22215.6398,22215.6398,
8/21/2024 3:45:00 PM,06SLYSOL_G01,N,N,N,22480.0059,22480.0059,8451.1710,22480.0059,22480.0059,
8/21/2024 3:45:00 PM,06SNCARLOS_SS,N,N,N,22164.5438,22164.5438,9607.7723,22164.5438,22164.5438,
8/21/2024 3:45:00 PM,06STNEGB_G01,N,N,N,22215.6398,22215.6398,9826.2626,22215.6398,22215.6398,
8/21/2024 3:45:00 PM,06URC_G01,N,N,N,22115.6694,22115.6694,9718.5482,22115.6694,22115.6694,
8/21/2024 3:45:00 PM,06VMC_G01,N,N,N,22215.6398,22215.6398,9826.2626,22215.6398,22215.6398,
8/21/2024 3:45:00 PM,06VMC_G02,N,N,N,22480.0059,22480.0059,9932.9011,22480.0059,22480.0059,
8/21/2024 3:45:00 PM,07BDPP_U01,N,N,N,22177.8732,22177.8732,23629.7008,22177.8732,22177.8732,
8/21/2024 3:45:00 PM,07BDPP_U02,N,N,N,22177.8732,22177.8732,23841.9689,22177.8732,22177.8732,
8/21/2024 3:45:00 PM,07BDPP_U03,N,N,N,22177.8732,22177.8732,24863.2781,22177.8732,22177.8732,
8/21/2024 3:45:00 PM,07BDPP_U04,N,N,N,22177.8732,22177.8732,23104,22177.8732,22177.8732,
8/21/2024 3:45:00 PM,07BOHOL_T1L1,N,N,N,22404.4727,22404.4727,9607.7723,22404.4727,22404.4727,
8/21/2024 3:45:00 PM,07BOHOL_T4L4,N,N,N,22404.4727,22404.4727,9607.7723,22404.4727,22404.4727,
8/21/2024 3:45:00 PM,07COREL_T1L1,N,N,N,22177.8732,22177.8732,9607.7723,22177.8732,22177.8732,
8/21/2024 3:45:00 PM,07COREL_T1L2,N,N,N,22177.8732,22177.8732,9607.7723,22177.8732,22177.8732,
8/21/2024 3:45:00 PM,07COREL_T1L3,N,N,N,22177.8732,22177.8732,9607.7723,22177.8732,22177.8732,
8/21/2024 3:45:00 PM,07CRA_SS,N,N,N,22215.6398,22215.6398,9607.7723,22215.6398,22215.6398,
8/21/2024 3:45:00 PM,07JANOPO_G01,N,N,N,22177.8732,22177.8732,19258.3195,22177.8732,22177.8732,
8/21/2024 3:45:00 PM,07LOBOC_G01,N,N,N,22177.8732,22177.8732,19199.1677,22177.8732,22177.8732,
8/21/2024 3:45:00 PM,07LOBOC_G02,N,N,N,22177.8732,22177.8732,19050.1318,22177.8732,22177.8732,
8/21/2024 3:45:00 PM,07SEVILL_G01,N,N,N,22177.8732,22177.8732,19118.8724,22177.8732,22177.8732,
8/21/2024 3:45:00 PM,07TPLPB4_U01,N,N,N,22284.5083,22284.5083,22848.3164,22284.5083,22284.5083,
8/21/2024 3:45:00 PM,07TPLPB4_U02,N,N,N,22284.5083,22284.5083,22974.7130,22284.5083,22284.5083,
8/21/2024 3:45:00 PM,07TPLPB4_U03,N,N,N,22284.5083,22284.5083,18624.9462,22284.5083,22284.5083,
8/21/2024 3:45:00 PM,07TPLPB4_U04,N,N,N,22284.5083,22284.5083,22684.8115,22284.5083,22284.5083,
8/21/2024 3:45:00 PM,07UBAY_BAT,N,N,N,22404.4727,22404.4727,18636.6533,22404.4727,22404.4727,
8/21/2024 3:45:00 PM,07UBAY_T1L1,N,N,N,22404.4727,22404.4727,9607.7723,22404.4727,22404.4727,
8/21/2024 3:45:00 PM,07UBAY_T2L2,N,N,N,22404.4727,22404.4727,9607.7723,22404.4727,22404.4727,
8/21/2024 3:45:00 PM,07UBAY_T3L3,N,N,N,22284.5083,22284.5083,9607.7723,22284.5083,22284.5083,
8/21/2024 3:45:00 PM,08BANTAP_L01,N,N,N,23453.0509,23453.0509,9607.7723,23453.0509,23453.0509,
8/21/2024 3:45:00 PM,08BARO_SS,N,N,N,22400.0296,22400.0296,9607.7723,22400.0296,22400.0296,
8/21/2024 3:45:00 PM,08BARTAC_L01,N,N,N,22215.6398,22215.6398,9607.7723,22215.6398,22215.6398,
8/21/2024 3:45:00 PM,08BARTAC_SS,N,N,N,22400.0296,22400.0296,9607.7723,22400.0296,22400.0296,
8/21/2024 3:45:00 PM,08BVISTA_L01,N,N,N,23501.9254,23501.9254,9607.7723,23501.9254,23501.9254,
8/21/2024 3:45:00 PM,08BVISTA_L02,N,N,N,23501.9254,23501.9254,9607.7723,23501.9254,23501.9254,
8/21/2024 3:45:00 PM,08CASA_G01,N,N,N,22844.3424,22844.3424,10034.0917,22844.3424,22844.3424,
8/21/2024 3:45:00 PM,08CASA_G02,N,N,N,22844.3424,22844.3424,10034.0917,22844.3424,22844.3424,
8/21/2024 3:45:00 PM,08CONCP_T1L1,N,N,N,22193.4242,22193.4242,9607.7723,22193.4242,22193.4242,
8/21/2024 3:45:00 PM,08COSMO_G01,N,N,N,23002.0735,23002.0735,10056.7856,23002.0735,23002.0735,
8/21/2024 3:45:00 PM,08DINGL_SS,N,N,N,22842.1209,22842.1209,9607.7723,22842.1209,22842.1209,
8/21/2024 3:45:00 PM,08DINGL_T1L1,N,N,N,22844.3424,22844.3424,9607.7723,22844.3424,22844.3424,
8/21/2024 3:45:00 PM,08DINGL_T1L2,N,N,N,22844.3424,22844.3424,9607.7723,22844.3424,22844.3424,
8/21/2024 3:45:00 PM,08DINGL_T1L3,N,N,N,22848.7855,22848.7855,9607.7723,22848.7855,22848.7855,
8/21/2024 3:45:00 PM,08DINGL_T1L4,N,N,N,22848.7855,22848.7855,9607.7723,22848.7855,22848.7855,
8/21/2024 3:45:00 PM,08DINGL_T2L1,N,N,N,22842.1209,22842.1209,9607.7723,22842.1209,22842.1209,
8/21/2024 3:45:00 PM,08DINGL_T2L2,N,N,N,22842.1209,22842.1209,9607.7723,22842.1209,22842.1209,
8/21/2024 3:45:00 PM,08GLOBAL_G01,N,N,N,24148.4005,24148.4005,10412.2325,24148.4005,24148.4005,
8/21/2024 3:45:00 PM,08NABASDPP_U01,N,N,N,24148.4005,24148.4005,10412.2325,24148.4005,24148.4005,
8/21/2024 3:45:00 PM,08NABASDPP_U02,N,N,N,24148.4005,24148.4005,10412.2325,24148.4005,24148.4005,
8/21/2024 3:45:00 PM,08NABAS_L01,N,N,N,24148.4005,24148.4005,9607.7723,24148.4005,24148.4005,
8/21/2024 3:45:00 PM,08NABAS_L02,N,N,N,24148.4005,24148.4005,9607.7723,24148.4005,24148.4005,
8/21/2024 3:45:00 PM,08NABAS_L03,N,N,N,24148.4005,24148.4005,9607.7723,24148.4005,24148.4005,
8/21/2024 3:45:00 PM,08NABAS_SS,N,N,N,24148.4005,24148.4005,9607.7723,24148.4005,24148.4005,
8/21/2024 3:45:00 PM,08PALM_G01,N,N,N,22186.7595,22186.7595,7787.8457,22186.7595,22186.7595,
8/21/2024 3:45:00 PM,08PALM_S01,N,N,N,22186.7595,22186.7595,9607.7723,22186.7595,22186.7595,
8/21/2024 3:45:00 PM,08PANIT_SS,N,N,N,23497.4822,23497.4822,9607.7723,23497.4822,23497.4822,
8/21/2024 3:45:00 PM,08PANIT_T1L1,N,N,N,23501.9254,23501.9254,9607.7723,23501.9254,23501.9254,
8/21/2024 3:45:00 PM,08PANIT_T2L2,N,N,N,23501.9254,23501.9254,9607.7723,23501.9254,23501.9254,
8/21/2024 3:45:00 PM,08PDPP1_U02,N,N,N,22842.1209,22842.1209,10033.5091,22842.1209,22842.1209,
8/21/2024 3:45:00 PM,08PDPP1_U03,N,N,N,22842.1209,22842.1209,10033.5091,22842.1209,22842.1209,
8/21/2024 3:45:00 PM,08PDPP1_U05,N,N,N,22842.1209,22842.1209,4026.5231,22842.1209,22842.1209,
8/21/2024 3:45:00 PM,08PDPP3_C,N,N,N,22842.1209,22842.1209,4026.5231,22842.1209,22842.1209,
8/21/2024 3:45:00 PM,08PDPP3_E,N,N,N,22842.1209,22842.1209,11168.2864,22842.1209,22842.1209,
8/21/2024 3:45:00 PM,08PDPP3_G,N,N,N,22842.1209,22842.1209,10033.5091,22842.1209,22842.1209,
8/21/2024 3:45:00 PM,08PDPP3_H,N,N,N,22842.1209,22842.1209,15006.1234,22842.1209,22842.1209,
8/21/2024 3:45:00 PM,08PDPP3_S01,N,N,N,22842.1209,22842.1209,9607.7723,22842.1209,22842.1209,
8/21/2024 3:45:00 PM,08PEDC_SS1,N,N,N,22491.1137,22491.1137,9607.7723,22491.1137,22491.1137,
8/21/2024 3:45:00 PM,08PEDC_SS2,N,N,N,22491.1137,22491.1137,9607.7723,22491.1137,22491.1137,
8/21/2024 3:45:00 PM,08PEDC_SS3,N,N,N,22491.1137,22491.1137,9607.7723,22491.1137,22491.1137,
8/21/2024 3:45:00 PM,08PEDC_T1L1,N,N,N,22495.5569,22495.5569,9607.7723,22495.5569,22495.5569,
8/21/2024 3:45:00 PM,08PEDC_T1L2,N,N,N,22500,22500,9607.7723,22500,22500,
8/21/2024 3:45:00 PM,08PEDC_U01,N,N,N,22491.1137,22491.1137,10865.8021,22491.1137,22491.1137,
8/21/2024 3:45:00 PM,08PEDC_U02,N,N,N,22491.1137,22491.1137,12101.2053,22491.1137,22491.1137,
8/21/2024 3:45:00 PM,08PEDC_U03,N,N,N,22491.1137,22491.1137,10359.8304,22491.1137,22491.1137,
8/21/2024 3:45:00 PM,08PWIND_G01,N,N,N,24148.4005,24148.4005,6337.8366,24148.4005,24148.4005,
8/21/2024 3:45:00 PM,08PWIND_G02,N,N,N,24148.4005,24148.4005,11706.4201,24148.4005,24148.4005,
8/21/2024 3:45:00 PM,08SLWIND_G01,N,N,N,23501.9254,23501.9254,7850.1720,23501.9254,23501.9254,
8/21/2024 3:45:00 PM,08SLWIND_L01,N,N,N,23501.9254,23501.9254,9607.7723,23501.9254,23501.9254,
8/21/2024 3:45:00 PM,08SNJOSE_L01,N,N,N,23002.0735,23002.0735,9607.7723,23002.0735,23002.0735,
8/21/2024 3:45:00 PM,08SNJOSE_L02,N,N,N,23002.0735,23002.0735,9607.7723,23002.0735,23002.0735,
8/21/2024 3:45:00 PM,08SNJOSE_L03,N,N,N,23002.0735,23002.0735,9607.7723,23002.0735,23002.0735,
8/21/2024 3:45:00 PM,08STBAR_SS1,N,N,N,22771.0308,22771.0308,9607.7723,22771.0308,22771.0308,
8/21/2024 3:45:00 PM,08STBAR_SS2,N,N,N,22757.7014,22757.7014,9607.7723,22757.7014,22757.7014,
8/21/2024 3:45:00 PM,08STBAR_SS3,N,N,N,22757.7014,22757.7014,9607.7723,22757.7014,22757.7014,
8/21/2024 3:45:00 PM,08STBAR_T1L1,N,N,N,22757.7014,22757.7014,9607.7723,22757.7014,22757.7014,
8/21/2024 3:45:00 PM,08STBAR_T2L2,N,N,N,22757.7014,22757.7014,9607.7723,22757.7014,22757.7014,
8/21/2024 3:45:00 PM,08STBPB1_U01,N,N,N,22757.7014,22757.7014,19863.7769,22757.7014,22757.7014,
8/21/2024 3:45:00 PM,08STBPB1_U02,N,N,N,22757.7014,22757.7014,19863.7769,22757.7014,22757.7014,
8/21/2024 3:45:00 PM,08STBPB1_U03,N,N,N,22757.7014,22757.7014,9994.7963,22757.7014,22757.7014,
8/21/2024 3:45:00 PM,08STBPB1_U04,N,N,N,22757.7014,22757.7014,19863.7769,22757.7014,22757.7014,
8/21/2024 3:45:00 PM,08SUWECO_G01,N,N,N,22757.7014,22757.7014,9464.3897,22757.7014,22757.7014,
8/21/2024 3:45:00 PM,08TIMBA_G01,N,N,N,24148.4005,24148.4005,10166.7927,24148.4005,24148.4005,
8/21/2024 3:45:00 PM,09AURORA_SS,N,N,N,3293.2836,3293.2836,6669.6809,3293.2836,3293.2836,
8/21/2024 3:45:00 PM,09CLB_T1L1,N,N,N,3294.8377,3294.8377,6669.6809,3294.8377,3294.8377,
8/21/2024 3:45:00 PM,09JIMDSL_U01,N,N,N,3294.8377,3294.8377,5263.5690,3294.8377,3294.8377,
8/21/2024 3:45:00 PM,09JIMDSL_U02,N,N,N,3294.8377,3294.8377,5263.5690,3294.8377,3294.8377,
8/21/2024 3:45:00 PM,09KAP_T1L1,N,N,N,3294.8377,3294.8377,6669.6809,3294.8377,3294.8377,
8/21/2024 3:45:00 PM,09LALA_SS,N,N,N,3185.7351,3185.7351,6669.6809,3185.7351,3185.7351,
8/21/2024 3:45:00 PM,09LIBPOWR_G01,N,N,N,3294.8377,3294.8377,5897.6128,3294.8377,3294.8377,
8/21/2024 3:45:00 PM,09MHY_T1L1,N,N,N,3294.8377,3294.8377,6669.6809,3294.8377,3294.8377,
8/21/2024 3:45:00 PM,09MLS_T1L1,N,N,N,3664.4191,3664.4191,6669.6809,3664.4191,3664.4191,
8/21/2024 3:45:00 PM,09NAGA_SS,N,N,N,3662.2432,3662.2432,6669.6809,3662.2432,3662.2432,
8/21/2024 3:45:00 PM,09PANABNK_U01,N,N,N,3294.8377,3294.8377,5263.5690,3294.8377,3294.8377,
8/21/2024 3:45:00 PM,09PANABNK_U02,N,N,N,3294.8377,3294.8377,5263.5690,3294.8377,3294.8377,
8/21/2024 3:45:00 PM,09PITOGO_SS,N,N,N,3923.0328,3923.0328,6669.6809,3923.0328,3923.0328,
8/21/2024 3:45:00 PM,09POLAN_SS,N,N,N,3361.9778,3361.9778,6669.6809,3361.9778,3361.9778,
8/21/2024 3:45:00 PM,09RXS_T2L1,N,N,N,3362.9103,3362.9103,6669.6809,3362.9103,3362.9103,
8/21/2024 3:45:00 PM,09SANGALI_BAT,N,N,N,3881.3810,3881.3810,6234.5534,3881.3810,3881.3810,
8/21/2024 3:45:00 PM,09SJG_T1L1,N,N,N,3921.7894,3921.7894,6669.6809,3921.7894,3921.7894,
8/21/2024 3:45:00 PM,09SML_T1L1,N,N,N,3294.8377,3294.8377,6669.6809,3294.8377,3294.8377,
8/21/2024 3:45:00 PM,09SRW_T1L1,N,N,N,3664.4191,3664.4191,6669.6809,3664.4191,3664.4191,
8/21/2024 3:45:00 PM,09TMG_T1L1,N,N,N,3921.7894,3921.7894,6669.6809,3921.7894,3921.7894,
8/21/2024 3:45:00 PM,09TMG_T2L1,N,N,N,3881.3810,3881.3810,6669.6809,3881.3810,3881.3810,
8/21/2024 3:45:00 PM,09TUL_T1L1,N,N,N,3921.7894,3921.7894,6669.6809,3921.7894,3921.7894,
8/21/2024 3:45:00 PM,09WMPC_S01,N,N,N,3881.3810,3881.3810,6669.6809,3881.3810,3881.3810,
8/21/2024 3:45:00 PM,09WMPC_U01,N,N,N,3881.3810,3881.3810,8174.3361,3881.3810,3881.3810,
8/21/2024 3:45:00 PM,09WMPC_U02,N,N,N,3881.3810,3881.3810,6234.5534,3881.3810,3881.3810,
8/21/2024 3:45:00 PM,09WMPC_U03,N,N,N,3881.3810,3881.3810,6234.5534,3881.3810,3881.3810,
8/21/2024 3:45:00 PM,09WMPC_U04,N,N,N,3881.3810,3881.3810,6234.5534,3881.3810,3881.3810,
8/21/2024 3:45:00 PM,09WMPC_U05,N,N,N,3881.3810,3881.3810,6234.5534,3881.3810,3881.3810,
8/21/2024 3:45:00 PM,09WMPC_U06,N,N,N,3881.3810,3881.3810,6234.5534,3881.3810,3881.3810,
8/21/2024 3:45:00 PM,09WMPC_U07,N,N,N,3881.3810,3881.3810,6234.5534,3881.3810,3881.3810,
8/21/2024 3:45:00 PM,09WMPC_U08,N,N,N,3881.3810,3881.3810,3916.0588,3881.3810,3881.3810,
8/21/2024 3:45:00 PM,09WMPC_U09,N,N,N,3881.3810,3881.3810,6234.5534,3881.3810,3881.3810,
8/21/2024 3:45:00 PM,09WMPC_U10,N,N,N,3881.3810,3881.3810,6232.1844,3881.3810,3881.3810,
8/21/2024 3:45:00 PM,09ZAMBO_SS,N,N,N,3881.3810,3881.3810,6669.6809,3881.3810,3881.3810,
8/21/2024 3:45:00 PM,09ZAMSAN_L01,N,N,N,3881.3810,3881.3810,6669.6809,3881.3810,3881.3810,
8/21/2024 3:45:00 PM,10AG6_T2L1,N,N,N,3086.89,3086.89,6669.6809,3086.89,3086.89,
8/21/2024 3:45:00 PM,10AGUS1_SS,N,N,N,3053.3199,3053.3199,6669.6809,3053.3199,3053.3199,
8/21/2024 3:45:00 PM,10AGUS1_U01,N,N,N,3053.3199,3053.3199,4269.0490,3053.3199,3053.3199,
8/21/2024 3:45:00 PM,10AGUS1_U02,N,N,N,3053.3199,3053.3199,4148.1014,3053.3199,3053.3199,
8/21/2024 3:45:00 PM,10AGUS2_SS,N,N,N,3058.2933,3058.2933,6669.6809,3058.2933,3058.2933,
8/21/2024 3:45:00 PM,10AGUS2_U01,N,N,N,3058.2933,3058.2933,4738.5988,3058.2933,3058.2933,
8/21/2024 3:45:00 PM,10AGUS2_U02,N,N,N,3058.2933,3058.2933,4669.8125,3058.2933,3058.2933,
8/21/2024 3:45:00 PM,10AGUS2_U03,N,N,N,3058.2933,3058.2933,2275.4810,3058.2933,3058.2933,
8/21/2024 3:45:00 PM,10AGUS4_SS,N,N,N,3084.4033,3084.4033,6669.6809,3084.4033,3084.4033,
8/21/2024 3:45:00 PM,10AGUS4_U01,N,N,N,3084.4033,3084.4033,5073.9991,3084.4033,3084.4033,
8/21/2024 3:45:00 PM,10AGUS4_U02,N,N,N,3084.4033,3084.4033,4926.1194,3084.4033,3084.4033,
8/21/2024 3:45:00 PM,10AGUS4_U03,N,N,N,3084.4033,3084.4033,4846.4275,3084.4033,3084.4033,
8/21/2024 3:45:00 PM,10AGUS5_SS,N,N,N,3088.1333,3088.1333,6669.6809,3088.1333,3088.1333,
8/21/2024 3:45:00 PM,10AGUS5_U01,N,N,N,3088.1333,3088.1333,4948.7253,3088.1333,3088.1333,
8/21/2024 3:45:00 PM,10AGUS5_U02,N,N,N,3088.1333,3088.1333,4905.8963,3088.1333,3088.1333,
8/21/2024 3:45:00 PM,10AGUS6_SS,N,N,N,3078.4975,3078.4975,6669.6809,3078.4975,3078.4975,
8/21/2024 3:45:00 PM,10AGUS6_U01,N,N,N,3078.4975,3078.4975,5243.6686,3078.4975,3078.4975,
8/21/2024 3:45:00 PM,10AGUS6_U02,N,N,N,3078.4975,3078.4975,4858.2887,3078.4975,3078.4975,
8/21/2024 3:45:00 PM,10AGUS6_U03,N,N,N,3078.4975,3078.4975,4915.3602,3078.4975,3078.4975,
8/21/2024 3:45:00 PM,10AGUS6_U04,N,N,N,3078.4975,3078.4975,4948.6212,3078.4975,3078.4975,
8/21/2024 3:45:00 PM,10AGUS6_U05,N,N,N,3078.4975,3078.4975,6247.9633,3078.4975,3078.4975,
8/21/2024 3:45:00 PM,10AGUS7_U01,N,N,N,3078.4975,3078.4975,4969.6571,3078.4975,3078.4975,
8/21/2024 3:45:00 PM,10AGUS7_U02,N,N,N,3078.4975,3078.4975,4971.0849,3078.4975,3078.4975,
8/21/2024 3:45:00 PM,10BALOI_L01,N,N,N,3078.4975,3078.4975,6669.6809,3078.4975,3078.4975,
8/21/2024 3:45:00 PM,10BALOI_SS,N,N,N,3106.7833,3106.7833,6669.6809,3106.7833,3106.7833,
8/21/2024 3:45:00 PM,10BUR_T1L1,N,N,N,3078.4975,3078.4975,6669.6809,3078.4975,3078.4975,
8/21/2024 3:45:00 PM,10BUR_T1L2,N,N,N,3078.4975,3078.4975,6669.6809,3078.4975,3078.4975,
8/21/2024 3:45:00 PM,10GNPK_U01,N,N,N,3113,3113,5106.4716,3113,3113,
8/21/2024 3:45:00 PM,10GNPK_U02,N,N,N,3113,3113,5084.2608,3113,3113,
8/21/2024 3:45:00 PM,10GNPK_U03,N,N,N,3113,3113,5103.6096,3113,3113,
8/21/2024 3:45:00 PM,10GNPK_U04,N,N,N,3113.3108,3113.3108,5000.9933,3113.3108,3113.3108,
8/21/2024 3:45:00 PM,10IDPP_G01,N,N,N,3107.4050,3107.4050,4993.6501,3107.4050,3107.4050,
8/21/2024 3:45:00 PM,10IDPP_SS,N,N,N,3107.4050,3107.4050,6669.6809,3107.4050,3107.4050,
8/21/2024 3:45:00 PM,10KAUSWGN_SS,N,N,N,3114.2433,3114.2433,6669.6809,3114.2433,3114.2433,
8/21/2024 3:45:00 PM,10KAU_T1L1,N,N,N,3078.4975,3078.4975,6669.6809,3078.4975,3078.4975,
8/21/2024 3:45:00 PM,10KIW_T1L1,N,N,N,3078.4975,3078.4975,6669.6809,3078.4975,3078.4975,
8/21/2024 3:45:00 PM,10KIW_T2L1,N,N,N,3109.27,3109.27,6669.6809,3109.27,3109.27,
8/21/2024 3:45:00 PM,10LGAIT_SS,N,N,N,3108.9592,3108.9592,6669.6809,3108.9592,3108.9592,
8/21/2024 3:45:00 PM,10LIAN_G01,N,N,N,3078.4975,3078.4975,3144.1979,3078.4975,3078.4975,
8/21/2024 3:45:00 PM,10MCN_T1L1,N,N,N,3086.89,3086.89,6669.6809,3086.89,3086.89,
8/21/2024 3:45:00 PM,10MCR_T1L1,N,N,N,3086.89,3086.89,6669.6809,3086.89,3086.89,
8/21/2024 3:45:00 PM,10MCT_T1L1,N,N,N,3078.4975,3078.4975,6669.6809,3078.4975,3078.4975,
8/21/2024 3:45:00 PM,10MEGC_G01,N,N,N,3078.4975,3078.4975,4945.7357,3078.4975,3078.4975,
8/21/2024 3:45:00 PM,10MLN_T1L1,N,N,N,3053.6308,3053.6308,6669.6809,3053.6308,3053.6308,
8/21/2024 3:45:00 PM,10MPL_T1L1,N,N,N,3078.4975,3078.4975,6669.6809,3078.4975,3078.4975,
8/21/2024 3:45:00 PM,10MRW_T1L1,N,N,N,3053.6308,3053.6308,6669.6809,3053.6308,3053.6308,
8/21/2024 3:45:00 PM,10MRW_T2L1,N,N,N,3086.89,3086.89,6669.6809,3086.89,3086.89,
8/21/2024 3:45:00 PM,10NUN_T1L2,N,N,N,3078.4975,3078.4975,6669.6809,3078.4975,3078.4975,
8/21/2024 3:45:00 PM,10OPO_T1L1,N,N,N,3109.27,3109.27,6669.6809,3109.27,3109.27,
8/21/2024 3:45:00 PM,10PAT_T1L1,N,N,N,3109.27,3109.27,6669.6809,3109.27,3109.27,
8/21/2024 3:45:00 PM,10PGW_T1L1,N,N,N,3109.27,3109.27,6669.6809,3109.27,3109.27,
8/21/2024 3:45:00 PM,10PLT_T1L1,N,N,N,3107.4050,3107.4050,6669.6809,3107.4050,3107.4050,
8/21/2024 3:45:00 PM,10PLT_T2L1,N,N,N,3109.27,3109.27,6669.6809,3109.27,3109.27,
8/21/2024 3:45:00 PM,10PPEI_U01,N,N,N,3078.4975,3078.4975,6019.0771,3078.4975,3078.4975,
8/21/2024 3:45:00 PM,10SRZ_T1L1,N,N,N,3086.89,3086.89,6669.6809,3086.89,3086.89,
8/21/2024 3:45:00 PM,11CDO_T1L1,N,N,N,3146.57,3146.57,6669.6809,3146.57,3146.57,
8/21/2024 3:45:00 PM,11CRYSSUG_G01,N,N,N,3226.1435,3226.1435,5668.52,3226.1435,3226.1435,
8/21/2024 3:45:00 PM,11FDC_SS,N,N,N,3086.5791,3086.5791,6669.6809,3086.5791,3086.5791,
8/21/2024 3:45:00 PM,11FDC_U01,N,N,N,3082.8491,3082.8491,4998.4422,3082.8491,3082.8491,
8/21/2024 3:45:00 PM,11FDC_U02,N,N,N,3082.8491,3082.8491,4995.3136,3082.8491,3082.8491,
8/21/2024 3:45:00 PM,11FDC_U03,N,N,N,3082.8491,3082.8491,5371.3543,3082.8491,3082.8491,
8/21/2024 3:45:00 PM,11FGBPC_G01,N,N,N,3115.7975,3115.7975,5333.3542,3115.7975,3115.7975,
8/21/2024 3:45:00 PM,11JASAAN_SS,N,N,N,3128.2309,3128.2309,6669.6809,3128.2309,3128.2309,
8/21/2024 3:45:00 PM,11JASA_BAT,N,N,N,3115.7975,3115.7975,5051.6578,3115.7975,3115.7975,
8/21/2024 3:45:00 PM,11KBSOL_G01,N,N,N,3253.1860,3253.1860,5132.7921,3253.1860,3253.1860,
8/21/2024 3:45:00 PM,11KEGMAR_G01,N,N,N,3226.1435,3226.1435,5262.0968,3226.1435,3226.1435,
8/21/2024 3:45:00 PM,11KIBAWE_SS,N,N,N,3253.1860,3253.1860,6669.6809,3253.1860,3253.1860,
8/21/2024 3:45:00 PM,11KIB_T1L1,N,N,N,3226.1435,3226.1435,6669.6809,3226.1435,3226.1435,
8/21/2024 3:45:00 PM,11KIB_T1L2,N,N,N,3226.1435,3226.1435,6669.6809,3226.1435,3226.1435,
8/21/2024 3:45:00 PM,11KIRAS_G01,N,N,N,3115.7975,3115.7975,3864.7774,3115.7975,3115.7975,
8/21/2024 3:45:00 PM,11KNG_T1L1,N,N,N,3115.7975,3115.7975,6669.6809,3115.7975,3115.7975,
8/21/2024 3:45:00 PM,11LBA_T1L1,N,N,N,3128.2309,3128.2309,6669.6809,3128.2309,3128.2309,
8/21/2024 3:45:00 PM,11LUN_T1L1,N,N,N,3115.7975,3115.7975,6669.6809,3115.7975,3115.7975,
8/21/2024 3:45:00 PM,11MAN1_S01,N,N,N,3118.5950,3118.5950,6669.6809,3118.5950,3118.5950,
8/21/2024 3:45:00 PM,11MAN2_S01,N,N,N,3118.2842,3118.2842,6669.6809,3118.2842,3118.2842,
8/21/2024 3:45:00 PM,11MANFOR_G01,N,N,N,3118.5950,3118.5950,5120.0503,3118.5950,3118.5950,
8/21/2024 3:45:00 PM,11MANFOR_G02,N,N,N,3118.2842,3118.2842,5074.5007,3118.2842,3118.2842,
8/21/2024 3:45:00 PM,11MANOLO_SS,N,N,N,3118.9058,3118.9058,6669.6809,3118.9058,3118.9058,
8/21/2024 3:45:00 PM,11MARAM_SS,N,N,N,3184.1809,3184.1809,6669.6809,3184.1809,3184.1809,
8/21/2024 3:45:00 PM,11MINBAL_G01,N,N,N,3115.7975,3115.7975,5127.1908,3115.7975,3115.7975,
8/21/2024 3:45:00 PM,11MINBU_G01,N,N,N,3115.7975,3115.7975,4716.1104,3115.7975,3115.7975,
8/21/2024 3:45:00 PM,11MLY_T1L1,N,N,N,3226.1435,3226.1435,6669.6809,3226.1435,3226.1435,
8/21/2024 3:45:00 PM,11MNCBLG_G01,N,N,N,3115.7975,3115.7975,4898.7735,3115.7975,3115.7975,
8/21/2024 3:45:00 PM,11MNRGY_G01,N,N,N,3115.7975,3115.7975,5051.6578,3115.7975,3115.7975,
8/21/2024 3:45:00 PM,11MNRGY_G02,N,N,N,3115.7975,3115.7975,3615.8606,3115.7975,3115.7975,
8/21/2024 3:45:00 PM,11MOR_T1L1,N,N,N,3146.57,3146.57,6669.6809,3146.57,3146.57,
8/21/2024 3:45:00 PM,11NAT_T1L1,N,N,N,3115.7975,3115.7975,6669.6809,3115.7975,3115.7975,
8/21/2024 3:45:00 PM,11NAT_T2L1,N,N,N,3115.7975,3115.7975,6669.6809,3115.7975,3115.7975,
8/21/2024 3:45:00 PM,11NBPC_G01,N,N,N,3226.1435,3226.1435,5262.0968,3226.1435,3226.1435,
8/21/2024 3:45:00 PM,11OPOL_SS,N,N,N,3145.3267,3145.3267,6669.6809,3145.3267,3145.3267,
8/21/2024 3:45:00 PM,11OPO_T1L1,N,N,N,3146.57,3146.57,6669.6809,3146.57,3146.57,
8/21/2024 3:45:00 PM,11PACERM_G01,N,N,N,3146.57,3146.57,5080.6216,3146.57,3146.57,
8/21/2024 3:45:00 PM,11PAL_T1L1,N,N,N,3253.1860,3253.1860,6669.6809,3253.1860,3253.1860,
8/21/2024 3:45:00 PM,11PG4_T1L1,N,N,N,3226.1435,3226.1435,6669.6809,3226.1435,3226.1435,
8/21/2024 3:45:00 PM,11PKBUK_G01,N,N,N,3115.7975,3115.7975,5051.6578,3115.7975,3115.7975,
8/21/2024 3:45:00 PM,11PULA4_U01,N,N,N,3225.5218,3225.5218,5319.9783,3225.5218,3225.5218,
8/21/2024 3:45:00 PM,11PULA4_U02,N,N,N,3225.2110,3225.2110,5998.2340,3225.2110,3225.2110,
8/21/2024 3:45:00 PM,11PULA4_U03,N,N,N,3108.3375,3108.3375,3887.6475,3108.3375,3108.3375,
8/21/2024 3:45:00 PM,11SME_T1L1,N,N,N,3108.3375,3108.3375,6669.6809,3108.3375,3108.3375,
8/21/2024 3:45:00 PM,11SMH_T1L1,N,N,N,3108.3375,3108.3375,6669.6809,3108.3375,3108.3375,
8/21/2024 3:45:00 PM,11STEAG_U01,N,N,N,3107.0942,3107.0942,5038.8980,3107.0942,3107.0942,
8/21/2024 3:45:00 PM,11STEAG_U02,N,N,N,3107.0942,3107.0942,6313.1712,3107.0942,3107.0942,
8/21/2024 3:45:00 PM,11TAGOL_SS,N,N,N,3108.3375,3108.3375,6669.6809,3108.3375,3108.3375,
8/21/2024 3:45:00 PM,11VILLA_BAT,N,N,N,3108.0267,3108.0267,5038.7203,3108.0267,3108.0267,
8/21/2024 3:45:00 PM,11VILLA_L01,N,N,N,3108.0267,3108.0267,6669.6809,3108.0267,3108.0267,
8/21/2024 3:45:00 PM,11VILLA_SS,N,N,N,3120.46,3120.46,6669.6809,3120.46,3120.46,
8/21/2024 3:45:00 PM,12ALE_T1L1,N,N,N,3552.2081,3552.2081,6669.6809,3552.2081,3552.2081,
8/21/2024 3:45:00 PM,12ASIGA_G01,N,N,N,3437.8213,3437.8213,5962.0141,3437.8213,3437.8213,
8/21/2024 3:45:00 PM,12BAG_T1L1,N,N,N,3514.9080,3514.9080,6669.6809,3514.9080,3514.9080,
8/21/2024 3:45:00 PM,12BISLIG_SS,N,N,N,3515.2189,3515.2189,6669.6809,3515.2189,3515.2189,
8/21/2024 3:45:00 PM,12BUTUAN_SS,N,N,N,3437.5104,3437.5104,6669.6809,3437.5104,3437.5104,
8/21/2024 3:45:00 PM,12BUT_T2L1,N,N,N,3389.0204,3389.0204,6669.6809,3389.0204,3389.0204,
8/21/2024 3:45:00 PM,12BYG_T1L1,N,N,N,3437.8213,3437.8213,6669.6809,3437.8213,3437.8213,
8/21/2024 3:45:00 PM,12KEGGIN_G01,N,N,N,3389.0204,3389.0204,5509.8207,3389.0204,3389.0204,
8/21/2024 3:45:00 PM,12KEGTAN_G01,N,N,N,3552.2081,3552.2081,4502.0712,3552.2081,3552.2081,
8/21/2024 3:45:00 PM,12LKMAINIT_G01,N,N,N,3437.8213,3437.8213,5881.4842,3437.8213,3437.8213,
8/21/2024 3:45:00 PM,12LMO_T1L1,N,N,N,3437.8213,3437.8213,6669.6809,3437.8213,3437.8213,
8/21/2024 3:45:00 PM,12MAD_T1L1,N,N,N,3520.8139,3520.8139,6669.6809,3520.8139,3520.8139,
8/21/2024 3:45:00 PM,12NACSUR_G01,N,N,N,3520.8139,3520.8139,4003.1087,3520.8139,3520.8139,
8/21/2024 3:45:00 PM,12NASIP_SS,N,N,N,3388.7095,3388.7095,6669.6809,3388.7095,3388.7095,
8/21/2024 3:45:00 PM,12NAS_T1L1,N,N,N,3437.8213,3437.8213,6669.6809,3437.8213,3437.8213,
8/21/2024 3:45:00 PM,12PBA_T1L1,N,N,N,3514.9080,3514.9080,6669.6809,3514.9080,3514.9080,
8/21/2024 3:45:00 PM,12PKSFRA_U01,N,N,N,3552.2081,3552.2081,5812.6833,3552.2081,3552.2081,
8/21/2024 3:45:00 PM,12PKSFRA_U02,N,N,N,3552.2081,3552.2081,11031.1445,3552.2081,3552.2081,
8/21/2024 3:45:00 PM,12PLACER_SS,N,N,N,3520.1922,3520.1922,6669.6809,3520.1922,3520.1922,
8/21/2024 3:45:00 PM,12SFRAN_SS,N,N,N,3552.5189,3552.5189,6669.6809,3552.5189,3552.5189,
8/21/2024 3:45:00 PM,12SLU_T1L1,N,N,N,3389.0204,3389.0204,6669.6809,3389.0204,3389.0204,
8/21/2024 3:45:00 PM,12SNT_T1L1,N,N,N,3437.8213,3437.8213,6669.6809,3437.8213,3437.8213,
8/21/2024 3:45:00 PM,12STCRUZ_L01,N,N,N,3520.8139,3520.8139,6669.6809,3520.8139,3520.8139,
8/21/2024 3:45:00 PM,12SUR_T1L1,N,N,N,3520.8139,3520.8139,6669.6809,3520.8139,3520.8139,
8/21/2024 3:45:00 PM,12TBD_T1L1,N,N,N,3108.3375,3108.3375,6669.6809,3108.3375,3108.3375,
8/21/2024 3:45:00 PM,12TBO_T1L1,N,N,N,3514.9080,3514.9080,6669.6809,3514.9080,3514.9080,
8/21/2024 3:45:00 PM,12TDG_T1L1,N,N,N,3552.2081,3552.2081,6669.6809,3552.2081,3552.2081,
8/21/2024 3:45:00 PM,12THERMA2_SS,N,N,N,3388.7095,3388.7095,6669.6809,3388.7095,3388.7095,
8/21/2024 3:45:00 PM,12TM2_U01,N,N,N,3388.7095,3388.7095,3868.5160,3388.7095,3388.7095,
8/21/2024 3:45:00 PM,12TM2_U02,N,N,N,3388.7095,3388.7095,5508.7155,3388.7095,3388.7095,
8/21/2024 3:45:00 PM,12TRE_T1L1,N,N,N,3514.9080,3514.9080,6669.6809,3514.9080,3514.9080,
8/21/2024 3:45:00 PM,13ASU_T1L1,N,N,N,3381.8712,3381.8712,6669.6809,3381.8712,3381.8712,
8/21/2024 3:45:00 PM,13BAJ_T1L1,N,N,N,3262.5110,3262.5110,6669.6809,3262.5110,3262.5110,
8/21/2024 3:45:00 PM,13BNS_T1L1,N,N,N,3258.7810,3258.7810,6669.6809,3258.7810,3258.7810,
8/21/2024 3:45:00 PM,13BNY_T1L1,N,N,N,3321.8803,3321.8803,6669.6809,3321.8803,3321.8803,
8/21/2024 3:45:00 PM,13BUNAW_SS,N,N,N,3206.8718,3206.8718,6669.6809,3206.8718,3206.8718,
8/21/2024 3:45:00 PM,13CULAMAN_SS,N,N,N,3015.7090,3015.7090,6669.6809,3015.7090,3015.7090,
8/21/2024 3:45:00 PM,13DAVAO_SS,N,N,N,3262.5110,3262.5110,6669.6809,3262.5110,3262.5110,
8/21/2024 3:45:00 PM,13DAV_T1L1,N,N,N,3198.4793,3198.4793,6669.6809,3198.4793,3198.4793,
8/21/2024 3:45:00 PM,13DCPP_U01,N,N,N,3196.3034,3196.3034,5128.4750,3196.3034,3196.3034,
8/21/2024 3:45:00 PM,13DCPP_U02,N,N,N,3196.3034,3196.3034,3659.3587,3196.3034,3196.3034,
8/21/2024 3:45:00 PM,13DIGSOL_G01,N,N,N,3258.7810,3258.7810,4851.5365,3258.7810,3258.7810,
8/21/2024 3:45:00 PM,13DIG_T1L1,N,N,N,3264.0652,3264.0652,6669.6809,3264.0652,3264.0652,
8/21/2024 3:45:00 PM,13DIG_T2L1,N,N,N,3258.7810,3258.7810,6669.6809,3258.7810,3258.7810,
8/21/2024 3:45:00 PM,13DIG_T3L1,N,N,N,3198.4793,3198.4793,6669.6809,3198.4793,3198.4793,
8/21/2024 3:45:00 PM,13DLP_T1L1,N,N,N,3264.0652,3264.0652,6669.6809,3264.0652,3264.0652,
8/21/2024 3:45:00 PM,13DLP_T1L2,N,N,N,3264.0652,3264.0652,6669.6809,3264.0652,3264.0652,
8/21/2024 3:45:00 PM,13DLP_T1L3,N,N,N,3264.0652,3264.0652,6669.6809,3264.0652,3264.0652,
8/21/2024 3:45:00 PM,13DLP_T2L1,N,N,N,3228.0085,3228.0085,6669.6809,3228.0085,3228.0085,
8/21/2024 3:45:00 PM,13DRA_T1L1,N,N,N,3227.3868,3227.3868,6669.6809,3227.3868,3227.3868,
8/21/2024 3:45:00 PM,13DRA_T1L2,N,N,N,3227.3868,3227.3868,6669.6809,3227.3868,3227.3868,
8/21/2024 3:45:00 PM,13DSP_T1L1,N,N,N,3258.7810,3258.7810,6669.6809,3258.7810,3258.7810,
8/21/2024 3:45:00 PM,13DSR_T1L1,N,N,N,3016.3307,3016.3307,6669.6809,3016.3307,3016.3307,
8/21/2024 3:45:00 PM,13EUROH_G01,N,N,N,3381.8712,3381.8712,5537.0526,3381.8712,3381.8712,
8/21/2024 3:45:00 PM,13MACO_BAT,N,N,N,3321.8803,3321.8803,5562.4083,3321.8803,3321.8803,
8/21/2024 3:45:00 PM,13MACO_SS,N,N,N,3321.8803,3321.8803,6669.6809,3321.8803,3321.8803,
8/21/2024 3:45:00 PM,13MAGDBNK_G01,N,N,N,3321.8803,3321.8803,5554.2758,3321.8803,3321.8803,
8/21/2024 3:45:00 PM,13MAGDBNK_U01,N,N,N,3321.8803,3321.8803,4187.9689,3321.8803,3321.8803,
8/21/2024 3:45:00 PM,13MAGDBNK_U02,N,N,N,3321.8803,3321.8803,5554.2758,3321.8803,3321.8803,
8/21/2024 3:45:00 PM,13MAGDBNK_U03,N,N,N,3321.8803,3321.8803,4190.2517,3321.8803,3321.8803,
8/21/2024 3:45:00 PM,13MALITA_BAT,N,N,N,3016.3307,3016.3307,3704.9725,3016.3307,3016.3307,
8/21/2024 3:45:00 PM,13MATAN_SS,N,N,N,3056.1174,3056.1174,6669.6809,3056.1174,3056.1174,
8/21/2024 3:45:00 PM,13MATIBNK_G01,N,N,N,3321.8803,3321.8803,5237.3343,3321.8803,3321.8803,
8/21/2024 3:45:00 PM,13MON_T1L1,N,N,N,3381.8712,3381.8712,6669.6809,3381.8712,3381.8712,
8/21/2024 3:45:00 PM,13MPCDIG_G01,N,N,N,3258.7810,3258.7810,5309.4962,3258.7810,3258.7810,
8/21/2024 3:45:00 PM,13MSR_T1L1,N,N,N,3381.8712,3381.8712,6669.6809,3381.8712,3381.8712,
8/21/2024 3:45:00 PM,13NABUN_SS,N,N,N,3381.8712,3381.8712,6669.6809,3381.8712,3381.8712,
8/21/2024 3:45:00 PM,13PMA_T1L1,N,N,N,3258.7810,3258.7810,6669.6809,3258.7810,3258.7810,
8/21/2024 3:45:00 PM,13SIBULAN_G01,N,N,N,3262.5110,3262.5110,5259.2317,3262.5110,3262.5110,
8/21/2024 3:45:00 PM,13SMC_U01,N,N,N,3008.5599,3008.5599,4869.5974,3008.5599,3008.5599,
8/21/2024 3:45:00 PM,13SMC_U02,N,N,N,3008.5599,3008.5599,5199.1443,3008.5599,3008.5599,
8/21/2024 3:45:00 PM,13TALOM1_G01,N,N,N,3264.0652,3264.0652,5356.6991,3264.0652,3264.0652,
8/21/2024 3:45:00 PM,13TALOM23_G01,N,N,N,3262.5110,3262.5110,5217.1121,3262.5110,3262.5110,
8/21/2024 3:45:00 PM,13TGM_T1L1,N,N,N,3321.8803,3321.8803,6669.6809,3321.8803,3321.8803,
8/21/2024 3:45:00 PM,13THERMA1_SS,N,N,N,3321.8803,3321.8803,6669.6809,3321.8803,3321.8803,
8/21/2024 3:45:00 PM,13TM1_U01,N,N,N,3321.8803,3321.8803,5553.3582,3321.8803,3321.8803,
8/21/2024 3:45:00 PM,13TM1_U02,N,N,N,3321.8803,3321.8803,5553.3582,3321.8803,3321.8803,
8/21/2024 3:45:00 PM,13TORIL_SS,N,N,N,3203.4526,3203.4526,6669.6809,3203.4526,3203.4526,
8/21/2024 3:45:00 PM,13TUDAY2_G01,N,N,N,3264.0652,3264.0652,5275.1071,3264.0652,3264.0652,
8/21/2024 3:45:00 PM,14ALMADA_G01,N,N,N,3526.7197,3526.7197,4521.9367,3526.7197,3526.7197,
8/21/2024 3:45:00 PM,14ASTROSOL_G01,N,N,N,3329.6511,3329.6511,5383.2812,3329.6511,3329.6511,
8/21/2024 3:45:00 PM,14BGN_T1L1,N,N,N,3253.8077,3253.8077,6669.6809,3253.8077,3253.8077,
8/21/2024 3:45:00 PM,14BGN_T2L1,N,N,N,3442.4838,3442.4838,6669.6809,3442.4838,3442.4838,
8/21/2024 3:45:00 PM,14BIOGS_G01,N,N,N,3442.4838,3442.4838,5936.6007,3442.4838,3442.4838,
8/21/2024 3:45:00 PM,14BIOMS_U01,N,N,N,3442.4838,3442.4838,5561.4642,3442.4838,3442.4838,
8/21/2024 3:45:00 PM,14COTSUGR_G01,N,N,N,3253.8077,3253.8077,5259.2322,3253.8077,3253.8077,
8/21/2024 3:45:00 PM,14DSA_T1L1,N,N,N,3526.7197,3526.7197,6669.6809,3526.7197,3526.7197,
8/21/2024 3:45:00 PM,14DSA_T2L1,N,N,N,3442.4838,3442.4838,6669.6809,3442.4838,3442.4838,
8/21/2024 3:45:00 PM,14GENSAN_SS,N,N,N,3329.9620,3329.9620,6669.6809,3329.9620,3329.9620,
8/21/2024 3:45:00 PM,14GERBIO_G01,N,N,N,3442.4838,3442.4838,5561.4642,3442.4838,3442.4838,
8/21/2024 3:45:00 PM,14GLA_T1L1,N,N,N,3329.6511,3329.6511,6669.6809,3329.6511,3329.6511,
8/21/2024 3:45:00 PM,14KAMANGA_SS,N,N,N,3248.8343,3248.8343,6669.6809,3248.8343,3248.8343,
8/21/2024 3:45:00 PM,14KAM_L03,N,N,N,3329.6511,3329.6511,6669.6809,3329.6511,3329.6511,
8/21/2024 3:45:00 PM,14KIDAP_SS,N,N,N,3249.4560,3249.4560,6669.6809,3249.4560,3249.4560,
8/21/2024 3:45:00 PM,14KLN_T1L1,N,N,N,3442.4838,3442.4838,6669.6809,3442.4838,3442.4838,
8/21/2024 3:45:00 PM,14LAMSAN_G01,N,N,N,3526.7197,3526.7197,6244.7935,3526.7197,3526.7197,
8/21/2024 3:45:00 PM,14LLE_T1L1,N,N,N,3329.6511,3329.6511,6669.6809,3329.6511,3329.6511,
8/21/2024 3:45:00 PM,14MARBEL_U01,N,N,N,3442.4838,3442.4838,6247.2620,3442.4838,3442.4838,
8/21/2024 3:45:00 PM,14MID_T1L1,N,N,N,3526.7197,3526.7197,6669.6809,3526.7197,3526.7197,
8/21/2024 3:45:00 PM,14MTAPO_U01,N,N,N,3247.9018,3247.9018,5346.3679,3247.9018,3247.9018,
8/21/2024 3:45:00 PM,14MTAPO_U02,N,N,N,3108.3375,3108.3375,5329.4997,3108.3375,3108.3375,
8/21/2024 3:45:00 PM,14MTAPO_U03,N,N,N,3253.8077,3253.8077,3644.3582,3253.8077,3253.8077,
8/21/2024 3:45:00 PM,14NVSOL_G01,N,N,N,3442.4838,3442.4838,5461.6657,3442.4838,3442.4838,
8/21/2024 3:45:00 PM,14PKPSOC_G01,N,N,N,3329.6511,3329.6511,4107.0998,3329.6511,3329.6511,
8/21/2024 3:45:00 PM,14PTU_T1L1,N,N,N,3329.6511,3329.6511,6669.6809,3329.6511,3329.6511,
8/21/2024 3:45:00 PM,14SARANG_U01,N,N,N,3329.6511,3329.6511,5070.8810,3329.6511,3329.6511,
8/21/2024 3:45:00 PM,14SARANG_U02,N,N,N,3248.2127,3248.2127,5119.7142,3248.2127,3248.2127,
8/21/2024 3:45:00 PM,14SIGHYDRO_G01,N,N,N,3329.6511,3329.6511,5353.9114,3329.6511,3329.6511,
8/21/2024 3:45:00 PM,14SKU_T1L1,N,N,N,3526.7197,3526.7197,6669.6809,3526.7197,3526.7197,
8/21/2024 3:45:00 PM,14SMY_T1L1,N,N,N,3526.7197,3526.7197,6669.6809,3526.7197,3526.7197,
8/21/2024 3:45:00 PM,14SPGI_U01,N,N,N,3442.4838,3442.4838,7483.5174,3442.4838,3442.4838,
8/21/2024 3:45:00 PM,14SRL_T1L1,N,N,N,3442.4838,3442.4838,6669.6809,3442.4838,3442.4838,
8/21/2024 3:45:00 PM,14SULTAN_SS,N,N,N,3526.4089,3526.4089,6669.6809,3526.4089,3526.4089,
8/21/2024 3:45:00 PM,14SUPKOR_G01,N,N,N,3442.4838,3442.4838,5561.4642,3442.4838,3442.4838,
8/21/2024 3:45:00 PM,14TACSUR_L02,N,N,N,3442.4838,3442.4838,6669.6809,3442.4838,3442.4838,
8/21/2024 3:45:00 PM,14TACUR_SS,N,N,N,3442.4838,3442.4838,6669.6809,3442.4838,3442.4838,
8/21/2024 3:45:00 PM,14TIN_T1L1,N,N,N,3329.6511,3329.6511,6669.6809,3329.6511,3329.6511,
8/21/2024 3:45:00 PM,14TIN_T1L2,N,N,N,3329.6511,3329.6511,6669.6809,3329.6511,3329.6511,
EOF
