TIME_INTERVAL,RESOURCE_NAME,AP_FLAG,SEC_FLAG,PSM_FLAG,DIPC_PRICE,RTD_PRICE,ADMIN_PRICE,SEC_PRICE,PSM_PRICE,
8/15/2024 2:30:00 PM,01ACNPC_G01,N,N,N,5508.8031,5508.8031,7892.1928,5508.8031,5508.8031,
8/15/2024 2:30:00 PM,01AEC_L01,N,N,N,5518.2761,5518.2761,7968.1991,5518.2761,5518.2761,
8/15/2024 2:30:00 PM,01AMBUK_SS,N,N,N,5470.9113,5470.9113,7968.1991,5470.9113,5470.9113,
8/15/2024 2:30:00 PM,01AMBUK_T1L1,N,N,N,5470.9113,5470.9113,7968.1991,5470.9113,5470.9113,
8/15/2024 2:30:00 PM,01AMBUK_U01,N,N,N,5470.9113,5470.9113,7967.3131,5470.9113,5470.9113,
8/15/2024 2:30:00 PM,01AMBUK_U02,N,N,N,5469.7969,5469.7969,7541.8252,5469.7969,5469.7969,
8/15/2024 2:30:00 PM,01AMBUK_U03,N,N,N,5470.3541,5470.3541,7621.7270,5470.3541,5470.3541,
8/15/2024 2:30:00 PM,01AMPHAW_G01,N,N,N,5464.7818,5464.7818,7740.7481,5464.7818,5464.7818,
8/15/2024 2:30:00 PM,01ANDA_G01,N,N,N,5518.2761,5518.2761,8888.9148,5518.2761,5518.2761,
8/15/2024 2:30:00 PM,01ANGAT_A,N,N,N,5561.7403,5561.7403,8061.8875,5561.7403,5561.7403,
8/15/2024 2:30:00 PM,01ANGAT_M,N,N,N,5570.6560,5570.6560,12707.9968,5570.6560,5570.6560,
8/15/2024 2:30:00 PM,01ANGAT_SS,N,N,N,5567.8698,5567.8698,7968.1991,5567.8698,5567.8698,
8/15/2024 2:30:00 PM,01ANGAT_T5L1,N,N,N,5572.3277,5572.3277,7968.1991,5572.3277,5572.3277,
8/15/2024 2:30:00 PM,01APEC_G01,N,N,N,5518.2761,5518.2761,8098.8424,5518.2761,5518.2761,
8/15/2024 2:30:00 PM,01ARAYSOL_G01,N,N,N,5518.2761,5518.2761,10254.7179,5518.2761,5518.2761,
8/15/2024 2:30:00 PM,01ARAYSOL_G02,N,N,N,5518.2761,5518.2761,10248.8942,5518.2761,5518.2761,
8/15/2024 2:30:00 PM,01ARMSOL_G01,N,N,N,5508.8031,5508.8031,10084.9289,5508.8031,5508.8031,
8/15/2024 2:30:00 PM,01BAKSIP_G01,N,N,N,5464.7818,5464.7818,8636.8222,5464.7818,5464.7818,
8/15/2024 2:30:00 PM,01BAKUN_G01,N,N,N,5345.5339,5345.5339,9740.0026,5345.5339,5345.5339,
8/15/2024 2:30:00 PM,01BAKUN_SS,N,N,N,5346.0912,5346.0912,7968.1991,5346.0912,5346.0912,
8/15/2024 2:30:00 PM,01BALNEO_L01,N,N,N,5385.0975,5385.0975,7968.1991,5385.0975,5385.0975,
8/15/2024 2:30:00 PM,01BALNEO_L02,N,N,N,5385.0975,5385.0975,7968.1991,5385.0975,5385.0975,
8/15/2024 2:30:00 PM,01BALNEO_SS,N,N,N,5368.9377,5368.9377,7968.1991,5368.9377,5368.9377,
8/15/2024 2:30:00 PM,01BALSIK_SS,N,N,N,5380.0824,5380.0824,7968.1991,5380.0824,5380.0824,
8/15/2024 2:30:00 PM,01BALWIND_G01,N,N,N,5090.8786,5090.8786,6267.5397,5090.8786,5090.8786,
8/15/2024 2:30:00 PM,01BANTAY_SS,N,N,N,5322.6874,5322.6874,7968.1991,5322.6874,5322.6874,
8/15/2024 2:30:00 PM,01BATAAN_SS,N,N,N,5228.5151,5228.5151,7968.1991,5228.5151,5228.5151,
8/15/2024 2:30:00 PM,01BAUANG_GS1,N,N,N,5417.9742,5417.9742,7932.6981,5417.9742,5417.9742,
8/15/2024 2:30:00 PM,01BAUANG_GS2,N,N,N,5417.9742,5417.9742,7934.9413,5417.9742,5417.9742,
8/15/2024 2:30:00 PM,01BAUANG_GS3,N,N,N,5417.9742,5417.9742,7935.2936,5417.9742,5417.9742,
8/15/2024 2:30:00 PM,01BAUANG_SS,N,N,N,5425.2182,5425.2182,7968.1991,5425.2182,5425.2182,
8/15/2024 2:30:00 PM,01BAUAN_T1L1,N,N,N,5429.6761,5429.6761,7968.1991,5429.6761,5429.6761,
8/15/2024 2:30:00 PM,01BAUAN_T1L2,N,N,N,5429.6761,5429.6761,7968.1991,5429.6761,5429.6761,
8/15/2024 2:30:00 PM,01BAUAN_T1L3,N,N,N,5429.6761,5429.6761,7968.1991,5429.6761,5429.6761,
8/15/2024 2:30:00 PM,01BAUAN_T2L1,N,N,N,5429.6761,5429.6761,7968.1991,5429.6761,5429.6761,
8/15/2024 2:30:00 PM,01BAUAN_T2L2,N,N,N,5426.8899,5426.8899,7968.1991,5426.8899,5426.8899,
8/15/2024 2:30:00 PM,01BCNOT_SS,N,N,N,5406.2723,5406.2723,7968.1991,5406.2723,5406.2723,
8/15/2024 2:30:00 PM,01BCNOT_T1L1,N,N,N,5406.8296,5406.8296,7968.1991,5406.8296,5406.8296,
8/15/2024 2:30:00 PM,01BCNOT_T1L2,N,N,N,5406.8296,5406.8296,7968.1991,5406.8296,5406.8296,
8/15/2024 2:30:00 PM,01BINENG_G01,N,N,N,5464.7818,5464.7818,6406.12,5464.7818,5464.7818,
8/15/2024 2:30:00 PM,01BINGA_SS,N,N,N,5459.2094,5459.2094,7968.1991,5459.2094,5459.2094,
8/15/2024 2:30:00 PM,01BINGA_T1L1,N,N,N,5460.3239,5460.3239,7968.1991,5460.3239,5460.3239,
8/15/2024 2:30:00 PM,01BINGA_U01,N,N,N,5459.2094,5459.2094,7533.8921,5459.2094,5459.2094,
8/15/2024 2:30:00 PM,01BINGA_U02,N,N,N,5459.2094,5459.2094,8353.7721,5459.2094,5459.2094,
8/15/2024 2:30:00 PM,01BINGA_U03,N,N,N,5459.2094,5459.2094,7536.3995,5459.2094,5459.2094,
8/15/2024 2:30:00 PM,01BINGA_U04,N,N,N,5459.2094,5459.2094,7517.6927,5459.2094,5459.2094,
8/15/2024 2:30:00 PM,01BNTAY_T1L1,N,N,N,5322.6874,5322.6874,7968.1991,5322.6874,5322.6874,
8/15/2024 2:30:00 PM,01BNTAY_T1L2,N,N,N,5322.6874,5322.6874,7968.1991,5322.6874,5322.6874,
8/15/2024 2:30:00 PM,01BNTAY_T1L3,N,N,N,5322.6874,5322.6874,7968.1991,5322.6874,5322.6874,
8/15/2024 2:30:00 PM,01BOSUNG_G01,N,N,N,5208.4547,5208.4547,7173.4477,5208.4547,5208.4547,
8/15/2024 2:30:00 PM,01BOTOLAN_SS,N,N,N,5344.9767,5344.9767,7968.1991,5344.9767,5344.9767,
8/15/2024 2:30:00 PM,01BOTOL_T1L1,N,N,N,5345.5339,5345.5339,7968.1991,5345.5339,5345.5339,
8/15/2024 2:30:00 PM,01BOTOL_T1L2,N,N,N,5345.5339,5345.5339,7968.1991,5345.5339,5345.5339,
8/15/2024 2:30:00 PM,01BPC_T1L1,N,N,N,5228.5151,5228.5151,7968.1991,5228.5151,5228.5151,
8/15/2024 2:30:00 PM,01BPC_T2L2,N,N,N,5228.5151,5228.5151,7968.1991,5228.5151,5228.5151,
8/15/2024 2:30:00 PM,01BPPC_SS,N,N,N,5417.9742,5417.9742,7968.1991,5417.9742,5417.9742,
8/15/2024 2:30:00 PM,01BT2020_G01,N,N,N,5362.2509,5362.2509,9492.8554,5362.2509,5362.2509,
8/15/2024 2:30:00 PM,01BT2020_G02,N,N,N,5362.2509,5362.2509,7883.9155,5362.2509,5362.2509,
8/15/2024 2:30:00 PM,01BTNSOL_G01,N,N,N,5230.1868,5230.1868,9253.8102,5230.1868,5230.1868,
8/15/2024 2:30:00 PM,01BTPP_T3L1,N,N,N,5230.1868,5230.1868,7968.1991,5230.1868,5230.1868,
8/15/2024 2:30:00 PM,01BTPP_T3L2,N,N,N,5230.1868,5230.1868,7968.1991,5230.1868,5230.1868,
8/15/2024 2:30:00 PM,01BTPP_T3L3,N,N,N,5230.1868,5230.1868,7968.1991,5230.1868,5230.1868,
8/15/2024 2:30:00 PM,01BTPP_T3L4,N,N,N,5230.1868,5230.1868,7968.1991,5230.1868,5230.1868,
8/15/2024 2:30:00 PM,01BTPP_T3L5,N,N,N,5230.1868,5230.1868,7968.1991,5230.1868,5230.1868,
8/15/2024 2:30:00 PM,01BTPP_T4L1,N,N,N,5572.3277,5572.3277,7968.1991,5572.3277,5572.3277,
8/15/2024 2:30:00 PM,01BTSOLEN_BAT,N,N,N,5230.1868,5230.1868,9229.1774,5230.1868,5230.1868,
8/15/2024 2:30:00 PM,01BTSOLEN_G01,N,N,N,5230.1868,5230.1868,9260.8194,5230.1868,5230.1868,
8/15/2024 2:30:00 PM,01BULSOL_G01,N,N,N,5558.3969,5558.3969,9093.3698,5558.3969,5558.3969,
8/15/2024 2:30:00 PM,01BURGOS_G01,N,N,N,5125.4270,5125.4270,4083.8888,5125.4270,5125.4270,
8/15/2024 2:30:00 PM,01BURGOS_G02,N,N,N,5208.4547,5208.4547,9316.7151,5208.4547,5208.4547,
8/15/2024 2:30:00 PM,01BURGOS_G03,N,N,N,5208.4547,5208.4547,9075.2687,5208.4547,5208.4547,
8/15/2024 2:30:00 PM,01BURGOS_SS,N,N,N,5126.5415,5126.5415,7968.1991,5126.5415,5126.5415,
8/15/2024 2:30:00 PM,01BUTAO_G01,N,N,N,5455.3088,5455.3088,5190.4519,5455.3088,5455.3088,
8/15/2024 2:30:00 PM,01BYOMB_DID,N,N,N,5539.4509,5539.4509,7968.1991,5539.4509,5539.4509,
8/15/2024 2:30:00 PM,01BYOMB_SS,N,N,N,5537.7793,5537.7793,7968.1991,5537.7793,5537.7793,
8/15/2024 2:30:00 PM,01BYOMB_T1L1,N,N,N,5545.0233,5545.0233,7968.1991,5545.0233,5545.0233,
8/15/2024 2:30:00 PM,01BYOMB_T1L2,N,N,N,5539.4509,5539.4509,7968.1991,5539.4509,5539.4509,
8/15/2024 2:30:00 PM,01BYOMB_T1L3,N,N,N,5545.0233,5545.0233,7968.1991,5545.0233,5545.0233,
8/15/2024 2:30:00 PM,01CABSOL_G01,N,N,N,5572.3277,5572.3277,9992.4091,5572.3277,5572.3277,
8/15/2024 2:30:00 PM,01CAGBIO_G01,N,N,N,5650.8975,5650.8975,8262.1277,5650.8975,5650.8975,
8/15/2024 2:30:00 PM,01CAGYSOL_G01,N,N,N,5723.8950,5723.8950,10273.9106,5723.8950,5723.8950,
8/15/2024 2:30:00 PM,01CALIBUNK_G01,N,N,N,5518.2761,5518.2761,8073.27,5518.2761,5518.2761,
8/15/2024 2:30:00 PM,01CAPRIS_G01,N,N,N,5087.5352,5087.5352,5900.4143,5087.5352,5087.5352,
8/15/2024 2:30:00 PM,01CAPRIS_G02,N,N,N,5087.5352,5087.5352,6309.7450,5087.5352,5087.5352,
8/15/2024 2:30:00 PM,01CASECN_G01,N,N,N,5356.1214,5356.1214,7575.2236,5356.1214,5356.1214,
8/15/2024 2:30:00 PM,01CASECN_SS,N,N,N,5356.1214,5356.1214,7968.1991,5356.1214,5356.1214,
8/15/2024 2:30:00 PM,01CAYBSOL_G01,N,N,N,5278.1088,5278.1088,10275.4950,5278.1088,5278.1088,
8/15/2024 2:30:00 PM,01CBNTU_SS,N,N,N,5577.90,5577.90,7968.1991,5577.90,5577.90,
8/15/2024 2:30:00 PM,01CBNTU_T1L1,N,N,N,5572.3277,5572.3277,7968.1991,5572.3277,5572.3277,
8/15/2024 2:30:00 PM,01CBNTU_T1L3,N,N,N,5572.3277,5572.3277,7968.1991,5572.3277,5572.3277,
8/15/2024 2:30:00 PM,01CBNTU_T2L1,N,N,N,5572.3277,5572.3277,7968.1991,5572.3277,5572.3277,
8/15/2024 2:30:00 PM,01CBNTU_T2L2,N,N,N,5572.3277,5572.3277,7968.1991,5572.3277,5572.3277,
8/15/2024 2:30:00 PM,01CBN_CELCOR,N,N,N,5572.3277,5572.3277,7968.1991,5572.3277,5572.3277,
8/15/2024 2:30:00 PM,01CIP2_G01,N,N,N,5406.8296,5406.8296,7928.9638,5406.8296,5406.8296,
8/15/2024 2:30:00 PM,01CLARK_L01,N,N,N,5572.3277,5572.3277,7968.1991,5572.3277,5572.3277,
8/15/2024 2:30:00 PM,01CLARK_L02,N,N,N,5572.3277,5572.3277,7968.1991,5572.3277,5572.3277,
8/15/2024 2:30:00 PM,01CLARK_L03,N,N,N,5516.0472,5516.0472,7968.1991,5516.0472,5516.0472,
8/15/2024 2:30:00 PM,01CLARK_L04,N,N,N,5517.1616,5517.1616,7968.1991,5517.1616,5517.1616,
8/15/2024 2:30:00 PM,01CLARK_SS,N,N,N,5516.0472,5516.0472,7968.1991,5516.0472,5516.0472,
8/15/2024 2:30:00 PM,01CLARK_T1L1,N,N,N,5516.0472,5516.0472,7968.1991,5516.0472,5516.0472,
8/15/2024 2:30:00 PM,01CLARK_T1L2,N,N,N,5572.3277,5572.3277,7968.1991,5572.3277,5572.3277,
8/15/2024 2:30:00 PM,01CLARK_T2L1,N,N,N,5517.1616,5517.1616,7968.1991,5517.1616,5517.1616,
8/15/2024 2:30:00 PM,01CLASOL_G01,N,N,N,5516.0472,5516.0472,9290.4769,5516.0472,5516.0472,
8/15/2024 2:30:00 PM,01CLEANG_G01,N,N,N,5362.2509,5362.2509,7883.9155,5362.2509,5362.2509,
8/15/2024 2:30:00 PM,01CNCEP_BAT,N,N,N,5506.5742,5506.5742,3871.5212,5506.5742,5506.5742,
8/15/2024 2:30:00 PM,01CNCEP_CAT,N,N,N,5506.5742,5506.5742,7968.1991,5506.5742,5506.5742,
8/15/2024 2:30:00 PM,01CNCEP_DAP2,N,N,N,5506.5742,5506.5742,7968.1991,5506.5742,5506.5742,
8/15/2024 2:30:00 PM,01CNCEP_SS,N,N,N,5505.4598,5505.4598,7968.1991,5505.4598,5505.4598,
8/15/2024 2:30:00 PM,01CNCEP_T1L3,N,N,N,5505.4598,5505.4598,7968.1991,5505.4598,5505.4598,
8/15/2024 2:30:00 PM,01CNCEP_TEI,N,N,N,5508.8031,5508.8031,7968.1991,5508.8031,5508.8031,
8/15/2024 2:30:00 PM,01CN_TRELC1,N,N,N,5508.8031,5508.8031,7968.1991,5508.8031,5508.8031,
8/15/2024 2:30:00 PM,01CN_TRELC2,N,N,N,5506.5742,5506.5742,7968.1991,5506.5742,5506.5742,
8/15/2024 2:30:00 PM,01CONSOL_G01,N,N,N,5506.5742,5506.5742,7885.5682,5506.5742,5506.5742,
8/15/2024 2:30:00 PM,01CRUZD_MECO,N,N,N,5558.3969,5558.3969,7968.1991,5558.3969,5558.3969,
8/15/2024 2:30:00 PM,01CRUZD_SS,N,N,N,5558.3969,5558.3969,7968.1991,5558.3969,5558.3969,
8/15/2024 2:30:00 PM,01CRUZD_T2L1,N,N,N,5558.3969,5558.3969,7968.1991,5558.3969,5558.3969,
8/15/2024 2:30:00 PM,01CURIM_SS,N,N,N,5187.2798,5187.2798,7968.1991,5187.2798,5187.2798,
8/15/2024 2:30:00 PM,01CURIM_T1L1,N,N,N,5180.0358,5180.0358,7968.1991,5180.0358,5180.0358,
8/15/2024 2:30:00 PM,01CURIM_T1L2,N,N,N,5180.0358,5180.0358,7968.1991,5180.0358,5180.0358,
8/15/2024 2:30:00 PM,01CURSOL_G02,N,N,N,5098.1226,5098.1226,9198.6949,5098.1226,5098.1226,
8/15/2024 2:30:00 PM,01DALSOL_G01,N,N,N,5508.8031,5508.8031,8465.3173,5508.8031,5508.8031,
8/15/2024 2:30:00 PM,01DUHAT_SS,N,N,N,5659.8132,5659.8132,7968.1991,5659.8132,5659.8132,
8/15/2024 2:30:00 PM,01DUHAT_T1L1,N,N,N,5686.5604,5686.5604,7968.1991,5686.5604,5686.5604,
8/15/2024 2:30:00 PM,01EHVSJ_SS,N,N,N,5513.2610,5513.2610,7968.1991,5513.2610,5513.2610,
8/15/2024 2:30:00 PM,01EHVSM_SS,N,N,N,5402.9289,5402.9289,7968.1991,5402.9289,5402.9289,
8/15/2024 2:30:00 PM,01GAMU_BAT,N,N,N,5654.2409,5654.2409,8285.3803,5654.2409,5654.2409,
8/15/2024 2:30:00 PM,01GAMU_BATL,N,N,N,5654.2409,5654.2409,7968.1991,5654.2409,5654.2409,
8/15/2024 2:30:00 PM,01GAMU_SS,N,N,N,5650.8975,5650.8975,7968.1991,5650.8975,5650.8975,
8/15/2024 2:30:00 PM,01GAMU_T1L1,N,N,N,5654.2409,5654.2409,7968.1991,5654.2409,5654.2409,
8/15/2024 2:30:00 PM,01GAMU_T1L2,N,N,N,5650.8975,5650.8975,7968.1991,5650.8975,5650.8975,
8/15/2024 2:30:00 PM,01GFII_G01,N,N,N,5654.2409,5654.2409,8285.3803,5654.2409,5654.2409,
8/15/2024 2:30:00 PM,01GIFT_G01,N,N,N,5572.3277,5572.3277,7842.0011,5572.3277,5572.3277,
8/15/2024 2:30:00 PM,01GIFT_G02,N,N,N,5572.3277,5572.3277,8196.5935,5572.3277,5572.3277,
8/15/2024 2:30:00 PM,01GIGSOL_G01,N,N,N,5345.5339,5345.5339,8549.2870,5345.5339,5345.5339,
8/15/2024 2:30:00 PM,01GNPD_SS,N,N,N,5331.0459,5331.0459,7968.1991,5331.0459,5331.0459,
8/15/2024 2:30:00 PM,01GNPD_U01,N,N,N,5283.6811,5283.6811,7770.7402,5283.6811,5283.6811,
8/15/2024 2:30:00 PM,01GNPD_U02,N,N,N,5288.1390,5288.1390,4515.6150,5288.1390,5288.1390,
8/15/2024 2:30:00 PM,01GRGOLD_G01,N,N,N,5572.3277,5572.3277,10319.7965,5572.3277,5572.3277,
8/15/2024 2:30:00 PM,01HANJI_SS,N,N,N,5352.7780,5352.7780,7968.1991,5352.7780,5352.7780,
8/15/2024 2:30:00 PM,01HANJI_T1L1,N,N,N,5353.3352,5353.3352,7968.1991,5353.3352,5353.3352,
8/15/2024 2:30:00 PM,01HANJI_T2L1,N,N,N,5352.7780,5352.7780,7968.1991,5352.7780,5352.7780,
8/15/2024 2:30:00 PM,01HERMO_FBL,N,N,N,5362.2509,5362.2509,7968.1991,5362.2509,5362.2509,
8/15/2024 2:30:00 PM,01HERMO_SS,N,N,N,5356.1214,5356.1214,7968.1991,5356.1214,5356.1214,
8/15/2024 2:30:00 PM,01HERMO_T1L1,N,N,N,5362.2509,5362.2509,7968.1991,5362.2509,5362.2509,
8/15/2024 2:30:00 PM,01HERMO_T1L2,N,N,N,5362.2509,5362.2509,7968.1991,5362.2509,5362.2509,
8/15/2024 2:30:00 PM,01HERMO_T1L3,N,N,N,5572.3277,5572.3277,7968.1991,5572.3277,5572.3277,
8/15/2024 2:30:00 PM,01HERMO_T1L4,N,N,N,5362.2509,5362.2509,7968.1991,5362.2509,5362.2509,
8/15/2024 2:30:00 PM,01HYPGRN_G01,N,N,N,5686.5604,5686.5604,8255.8688,5686.5604,5686.5604,
8/15/2024 2:30:00 PM,01IBEC_G01,N,N,N,5573.4421,5573.4421,8178.1291,5573.4421,5573.4421,
8/15/2024 2:30:00 PM,01IBULAO_G01,N,N,N,5545.0233,5545.0233,8256.6750,5545.0233,5545.0233,
8/15/2024 2:30:00 PM,01IPOWER_G01,N,N,N,5572.3277,5572.3277,8214.7305,5572.3277,5572.3277,
8/15/2024 2:30:00 PM,01IPOWER_G02,N,N,N,5572.3277,5572.3277,9140.6101,5572.3277,5572.3277,
8/15/2024 2:30:00 PM,01KDAM_SS,N,N,N,5343.3050,5343.3050,7968.1991,5343.3050,5343.3050,
8/15/2024 2:30:00 PM,01LAMAO_BAT,N,N,N,5216.2559,5216.2559,6466.8126,5216.2559,5216.2559,
8/15/2024 2:30:00 PM,01LAMAO_SS,N,N,N,5216.8132,5216.8132,7968.1991,5216.8132,5216.8132,
8/15/2024 2:30:00 PM,01LAOAG_SS,N,N,N,5212.3553,5212.3553,7968.1991,5212.3553,5212.3553,
8/15/2024 2:30:00 PM,01LAOAG_T1L1,N,N,N,5214.0270,5214.0270,7968.1991,5214.0270,5214.0270,
8/15/2024 2:30:00 PM,01LAOAG_T1L2,N,N,N,5214.0270,5214.0270,7968.1991,5214.0270,5214.0270,
8/15/2024 2:30:00 PM,01LAOAG_T2L2,N,N,N,5208.4547,5208.4547,7968.1991,5208.4547,5208.4547,
8/15/2024 2:30:00 PM,01LAOSOL_G01,N,N,N,5269.7503,5269.7503,8803.6918,5269.7503,5269.7503,
8/15/2024 2:30:00 PM,01LAOSOL_SS,N,N,N,5269.7503,5269.7503,7968.1991,5269.7503,5269.7503,
8/15/2024 2:30:00 PM,01LASUER_U01,N,N,N,5650.8975,5650.8975,9258.1757,5650.8975,5650.8975,
8/15/2024 2:30:00 PM,01LATRI_SS,N,N,N,5459.2094,5459.2094,7968.1991,5459.2094,5459.2094,
8/15/2024 2:30:00 PM,01LATRI_T1L1,N,N,N,5464.7818,5464.7818,7968.1991,5464.7818,5464.7818,
8/15/2024 2:30:00 PM,01LATRI_T2L1,N,N,N,5464.7818,5464.7818,7968.1991,5464.7818,5464.7818,
8/15/2024 2:30:00 PM,01LATRI_T2L2,N,N,N,5464.7818,5464.7818,7968.1991,5464.7818,5464.7818,
8/15/2024 2:30:00 PM,01LATRI_T2L3,N,N,N,5464.7818,5464.7818,7968.1991,5464.7818,5464.7818,
8/15/2024 2:30:00 PM,01LAT_BENECO,N,N,N,5464.7818,5464.7818,7968.1991,5464.7818,5464.7818,
8/15/2024 2:30:00 PM,01LAT_PHILEX,N,N,N,5464.7818,5464.7818,7968.1991,5464.7818,5464.7818,
8/15/2024 2:30:00 PM,01LBRDR_SS,N,N,N,5314.3289,5314.3289,7968.1991,5314.3289,5314.3289,
8/15/2024 2:30:00 PM,01LBR_CNPELC,N,N,N,5572.3277,5572.3277,7968.1991,5572.3277,5572.3277,
8/15/2024 2:30:00 PM,01LBR_DECORP,N,N,N,5319.3440,5319.3440,7968.1991,5319.3440,5319.3440,
8/15/2024 2:30:00 PM,01LBR_PNELC1,N,N,N,5318.2295,5318.2295,7968.1991,5318.2295,5318.2295,
8/15/2024 2:30:00 PM,01LIMAY_BAT,N,N,N,5230.1868,5230.1868,5004.3947,5230.1868,5230.1868,
8/15/2024 2:30:00 PM,01LIMAY_SS,N,N,N,5228.5151,5228.5151,7968.1991,5228.5151,5228.5151,
8/15/2024 2:30:00 PM,01LIMAY_U01,N,N,N,5228.5151,5228.5151,7705.2739,5228.5151,5228.5151,
8/15/2024 2:30:00 PM,01LIMAY_U02,N,N,N,5228.5151,5228.5151,7705.2739,5228.5151,5228.5151,
8/15/2024 2:30:00 PM,01LIMAY_U03,N,N,N,5227.9578,5227.9578,5007.2898,5227.9578,5227.9578,
8/15/2024 2:30:00 PM,01LIMAY_U04,N,N,N,5228.5151,5228.5151,7705.2739,5228.5151,5228.5151,
8/15/2024 2:30:00 PM,01LIMAY_U05,N,N,N,5228.5151,5228.5151,7705.2739,5228.5151,5228.5151,
8/15/2024 2:30:00 PM,01LIMAY_U06,N,N,N,5228.5151,5228.5151,7705.2739,5228.5151,5228.5151,
8/15/2024 2:30:00 PM,01LIMAY_U07,N,N,N,5228.5151,5228.5151,7705.2739,5228.5151,5228.5151,
8/15/2024 2:30:00 PM,01LIMAY_U08,N,N,N,5228.5151,5228.5151,7705.2739,5228.5151,5228.5151,
8/15/2024 2:30:00 PM,01MAEC_G01,N,N,N,5098.1226,5098.1226,9311.8872,5098.1226,5098.1226,
8/15/2024 2:30:00 PM,01MAEC_S01,N,N,N,5098.1226,5098.1226,7968.1991,5098.1226,5098.1226,
8/15/2024 2:30:00 PM,01MAGAPIT_BAT,N,N,N,5723.8950,5723.8950,8406.5026,5723.8950,5723.8950,
8/15/2024 2:30:00 PM,01MAGAT_BAT,N,N,N,5548.9239,5548.9239,3972.6573,5548.9239,5548.9239,
8/15/2024 2:30:00 PM,01MAGAT_SS,N,N,N,5550.5956,5550.5956,7968.1991,5550.5956,5550.5956,
8/15/2024 2:30:00 PM,01MAGAT_U01,N,N,N,5550.0384,5550.0384,9333.2361,5550.0384,5550.0384,
8/15/2024 2:30:00 PM,01MAGAT_U02,N,N,N,5549.4811,5549.4811,9988.6869,5549.4811,5549.4811,
8/15/2024 2:30:00 PM,01MAGAT_U03,N,N,N,5550.0384,5550.0384,11745.5523,5550.0384,5550.0384,
8/15/2024 2:30:00 PM,01MAGAT_U04,N,N,N,5550.0384,5550.0384,7352.6419,5550.0384,5550.0384,
8/15/2024 2:30:00 PM,01MALOL_SS,N,N,N,5531.0925,5531.0925,7968.1991,5531.0925,5531.0925,
8/15/2024 2:30:00 PM,01MALOL_T1L1,N,N,N,5555.0535,5555.0535,7968.1991,5555.0535,5555.0535,
8/15/2024 2:30:00 PM,01MARIS_U01,N,N,N,5573.4421,5573.4421,8641.1407,5573.4421,5573.4421,
8/15/2024 2:30:00 PM,01MARIS_U02,N,N,N,5573.4421,5573.4421,8635.4636,5573.4421,5573.4421,
8/15/2024 2:30:00 PM,01MARSOL_G01,N,N,N,5200.6534,5200.6534,6861.2386,5200.6534,5200.6534,
8/15/2024 2:30:00 PM,01MARVEL_AUX,N,N,N,5198.9817,5198.9817,7968.1991,5198.9817,5198.9817,
8/15/2024 2:30:00 PM,01MARVEL_G01,N,N,N,5197.31,5197.31,7724.4282,5197.31,5197.31,
8/15/2024 2:30:00 PM,01MARVEL_G02,N,N,N,5197.31,5197.31,7717.7680,5197.31,5197.31,
8/15/2024 2:30:00 PM,01MARVEL_SS,N,N,N,5198.9817,5198.9817,7968.1991,5198.9817,5198.9817,
8/15/2024 2:30:00 PM,01MASIWA_G01,N,N,N,5572.3277,5572.3277,8226.9218,5572.3277,5572.3277,
8/15/2024 2:30:00 PM,01MASIWA_SS,N,N,N,5572.3277,5572.3277,7968.1991,5572.3277,5572.3277,
8/15/2024 2:30:00 PM,01MATUNO_G01,N,N,N,5539.4509,5539.4509,8092.1088,5539.4509,5539.4509,
8/15/2024 2:30:00 PM,01MEXICO_SS,N,N,N,5517.1616,5517.1616,7968.1991,5517.1616,5517.1616,
8/15/2024 2:30:00 PM,01MEX_AEC,N,N,N,5517.7189,5517.7189,7968.1991,5517.7189,5517.7189,
8/15/2024 2:30:00 PM,01MEX_CISP,N,N,N,5518.2761,5518.2761,7968.1991,5518.2761,5518.2761,
8/15/2024 2:30:00 PM,01MEX_CLARK1,N,N,N,5518.2761,5518.2761,7968.1991,5518.2761,5518.2761,
8/15/2024 2:30:00 PM,01MEX_CLARK2,N,N,N,5518.2761,5518.2761,7968.1991,5518.2761,5518.2761,
8/15/2024 2:30:00 PM,01MEX_CND,N,N,N,5518.2761,5518.2761,7968.1991,5518.2761,5518.2761,
8/15/2024 2:30:00 PM,01MEX_L01,N,N,N,5518.2761,5518.2761,7968.1991,5518.2761,5518.2761,
8/15/2024 2:30:00 PM,01MEX_MIC,N,N,N,5517.7189,5517.7189,7968.1991,5517.7189,5517.7189,
8/15/2024 2:30:00 PM,01MEX_PELCO1,N,N,N,5518.2761,5518.2761,7968.1991,5518.2761,5518.2761,
8/15/2024 2:30:00 PM,01MEX_PIMP,N,N,N,5518.2761,5518.2761,7968.1991,5518.2761,5518.2761,
8/15/2024 2:30:00 PM,01MEX_SFLAPC,N,N,N,5517.7189,5517.7189,7968.1991,5517.7189,5517.7189,
8/15/2024 2:30:00 PM,01MEX_SKK,N,N,N,5517.7189,5517.7189,7968.1991,5517.7189,5517.7189,
8/15/2024 2:30:00 PM,01MPGC_SS,N,N,N,5327.1453,5327.1453,7968.1991,5327.1453,5327.1453,
8/15/2024 2:30:00 PM,01MPGC_U01,N,N,N,5303.7415,5303.7415,7458.5708,5303.7415,5303.7415,
8/15/2024 2:30:00 PM,01MPGC_U02,N,N,N,5303.7415,5303.7415,7807.9079,5303.7415,5303.7415,
8/15/2024 2:30:00 PM,01MPGC_U03,N,N,N,5572.3277,5572.3277,7984.0578,5572.3277,5572.3277,
8/15/2024 2:30:00 PM,01MPGC_U04,N,N,N,5303.1843,5303.1843,8036.7405,5303.1843,5303.1843,
8/15/2024 2:30:00 PM,01MRVEL_T1L1,N,N,N,5200.6534,5200.6534,7968.1991,5200.6534,5200.6534,
8/15/2024 2:30:00 PM,01MSINLO_BAT,N,N,N,5111.4962,5111.4962,6004.5020,5111.4962,5111.4962,
8/15/2024 2:30:00 PM,01MSINLO_G01,N,N,N,5108.1528,5108.1528,7793.6570,5108.1528,5108.1528,
8/15/2024 2:30:00 PM,01MSINLO_G02,N,N,N,5109.2673,5109.2673,4874.0382,5109.2673,5109.2673,
8/15/2024 2:30:00 PM,01MSINLO_G03,N,N,N,5108.1528,5108.1528,7762.2144,5108.1528,5108.1528,
8/15/2024 2:30:00 PM,01MSINLO_SS,N,N,N,5111.4962,5111.4962,7968.1991,5111.4962,5111.4962,
8/15/2024 2:30:00 PM,01NIABAL_G01,N,N,N,5573.4421,5573.4421,8316.9915,5573.4421,5573.4421,
8/15/2024 2:30:00 PM,01NMHC_G01,N,N,N,5464.7818,5464.7818,7553.9295,5464.7818,5464.7818,
8/15/2024 2:30:00 PM,01NMHC_G03,N,N,N,5464.7818,5464.7818,7671.1789,5464.7818,5464.7818,
8/15/2024 2:30:00 PM,01NSNMN_L01,N,N,N,5572.3277,5572.3277,7968.1991,5572.3277,5572.3277,
8/15/2024 2:30:00 PM,01NSNMN_L02,N,N,N,5427.4472,5427.4472,7968.1991,5427.4472,5427.4472,
8/15/2024 2:30:00 PM,01NSNMN_SS,N,N,N,5419.0887,5419.0887,7968.1991,5419.0887,5419.0887,
8/15/2024 2:30:00 PM,01NSNMN_T1L1,N,N,N,5572.3277,5572.3277,7968.1991,5572.3277,5572.3277,
8/15/2024 2:30:00 PM,01NWIND_G01,N,N,N,5208.4547,5208.4547,5499.0069,5208.4547,5208.4547,
8/15/2024 2:30:00 PM,01NWIND_G02,N,N,N,5208.4547,5208.4547,5139.6544,5208.4547,5208.4547,
8/15/2024 2:30:00 PM,01NWIND_L01,N,N,N,5208.4547,5208.4547,7968.1991,5208.4547,5208.4547,
8/15/2024 2:30:00 PM,01OLONG_SS,N,N,N,5355.5641,5355.5641,7968.1991,5355.5641,5355.5641,
8/15/2024 2:30:00 PM,01OLONG_T1L1,N,N,N,5363.9226,5363.9226,7968.1991,5363.9226,5363.9226,
8/15/2024 2:30:00 PM,01OLONG_T2L2,N,N,N,5363.9226,5363.9226,7968.1991,5363.9226,5363.9226,
8/15/2024 2:30:00 PM,01OLONG_T3L3,N,N,N,5363.9226,5363.9226,7968.1991,5363.9226,5363.9226,
8/15/2024 2:30:00 PM,01PAGCAP_L01,N,N,N,5088.0924,5088.0924,7968.1991,5088.0924,5088.0924,
8/15/2024 2:30:00 PM,01PAGUD_SS,N,N,N,5088.0924,5088.0924,7968.1991,5088.0924,5088.0924,
8/15/2024 2:30:00 PM,01PASQSOL_G01,N,N,N,5114.2823,5114.2823,7973.6362,5114.2823,5114.2823,
8/15/2024 2:30:00 PM,01PAVGSOL_G01,N,N,N,5230.1868,5230.1868,8803.0927,5230.1868,5230.1868,
8/15/2024 2:30:00 PM,01PETRON_G01,N,N,N,5228.5151,5228.5151,7773.7787,5228.5151,5228.5151,
8/15/2024 2:30:00 PM,01PETSOL_G01,N,N,N,5506.5742,5506.5742,10395.4537,5506.5742,5506.5742,
8/15/2024 2:30:00 PM,01PETSOL_G02,N,N,N,5506.5742,5506.5742,10311.1882,5506.5742,5506.5742,
8/15/2024 2:30:00 PM,01PNTBNG_SS,N,N,N,5513.2610,5513.2610,7968.1991,5513.2610,5513.2610,
8/15/2024 2:30:00 PM,01PNTBNG_U01,N,N,N,5513.2610,5513.2610,8109.6935,5513.2610,5513.2610,
8/15/2024 2:30:00 PM,01PNTBNG_U02,N,N,N,5513.2610,5513.2610,8109.6935,5513.2610,5513.2610,
8/15/2024 2:30:00 PM,01RASLAG_G01,N,N,N,5518.2761,5518.2761,7796.8565,5518.2761,5518.2761,
8/15/2024 2:30:00 PM,01RASLAG_G02,N,N,N,5518.2761,5518.2761,9991.6649,5518.2761,5518.2761,
8/15/2024 2:30:00 PM,01RASLAG_G03,N,N,N,5518.2761,5518.2761,7546.5835,5518.2761,5518.2761,
8/15/2024 2:30:00 PM,01SABANG_G01,N,N,N,5464.7818,5464.7818,9498.1222,5464.7818,5464.7818,
8/15/2024 2:30:00 PM,01SANMIGSOL_G01,N,N,N,5558.3969,5558.3969,8128.7798,5558.3969,5558.3969,
8/15/2024 2:30:00 PM,01SE_ABRECO,N,N,N,5333.8321,5333.8321,7968.1991,5333.8321,5333.8321,
8/15/2024 2:30:00 PM,01SLANGN_G01,N,N,N,5464.7818,5464.7818,7978.9583,5464.7818,5464.7818,
8/15/2024 2:30:00 PM,01SMBELL_G01,N,N,N,5545.0233,5545.0233,8101.6001,5545.0233,5545.0233,
8/15/2024 2:30:00 PM,01SMC_G01,N,N,N,5214.5842,5214.5842,7557.5765,5214.5842,5214.5842,
8/15/2024 2:30:00 PM,01SMC_G02,N,N,N,5214.0270,5214.0270,7487.35,5214.0270,5214.0270,
8/15/2024 2:30:00 PM,01SMC_G03,N,N,N,5214.0270,5214.0270,8832.7119,5214.0270,5214.0270,
8/15/2024 2:30:00 PM,01SMC_G04,N,N,N,5191.1805,5191.1805,7452.6994,5191.1805,5191.1805,
8/15/2024 2:30:00 PM,01SMC_SS,N,N,N,5214.5842,5214.5842,7968.1991,5214.5842,5214.5842,
8/15/2024 2:30:00 PM,01SMC_SS2,N,N,N,5214.0270,5214.0270,7968.1991,5214.0270,5214.0270,
8/15/2024 2:30:00 PM,01SMC_SS3,N,N,N,5214.0270,5214.0270,7968.1991,5214.0270,5214.0270,
8/15/2024 2:30:00 PM,01SMC_SS4,N,N,N,5191.1805,5191.1805,7968.1991,5191.1805,5191.1805,
8/15/2024 2:30:00 PM,01SNEST_SS,N,N,N,5324.9163,5324.9163,7968.1991,5324.9163,5324.9163,
8/15/2024 2:30:00 PM,01SNEST_T3L1,N,N,N,5342.1905,5342.1905,7968.1991,5342.1905,5342.1905,
8/15/2024 2:30:00 PM,01SNEST_T3L2,N,N,N,5342.1905,5342.1905,7968.1991,5342.1905,5342.1905,
8/15/2024 2:30:00 PM,01SNJOSE_L01,N,N,N,5580.1289,5580.1289,7968.1991,5580.1289,5580.1289,
8/15/2024 2:30:00 PM,01SNJOSE_SS,N,N,N,5563.9692,5563.9692,7968.1991,5563.9692,5563.9692,
8/15/2024 2:30:00 PM,01SNJOS_CAM,N,N,N,5580.1289,5580.1289,7968.1991,5580.1289,5580.1289,
8/15/2024 2:30:00 PM,01SNJOS_T1L1,N,N,N,5578.4572,5578.4572,7968.1991,5578.4572,5578.4572,
8/15/2024 2:30:00 PM,01SNJOS_T1L2,N,N,N,5644.7679,5644.7679,7968.1991,5644.7679,5644.7679,
8/15/2024 2:30:00 PM,01SNJOS_T1L3,N,N,N,5579.5717,5579.5717,7968.1991,5579.5717,5579.5717,
8/15/2024 2:30:00 PM,01SNMAN_BAT,N,N,N,5455.3088,5455.3088,3843.5555,5455.3088,5455.3088,
8/15/2024 2:30:00 PM,01SNMAN_LYO,N,N,N,5455.3088,5455.3088,7968.1991,5455.3088,5455.3088,
8/15/2024 2:30:00 PM,01SNMAN_SS,N,N,N,5419.6459,5419.6459,7968.1991,5419.6459,5419.6459,
8/15/2024 2:30:00 PM,01SNMAN_T1L2,N,N,N,5455.3088,5455.3088,7968.1991,5455.3088,5455.3088,
8/15/2024 2:30:00 PM,01SNMARSOL_G01,N,N,N,5306.5277,5306.5277,8738.1881,5306.5277,5306.5277,
8/15/2024 2:30:00 PM,01SNMAR_SS,N,N,N,5306.5277,5306.5277,7968.1991,5306.5277,5306.5277,
8/15/2024 2:30:00 PM,01SNM_PNELC3,N,N,N,5455.3088,5455.3088,7968.1991,5455.3088,5455.3088,
8/15/2024 2:30:00 PM,01SNTGO_SS,N,N,N,5572.8849,5572.8849,7968.1991,5572.8849,5572.8849,
8/15/2024 2:30:00 PM,01SNTGO_T1L1,N,N,N,5573.4421,5573.4421,7968.1991,5573.4421,5573.4421,
8/15/2024 2:30:00 PM,01SNTGO_T1L2,N,N,N,5573.4421,5573.4421,7968.1991,5573.4421,5573.4421,
8/15/2024 2:30:00 PM,01SNTGO_T1L3,N,N,N,5573.4421,5573.4421,7968.1991,5573.4421,5573.4421,
8/15/2024 2:30:00 PM,01SNTGO_T2L1,N,N,N,5573.4421,5573.4421,7968.1991,5573.4421,5573.4421,
8/15/2024 2:30:00 PM,01SNTGO_T2L2,N,N,N,5573.4421,5573.4421,7968.1991,5573.4421,5573.4421,
8/15/2024 2:30:00 PM,01SPABUL_G01,N,N,N,5558.3969,5558.3969,10811.7388,5558.3969,5558.3969,
8/15/2024 2:30:00 PM,01SROQUE_SS,N,N,N,5409.0585,5409.0585,7968.1991,5409.0585,5409.0585,
8/15/2024 2:30:00 PM,01SROQUE_U01,N,N,N,5402.3717,5402.3717,8766.6559,5402.3717,5402.3717,
8/15/2024 2:30:00 PM,01SROQUE_U02,N,N,N,5406.2723,5406.2723,7274.2032,5406.2723,5406.2723,
8/15/2024 2:30:00 PM,01SROQUE_U03,N,N,N,5406.8296,5406.8296,7938.6690,5406.8296,5406.8296,
8/15/2024 2:30:00 PM,01SUAL_G01,N,N,N,5248.5754,5248.5754,7923.6004,5248.5754,5248.5754,
8/15/2024 2:30:00 PM,01SUAL_G02,N,N,N,5265.2924,5265.2924,8218.7631,5265.2924,5265.2924,
8/15/2024 2:30:00 PM,01SUAL_T3L1,N,N,N,5274.7654,5274.7654,7968.1991,5274.7654,5274.7654,
8/15/2024 2:30:00 PM,01SUBIC_T3L1,N,N,N,5342.1905,5342.1905,7968.1991,5342.1905,5342.1905,
8/15/2024 2:30:00 PM,01SUBIC_T3L2,N,N,N,5342.1905,5342.1905,7968.1991,5342.1905,5342.1905,
8/15/2024 2:30:00 PM,01SUBSOL_G01,N,N,N,5342.1905,5342.1905,8542.1027,5342.1905,5342.1905,
8/15/2024 2:30:00 PM,01SUPSOL_G01,N,N,N,5334.9465,5334.9465,8887.5163,5334.9465,5334.9465,
8/15/2024 2:30:00 PM,01S_ENRO_G01,N,N,N,5342.1905,5342.1905,8920.1406,5342.1905,5342.1905,
8/15/2024 2:30:00 PM,01S_ENRO_SS,N,N,N,5342.1905,5342.1905,7968.1991,5342.1905,5342.1905,
8/15/2024 2:30:00 PM,01TERASU_G01,N,N,N,5508.8031,5508.8031,9366.9254,5508.8031,5508.8031,
8/15/2024 2:30:00 PM,01TGEGA_SS,N,N,N,5719.9944,5719.9944,7968.1991,5719.9944,5719.9944,
8/15/2024 2:30:00 PM,01TGEGA_T1L1,N,N,N,5723.8950,5723.8950,7968.1991,5723.8950,5723.8950,
8/15/2024 2:30:00 PM,01TG_CGELCO1,N,N,N,5723.8950,5723.8950,7968.1991,5723.8950,5723.8950,
8/15/2024 2:30:00 PM,01TG_CGELCO2,N,N,N,5723.8950,5723.8950,7968.1991,5723.8950,5723.8950,
8/15/2024 2:30:00 PM,01TG_ISELCO2,N,N,N,5723.8950,5723.8950,7968.1991,5723.8950,5723.8950,
8/15/2024 2:30:00 PM,01TPCBUNK_G01,N,N,N,5508.8031,5508.8031,11402.0208,5508.8031,5508.8031,
8/15/2024 2:30:00 PM,01TRASU_L01,N,N,N,5508.8031,5508.8031,7968.1991,5508.8031,5508.8031,
8/15/2024 2:30:00 PM,01TRUSTBIO_G01,N,N,N,5518.2761,5518.2761,8073.27,5518.2761,5518.2761,
8/15/2024 2:30:00 PM,01TRUSTSOL_G01,N,N,N,5518.2761,5518.2761,10436.9401,5518.2761,5518.2761,
8/15/2024 2:30:00 PM,01T_ASIA_G01,N,N,N,5578.4572,5578.4572,9157.8658,5578.4572,5578.4572,
8/15/2024 2:30:00 PM,01T_ASI_T3L1,N,N,N,5578.4572,5578.4572,7968.1991,5578.4572,5578.4572,
8/15/2024 2:30:00 PM,01UPPC_G01,N,N,N,5518.2761,5518.2761,8073.27,5518.2761,5518.2761,
8/15/2024 2:30:00 PM,01VSGRIP_G01,N,N,N,5572.3277,5572.3277,8418.0049,5572.3277,5572.3277,
8/15/2024 2:30:00 PM,01YHGRN_G01,N,N,N,5362.2509,5362.2509,8889.5147,5362.2509,5362.2509,
8/15/2024 2:30:00 PM,01ZAMSOL_G01,N,N,N,5345.5339,5345.5339,9068.5139,5345.5339,5345.5339,
8/15/2024 2:30:00 PM,02ARANE_T1L1,N,N,N,5701.0485,5701.0485,7968.1991,5701.0485,5701.0485,
8/15/2024 2:30:00 PM,02BALNT_T1L1,N,N,N,5652.5692,5652.5692,7968.1991,5652.5692,5652.5692,
8/15/2024 2:30:00 PM,02DOLOR_T1L1,N,N,N,5673.1868,5673.1868,7968.1991,5673.1868,5673.1868,
8/15/2024 2:30:00 PM,02ECOPRK_G01,N,N,N,5652.5692,5652.5692,9723.9313,5652.5692,5652.5692,
8/15/2024 2:30:00 PM,02ECOTAGA_G01,N,N,N,5652.5692,5652.5692,9978.6154,5652.5692,5652.5692,
8/15/2024 2:30:00 PM,02MMPP_G01,N,N,N,5652.5692,5652.5692,8217.1806,5652.5692,5652.5692,
8/15/2024 2:30:00 PM,02PACO_T1L1,N,N,N,5714.4220,5714.4220,7968.1991,5714.4220,5714.4220,
8/15/2024 2:30:00 PM,02PNGEA_G01,N,N,N,5652.5692,5652.5692,8209.7788,5652.5692,5652.5692,
8/15/2024 2:30:00 PM,02PNGYSOL_G01,N,N,N,5673.1868,5673.1868,9170.2752,5673.1868,5673.1868,
8/15/2024 2:30:00 PM,02SMNRTH_G01,N,N,N,5652.5692,5652.5692,8217.1806,5652.5692,5652.5692,
8/15/2024 2:30:00 PM,02SUCAT_T1L1,N,N,N,5667.0573,5667.0573,7968.1991,5667.0573,5667.0573,
8/15/2024 2:30:00 PM,02TMOBIL_G01,N,N,N,5652.5692,5652.5692,8718.2643,5652.5692,5652.5692,
8/15/2024 2:30:00 PM,02TMOBIL_G02,N,N,N,5652.5692,5652.5692,8217.1806,5652.5692,5652.5692,
8/15/2024 2:30:00 PM,02TMOBIL_G03,N,N,N,5652.5692,5652.5692,8954.8395,5652.5692,5652.5692,
8/15/2024 2:30:00 PM,02TMOBIL_G04,N,N,N,5652.5692,5652.5692,8217.1806,5652.5692,5652.5692,
8/15/2024 2:30:00 PM,02VALSOL_G01,N,N,N,5652.5692,5652.5692,9359.2721,5652.5692,5652.5692,
8/15/2024 2:30:00 PM,02ZAPOT_SS,N,N,N,5638.6384,5638.6384,7968.1991,5638.6384,5638.6384,
8/15/2024 2:30:00 PM,02ZAPOT_T1L1,N,N,N,5654.2409,5654.2409,7968.1991,5654.2409,5654.2409,
8/15/2024 2:30:00 PM,03ADISOL_G01,N,N,N,5444.7214,5444.7214,13651.6214,5444.7214,5444.7214,
8/15/2024 2:30:00 PM,03ALMNOS_BAT1,N,N,N,5572.3277,5572.3277,8111.9234,5572.3277,5572.3277,
8/15/2024 2:30:00 PM,03ALMNOS_BAT2,N,N,N,5572.3277,5572.3277,8111.9234,5572.3277,5572.3277,
8/15/2024 2:30:00 PM,03AMADEO_T1L1,N,N,N,5565.0837,5565.0837,7968.1991,5565.0837,5565.0837,
8/15/2024 2:30:00 PM,03AVION_SS,N,N,N,5492.0862,5492.0862,7968.1991,5492.0862,5492.0862,
8/15/2024 2:30:00 PM,03AVION_U01,N,N,N,5490.9717,5490.9717,8014.1027,5490.9717,5490.9717,
8/15/2024 2:30:00 PM,03AVION_U02,N,N,N,5490.9717,5490.9717,7787.2540,5490.9717,5490.9717,
8/15/2024 2:30:00 PM,03AWOC_G01,N,N,N,5673.1868,5673.1868,4783.2188,5673.1868,5673.1868,
8/15/2024 2:30:00 PM,03BACMAN_SS,N,N,N,5351.6635,5351.6635,7968.1991,5351.6635,5351.6635,
8/15/2024 2:30:00 PM,03BACMAN_U01,N,N,N,5327.7025,5327.7025,7804.8408,5327.7025,5327.7025,
8/15/2024 2:30:00 PM,03BACMAN_U02,N,N,N,5329.9314,5329.9314,7799.9865,5329.9314,5329.9314,
8/15/2024 2:30:00 PM,03BACMAN_U03,N,N,N,5349.9918,5349.9918,7842.1308,5349.9918,5349.9918,
8/15/2024 2:30:00 PM,03BALUG_G01,N,N,N,5580.1289,5580.1289,8023.7408,5580.1289,5580.1289,
8/15/2024 2:30:00 PM,03BART_G01,N,N,N,5419.0887,5419.0887,7941.2170,5419.0887,5419.0887,
8/15/2024 2:30:00 PM,03BATAN_SS,N,N,N,5514.9327,5514.9327,7968.1991,5514.9327,5514.9327,
8/15/2024 2:30:00 PM,03BATAN_T1L2,N,N,N,5522.1767,5522.1767,7968.1991,5522.1767,5522.1767,
8/15/2024 2:30:00 PM,03BATAN_T2L2,N,N,N,5518.2761,5518.2761,7968.1991,5518.2761,5518.2761,
8/15/2024 2:30:00 PM,03BAT_BTLEC2,N,N,N,5524.4057,5524.4057,7968.1991,5524.4057,5524.4057,
8/15/2024 2:30:00 PM,03BAT_LIP01,N,N,N,5524.4057,5524.4057,7968.1991,5524.4057,5524.4057,
8/15/2024 2:30:00 PM,03BAT_LIP02,N,N,N,5524.4057,5524.4057,7968.1991,5524.4057,5524.4057,
8/15/2024 2:30:00 PM,03BAT_MECO,N,N,N,5524.4057,5524.4057,7968.1991,5524.4057,5524.4057,
8/15/2024 2:30:00 PM,03BAT_MECO1,N,N,N,5524.4057,5524.4057,7968.1991,5524.4057,5524.4057,
8/15/2024 2:30:00 PM,03BAT_MECO2,N,N,N,5524.4057,5524.4057,7968.1991,5524.4057,5524.4057,
8/15/2024 2:30:00 PM,03BAT_ROS01,N,N,N,5524.4057,5524.4057,7968.1991,5524.4057,5524.4057,
8/15/2024 2:30:00 PM,03BAT_T1L1,N,N,N,5522.1767,5522.1767,7968.1991,5522.1767,5522.1767,
8/15/2024 2:30:00 PM,03BAT_T2L1,N,N,N,5518.2761,5518.2761,7968.1991,5518.2761,5518.2761,
8/15/2024 2:30:00 PM,03BBEC_G01,N,N,N,5419.0887,5419.0887,7908.6957,5419.0887,5419.0887,
8/15/2024 2:30:00 PM,03BINAN_SS,N,N,N,5612.4484,5612.4484,7968.1991,5612.4484,5612.4484,
8/15/2024 2:30:00 PM,03BINAN_T1L1,N,N,N,5622.4786,5622.4786,7968.1991,5622.4786,5622.4786,
8/15/2024 2:30:00 PM,03BOTOCA_G01,N,N,N,5580.1289,5580.1289,8095.6095,5580.1289,5580.1289,
8/15/2024 2:30:00 PM,03BOTOCA_L01,N,N,N,5580.1289,5580.1289,7968.1991,5580.1289,5580.1289,
8/15/2024 2:30:00 PM,03BOTOCA_SS,N,N,N,5580.1289,5580.1289,7968.1991,5580.1289,5580.1289,
8/15/2024 2:30:00 PM,03CADPI_G01,N,N,N,5444.7214,5444.7214,7938.4951,5444.7214,5444.7214,
8/15/2024 2:30:00 PM,03CALACA_G01,N,N,N,5430.2333,5430.2333,5246.6904,5430.2333,5430.2333,
8/15/2024 2:30:00 PM,03CALACA_G02,N,N,N,5440.2635,5440.2635,5928.8961,5440.2635,5440.2635,
8/15/2024 2:30:00 PM,03CALAMBA_L01,N,N,N,5615.7918,5615.7918,7968.1991,5615.7918,5615.7918,
8/15/2024 2:30:00 PM,03CALAMBA_SS,N,N,N,5601.8610,5601.8610,7968.1991,5601.8610,5601.8610,
8/15/2024 2:30:00 PM,03CALAU_SS,N,N,N,5629.7227,5629.7227,7968.1991,5629.7227,5629.7227,
8/15/2024 2:30:00 PM,03CALAU_T1L1,N,N,N,5642.5390,5642.5390,7968.1991,5642.5390,5642.5390,
8/15/2024 2:30:00 PM,03CALIRY_G01,N,N,N,5580.1289,5580.1289,8108.9699,5580.1289,5580.1289,
8/15/2024 2:30:00 PM,03CALIRY_SS,N,N,N,5580.1289,5580.1289,7968.1991,5580.1289,5580.1289,
8/15/2024 2:30:00 PM,03CALIRY_SS1,N,N,N,5580.1289,5580.1289,7968.1991,5580.1289,5580.1289,
8/15/2024 2:30:00 PM,03CALIR_TAL1,N,N,N,5581.2434,5581.2434,7968.1991,5581.2434,5581.2434,
8/15/2024 2:30:00 PM,03CALI_FLECO,N,N,N,5581.2434,5581.2434,7968.1991,5581.2434,5581.2434,
8/15/2024 2:30:00 PM,03CALSOL_G01,N,N,N,5444.7214,5444.7214,9683.9852,5444.7214,5444.7214,
8/15/2024 2:30:00 PM,03CLABSOL_G01,N,N,N,5419.0887,5419.0887,7941.3128,5419.0887,5419.0887,
8/15/2024 2:30:00 PM,03CLACA_SS,N,N,N,5531.6497,5531.6497,7968.1991,5531.6497,5531.6497,
8/15/2024 2:30:00 PM,03CLA_BCNOT,N,N,N,5429.6761,5429.6761,7968.1991,5429.6761,5429.6761,
8/15/2024 2:30:00 PM,03CLA_BTLEC1,N,N,N,5444.7214,5444.7214,7968.1991,5444.7214,5444.7214,
8/15/2024 2:30:00 PM,03CLA_STLCOR,N,N,N,5444.7214,5444.7214,7968.1991,5444.7214,5444.7214,
8/15/2024 2:30:00 PM,03CLA_T1L1,N,N,N,5444.7214,5444.7214,7968.1991,5444.7214,5444.7214,
8/15/2024 2:30:00 PM,03CLBATO_G01,N,N,N,5642.5390,5642.5390,8176.4122,5642.5390,5642.5390,
8/15/2024 2:30:00 PM,03COLASI_G01,N,N,N,5527.1918,5527.1918,8068.7845,5527.1918,5527.1918,
8/15/2024 2:30:00 PM,03DARAG_SS,N,N,N,5400.1428,5400.1428,7968.1991,5400.1428,5400.1428,
8/15/2024 2:30:00 PM,03DARAG_T1L1,N,N,N,5572.3277,5572.3277,7968.1991,5572.3277,5572.3277,
8/15/2024 2:30:00 PM,03DAR_ALECO,N,N,N,5409.6157,5409.6157,7968.1991,5409.6157,5409.6157,
8/15/2024 2:30:00 PM,03DAR_SRECO2,N,N,N,5414.6308,5414.6308,7968.1991,5414.6308,5414.6308,
8/15/2024 2:30:00 PM,03DAR_STDOM,N,N,N,5409.6157,5409.6157,7968.1991,5409.6157,5409.6157,
8/15/2024 2:30:00 PM,03DASMA_L01,N,N,N,5594.6170,5594.6170,7968.1991,5594.6170,5594.6170,
8/15/2024 2:30:00 PM,03DASMA_SS,N,N,N,5566.1981,5566.1981,7968.1991,5566.1981,5566.1981,
8/15/2024 2:30:00 PM,03EERI_G01,N,N,N,5441.9352,5441.9352,7925.9576,5441.9352,5441.9352,
8/15/2024 2:30:00 PM,03EERI_G02,N,N,N,5441.9352,5441.9352,8812.3476,5441.9352,5441.9352,
8/15/2024 2:30:00 PM,03EERI_G03,N,N,N,5572.3277,5572.3277,8039.6068,5572.3277,5572.3277,
8/15/2024 2:30:00 PM,03EERI_L01,N,N,N,5441.9352,5441.9352,7968.1991,5441.9352,5441.9352,
8/15/2024 2:30:00 PM,03EERI_SS,N,N,N,5441.9352,5441.9352,7968.1991,5441.9352,5441.9352,
8/15/2024 2:30:00 PM,03GUMAC_SS,N,N,N,5571.7704,5571.7704,7968.1991,5571.7704,5571.7704,
8/15/2024 2:30:00 PM,03GUMAC_T1L1,N,N,N,5576.2283,5576.2283,7968.1991,5576.2283,5576.2283,
8/15/2024 2:30:00 PM,03GUMAC_T1L2,N,N,N,5576.2283,5576.2283,7968.1991,5576.2283,5576.2283,
8/15/2024 2:30:00 PM,03GUMAC_T1L3,N,N,N,5576.2283,5576.2283,7968.1991,5576.2283,5576.2283,
8/15/2024 2:30:00 PM,03GUMAC_T1L4,N,N,N,5576.2283,5576.2283,7968.1991,5576.2283,5576.2283,
8/15/2024 2:30:00 PM,03ILI500_SS,N,N,N,5441.9352,5441.9352,7968.1991,5441.9352,5441.9352,
8/15/2024 2:30:00 PM,03ILIJAN_G01,N,N,N,5439.7063,5439.7063,8059.8244,5439.7063,5439.7063,
8/15/2024 2:30:00 PM,03ILIJAN_G02,N,N,N,5440.2635,5440.2635,8284.1573,5440.2635,5440.2635,
8/15/2024 2:30:00 PM,03ILIJAN_SS,N,N,N,5439.7063,5439.7063,7968.1991,5439.7063,5439.7063,
8/15/2024 2:30:00 PM,03ILIJAN_SS2,N,N,N,5440.2635,5440.2635,7968.1991,5440.2635,5440.2635,
8/15/2024 2:30:00 PM,03INARI_G01,N,N,N,5419.0887,5419.0887,8196.8908,5419.0887,5419.0887,
8/15/2024 2:30:00 PM,03INGRID_GS1,N,N,N,5630.2799,5630.2799,7272.95,5630.2799,5630.2799,
8/15/2024 2:30:00 PM,03INGRID_GS2,N,N,N,5630.2799,5630.2799,9604.1498,5630.2799,5630.2799,
8/15/2024 2:30:00 PM,03INGRID_GS3,N,N,N,5630.2799,5630.2799,14242.5289,5630.2799,5630.2799,
8/15/2024 2:30:00 PM,03INGRID_GS4,N,N,N,5630.2799,5630.2799,9590.8192,5630.2799,5630.2799,
8/15/2024 2:30:00 PM,03INGRID_GS5,N,N,N,5630.2799,5630.2799,9196.8946,5630.2799,5630.2799,
8/15/2024 2:30:00 PM,03INGRID_GS6,N,N,N,5630.2799,5630.2799,9593.7190,5630.2799,5630.2799,
8/15/2024 2:30:00 PM,03KAL_E_T1L1,N,N,N,5587.3730,5587.3730,7968.1991,5587.3730,5587.3730,
8/15/2024 2:30:00 PM,03KAL_G01,N,N,N,5588.4874,5588.4874,8125.2622,5588.4874,5588.4874,
8/15/2024 2:30:00 PM,03KAL_G02,N,N,N,5588.4874,5588.4874,6855.9139,5588.4874,5588.4874,
8/15/2024 2:30:00 PM,03KAL_G03,N,N,N,5585.7013,5585.7013,8534.2648,5585.7013,5585.7013,
8/15/2024 2:30:00 PM,03KAL_G04,N,N,N,5585.1440,5585.1440,8052.8497,5585.1440,5585.1440,
8/15/2024 2:30:00 PM,03KAL_SS,N,N,N,5588.4874,5588.4874,7968.1991,5588.4874,5588.4874,
8/15/2024 2:30:00 PM,03LABO_SS,N,N,N,5518.2761,5518.2761,7968.1991,5518.2761,5518.2761,
8/15/2024 2:30:00 PM,03LABO_T1L1,N,N,N,5527.1918,5527.1918,7968.1991,5527.1918,5527.1918,
8/15/2024 2:30:00 PM,03LABO_T1L2,N,N,N,5527.1918,5527.1918,7968.1991,5527.1918,5527.1918,
8/15/2024 2:30:00 PM,03LMHP_G01,N,N,N,5312.10,5312.10,7776.3837,5312.10,5312.10,
8/15/2024 2:30:00 PM,03LUMBAN_BAT,N,N,N,5587.3730,5587.3730,3927.8356,5587.3730,5587.3730,
8/15/2024 2:30:00 PM,03LUMBAN_BATL,N,N,N,5587.3730,5587.3730,7968.1991,5587.3730,5587.3730,
8/15/2024 2:30:00 PM,03LUMBAN_SS,N,N,N,5589.0447,5589.0447,7968.1991,5589.0447,5589.0447,
8/15/2024 2:30:00 PM,03LWERLAB_G01,N,N,N,5581.2434,5581.2434,8383.4173,5581.2434,5581.2434,
8/15/2024 2:30:00 PM,03MAJAY_G01,N,N,N,5580.1289,5580.1289,6758.6964,5580.1289,5580.1289,
8/15/2024 2:30:00 PM,03MAKBA_T3L1,N,N,N,5572.3277,5572.3277,7968.1991,5572.3277,5572.3277,
8/15/2024 2:30:00 PM,03MAKBA_T3L2,N,N,N,5572.3277,5572.3277,7968.1991,5572.3277,5572.3277,
8/15/2024 2:30:00 PM,03MALAYA_G01,N,N,N,5630.2799,5630.2799,8188.1288,5630.2799,5630.2799,
8/15/2024 2:30:00 PM,03MALAYA_G02,N,N,N,5572.3277,5572.3277,8039.6068,5572.3277,5572.3277,
8/15/2024 2:30:00 PM,03MEC_G01,N,N,N,5594.6170,5594.6170,6297.1405,5594.6170,5594.6170,
8/15/2024 2:30:00 PM,03MGI_G02,N,N,N,5642.5390,5642.5390,8199.4712,5642.5390,5642.5390,
8/15/2024 2:30:00 PM,03MGPP_G01,N,N,N,5642.5390,5642.5390,8196.5213,5642.5390,5642.5390,
8/15/2024 2:30:00 PM,03MKBNA_SS,N,N,N,5572.3277,5572.3277,7968.1991,5572.3277,5572.3277,
8/15/2024 2:30:00 PM,03MKBNB_SS,N,N,N,5571.2132,5571.2132,7968.1991,5571.2132,5571.2132,
8/15/2024 2:30:00 PM,03MKBNC_SS,N,N,N,5572.3277,5572.3277,7968.1991,5572.3277,5572.3277,
8/15/2024 2:30:00 PM,03MKBND_SS,N,N,N,5570.0988,5570.0988,7968.1991,5570.0988,5570.0988,
8/15/2024 2:30:00 PM,03MKBNE_SS,N,N,N,5572.3277,5572.3277,7968.1991,5572.3277,5572.3277,
8/15/2024 2:30:00 PM,03MKBN_A,N,N,N,5540.0082,5540.0082,8560.5983,5540.0082,5540.0082,
8/15/2024 2:30:00 PM,03MKBN_B,N,N,N,5563.9692,5563.9692,8036.8523,5563.9692,5563.9692,
8/15/2024 2:30:00 PM,03MKBN_C,N,N,N,5572.3277,5572.3277,8039.6068,5572.3277,5572.3277,
8/15/2024 2:30:00 PM,03MKBN_D,N,N,N,5567.3126,5567.3126,8691.2448,5567.3126,5567.3126,
8/15/2024 2:30:00 PM,03MKBN_E,N,N,N,5572.3277,5572.3277,8167.8447,5572.3277,5572.3277,
8/15/2024 2:30:00 PM,03MKBN_SLACE,N,N,N,5572.3277,5572.3277,7968.1991,5572.3277,5572.3277,
8/15/2024 2:30:00 PM,03MLAYA_L01,N,N,N,5630.2799,5630.2799,7968.1991,5630.2799,5630.2799,
8/15/2024 2:30:00 PM,03MLAYA_SS,N,N,N,5630.2799,5630.2799,7968.1991,5630.2799,5630.2799,
8/15/2024 2:30:00 PM,03MLAYA_SS1,N,N,N,5630.2799,5630.2799,7968.1991,5630.2799,5630.2799,
8/15/2024 2:30:00 PM,03MLAYA_T2L1,N,N,N,5630.2799,5630.2799,7968.1991,5630.2799,5630.2799,
8/15/2024 2:30:00 PM,03MLAYA_T2L2,N,N,N,5572.3277,5572.3277,7968.1991,5572.3277,5572.3277,
8/15/2024 2:30:00 PM,03NAG_CSRC2B,N,N,N,5419.0887,5419.0887,7968.1991,5419.0887,5419.0887,
8/15/2024 2:30:00 PM,03NAG_CSRCO1,N,N,N,5419.0887,5419.0887,7968.1991,5419.0887,5419.0887,
8/15/2024 2:30:00 PM,03NAG_CSRCO2,N,N,N,5419.0887,5419.0887,7968.1991,5419.0887,5419.0887,
8/15/2024 2:30:00 PM,03NAG_CSRCO3,N,N,N,5419.0887,5419.0887,7968.1991,5419.0887,5419.0887,
8/15/2024 2:30:00 PM,03NAG_CSRCO4,N,N,N,5419.0887,5419.0887,7968.1991,5419.0887,5419.0887,
8/15/2024 2:30:00 PM,03NAG_SS,N,N,N,5419.0887,5419.0887,7968.1991,5419.0887,5419.0887,
8/15/2024 2:30:00 PM,03ORMAT_G01,N,N,N,5572.3277,5572.3277,8033.5078,5572.3277,5572.3277,
8/15/2024 2:30:00 PM,03ORMAT_SS,N,N,N,5572.3277,5572.3277,7968.1991,5572.3277,5572.3277,
8/15/2024 2:30:00 PM,03PAGBIL_G01,N,N,N,5385.0975,5385.0975,7931.5577,5385.0975,5385.0975,
8/15/2024 2:30:00 PM,03PAGBIL_G02,N,N,N,5383.4258,5383.4258,7981.8938,5383.4258,5383.4258,
8/15/2024 2:30:00 PM,03PAGBIL_G03,N,N,N,5382.8685,5382.8685,7866.6993,5382.8685,5382.8685,
8/15/2024 2:30:00 PM,03PAGEHV_SS,N,N,N,5421.8748,5421.8748,7968.1991,5421.8748,5421.8748,
8/15/2024 2:30:00 PM,03PALAK_G01,N,N,N,5642.5390,5642.5390,7484.4085,5642.5390,5642.5390,
8/15/2024 2:30:00 PM,03PALAYAN_G01,N,N,N,5572.3277,5572.3277,8706.0064,5572.3277,5572.3277,
8/15/2024 2:30:00 PM,03PGBIL_SS,N,N,N,5385.0975,5385.0975,7968.1991,5385.0975,5385.0975,
8/15/2024 2:30:00 PM,03PGBIL_SS1,N,N,N,5385.0975,5385.0975,7968.1991,5385.0975,5385.0975,
8/15/2024 2:30:00 PM,03PGBIL_SS2,N,N,N,5385.0975,5385.0975,7968.1991,5385.0975,5385.0975,
8/15/2024 2:30:00 PM,03QPPL_G01,N,N,N,5312.10,5312.10,8762.1947,5312.10,5312.10,
8/15/2024 2:30:00 PM,03QPPL_SU1,N,N,N,5312.10,5312.10,7968.1991,5312.10,5312.10,
8/15/2024 2:30:00 PM,03QPPL_T5L1,N,N,N,5312.10,5312.10,7968.1991,5312.10,5312.10,
8/15/2024 2:30:00 PM,03RCBMI_G01,N,N,N,5518.2761,5518.2761,8051.7085,5518.2761,5518.2761,
8/15/2024 2:30:00 PM,03RCBMI_G02,N,N,N,5518.2761,5518.2761,8051.7085,5518.2761,5518.2761,
8/15/2024 2:30:00 PM,03SBPL_G01,N,N,N,5312.10,5312.10,8103.7292,5312.10,5312.10,
8/15/2024 2:30:00 PM,03SBPL_L01,N,N,N,5312.10,5312.10,7968.1991,5312.10,5312.10,
8/15/2024 2:30:00 PM,03SLPGC_G01,N,N,N,5572.3277,5572.3277,5064.4608,5572.3277,5572.3277,
8/15/2024 2:30:00 PM,03SLPGC_G02,N,N,N,5412.4019,5412.4019,8018.4050,5412.4019,5412.4019,
8/15/2024 2:30:00 PM,03SLPGC_SS,N,N,N,5439.7063,5439.7063,7968.1991,5439.7063,5439.7063,
8/15/2024 2:30:00 PM,03SLTEC_G01,N,N,N,5572.3277,5572.3277,7131.5547,5572.3277,5572.3277,
8/15/2024 2:30:00 PM,03SLTEC_G02,N,N,N,5427.4472,5427.4472,9224.4053,5427.4472,5427.4472,
8/15/2024 2:30:00 PM,03SLTEC_SS,N,N,N,5429.6761,5429.6761,7968.1991,5429.6761,5429.6761,
8/15/2024 2:30:00 PM,03SNGAB_G01,N,N,N,5474.8119,5474.8119,9833.9005,5474.8119,5474.8119,
8/15/2024 2:30:00 PM,03SNGAB_S01,N,N,N,5474.8119,5474.8119,7968.1991,5474.8119,5474.8119,
8/15/2024 2:30:00 PM,03SOLACE_G01,N,N,N,5572.3277,5572.3277,7834.0991,5572.3277,5572.3277,
8/15/2024 2:30:00 PM,03STA-RI_G01,N,N,N,5378.9679,5378.9679,9183.5631,5378.9679,5378.9679,
8/15/2024 2:30:00 PM,03STA-RI_G02,N,N,N,5572.3277,5572.3277,6732.6690,5572.3277,5572.3277,
8/15/2024 2:30:00 PM,03STA-RI_G03,N,N,N,5392.8987,5392.8987,8401.5298,5392.8987,5392.8987,
8/15/2024 2:30:00 PM,03STA-RI_G04,N,N,N,5392.8987,5392.8987,8504.2134,5392.8987,5392.8987,
8/15/2024 2:30:00 PM,03STA-RI_G05,N,N,N,5489.30,5489.30,8602.8558,5489.30,5489.30,
8/15/2024 2:30:00 PM,03STA-RI_G06,N,N,N,5489.30,5489.30,8590.5958,5489.30,5489.30,
8/15/2024 2:30:00 PM,03STAR_SS1,N,N,N,5378.9679,5378.9679,7968.1991,5378.9679,5378.9679,
8/15/2024 2:30:00 PM,03STAR_SS2,N,N,N,5572.3277,5572.3277,7968.1991,5572.3277,5572.3277,
8/15/2024 2:30:00 PM,03STAR_SS3,N,N,N,5392.8987,5392.8987,7968.1991,5392.8987,5392.8987,
8/15/2024 2:30:00 PM,03STAR_SS4,N,N,N,5392.8987,5392.8987,7968.1991,5392.8987,5392.8987,
8/15/2024 2:30:00 PM,03STAR_SS5,N,N,N,5489.30,5489.30,7968.1991,5489.30,5489.30,
8/15/2024 2:30:00 PM,03STAR_SS6,N,N,N,5489.30,5489.30,7968.1991,5489.30,5489.30,
8/15/2024 2:30:00 PM,03STROS_T1L1,N,N,N,5625.2648,5625.2648,7968.1991,5625.2648,5625.2648,
8/15/2024 2:30:00 PM,03TAYAB_SS,N,N,N,5430.2333,5430.2333,7968.1991,5430.2333,5430.2333,
8/15/2024 2:30:00 PM,03TAYAB_T1L1,N,N,N,5430.2333,5430.2333,7968.1991,5430.2333,5430.2333,
8/15/2024 2:30:00 PM,03TAYAB_T1L2,N,N,N,5430.2333,5430.2333,7968.1991,5430.2333,5430.2333,
8/15/2024 2:30:00 PM,03TGPP_G01,N,N,N,5392.8987,5392.8987,7977.4129,5392.8987,5392.8987,
8/15/2024 2:30:00 PM,03TGPP_L01,N,N,N,5392.8987,5392.8987,7968.1991,5392.8987,5392.8987,
8/15/2024 2:30:00 PM,03TIBAG_G01,N,N,N,5581.2434,5581.2434,8120.3361,5581.2434,5581.2434,
8/15/2024 2:30:00 PM,03TIWIA_SS,N,N,N,5395.1277,5395.1277,7968.1991,5395.1277,5395.1277,
8/15/2024 2:30:00 PM,03TIWIC_L01,N,N,N,5572.3277,5572.3277,7968.1991,5572.3277,5572.3277,
8/15/2024 2:30:00 PM,03TIWIC_SS,N,N,N,5395.6849,5395.6849,7968.1991,5395.6849,5395.6849,
8/15/2024 2:30:00 PM,03TIWI_A,N,N,N,5395.1277,5395.1277,9607.7970,5395.1277,5395.1277,
8/15/2024 2:30:00 PM,03TIWI_C,N,N,N,5395.1277,5395.1277,7926.0492,5395.1277,5395.1277,
8/15/2024 2:30:00 PM,03UPLAB_G01,N,N,N,5587.3730,5587.3730,8118.9623,5587.3730,5587.3730,
8/15/2024 2:30:00 PM,04BABAT_SS,N,N,N,5761.2296,5761.2296,7968.1991,5761.2296,5761.2296,
8/15/2024 2:30:00 PM,04BABAT_T1L1,N,N,N,5765.6875,5765.6875,7968.1991,5765.6875,5765.6875,
8/15/2024 2:30:00 PM,04BAGLI_T1L1,N,N,N,5768.4736,5768.4736,7968.1991,5768.4736,5768.4736,
8/15/2024 2:30:00 PM,04BAGLI_T1L2,N,N,N,5768.4736,5768.4736,7968.1991,5768.4736,5768.4736,
8/15/2024 2:30:00 PM,04BILGPP_G01,N,N,N,5492.6434,5492.6434,8722.9481,5492.6434,5492.6434,
8/15/2024 2:30:00 PM,04CLBYBNK_G01,N,N,N,5945.1164,5945.1164,9252.0070,5945.1164,5945.1164,
8/15/2024 2:30:00 PM,04CLBYOG_L02,N,N,N,5945.1164,5945.1164,7968.1991,5945.1164,5945.1164,
8/15/2024 2:30:00 PM,04CLBYOG_SS,N,N,N,5942.8875,5942.8875,7968.1991,5942.8875,5942.8875,
8/15/2024 2:30:00 PM,04IASMOD_G01,N,N,N,5496.5440,5496.5440,8398.7118,5496.5440,5496.5440,
8/15/2024 2:30:00 PM,04IASMOD_G02,N,N,N,5496.5440,5496.5440,8788.5645,5496.5440,5496.5440,
8/15/2024 2:30:00 PM,04IASMOD_G03,N,N,N,5496.5440,5496.5440,7446.2015,5496.5440,5496.5440,
8/15/2024 2:30:00 PM,04IASMOD_G04,N,N,N,5496.5440,5496.5440,9430.0092,5496.5440,5496.5440,
8/15/2024 2:30:00 PM,04IASMOD_G05,N,N,N,5496.5440,5496.5440,7484.1659,5496.5440,5496.5440,
8/15/2024 2:30:00 PM,04IASMOD_G06,N,N,N,5496.5440,5496.5440,5126.8863,5496.5440,5496.5440,
8/15/2024 2:30:00 PM,04ISABE_SS,N,N,N,5496.5440,5496.5440,7968.1991,5496.5440,5496.5440,
8/15/2024 2:30:00 PM,04ISABE_T1L1,N,N,N,5496.5440,5496.5440,7968.1991,5496.5440,5496.5440,
8/15/2024 2:30:00 PM,04ISABE_T2L1,N,N,N,5496.5440,5496.5440,7968.1991,5496.5440,5496.5440,
8/15/2024 2:30:00 PM,04ISABE_T3L1,N,N,N,5496.5440,5496.5440,7968.1991,5496.5440,5496.5440,
8/15/2024 2:30:00 PM,04ISABE_T4L2,N,N,N,5496.5440,5496.5440,7968.1991,5496.5440,5496.5440,
8/15/2024 2:30:00 PM,04ISABE_T5L2,N,N,N,5496.5440,5496.5440,7968.1991,5496.5440,5496.5440,
8/15/2024 2:30:00 PM,04LEYTE_A,N,N,N,5489.8572,5489.8572,8743.8593,5489.8572,5489.8572,
8/15/2024 2:30:00 PM,04LEYTE_S01,N,N,N,5489.8572,5489.8572,7968.1991,5489.8572,5489.8572,
8/15/2024 2:30:00 PM,04LGPP_G01,N,N,N,5472.0258,5472.0258,8050.1746,5472.0258,5472.0258,
8/15/2024 2:30:00 PM,04MAASI_SS,N,N,N,5630.8371,5630.8371,7968.1991,5630.8371,5630.8371,
8/15/2024 2:30:00 PM,04MAASI_T1L1,N,N,N,5634.1805,5634.1805,7968.1991,5634.1805,5634.1805,
8/15/2024 2:30:00 PM,04MAASI_T2L2,N,N,N,5634.1805,5634.1805,7968.1991,5634.1805,5634.1805,
8/15/2024 2:30:00 PM,04ORMOC_BAT,N,N,N,5492.6434,5492.6434,11590.0578,5492.6434,5492.6434,
8/15/2024 2:30:00 PM,04ORMOC_SS,N,N,N,5492.6434,5492.6434,7968.1991,5492.6434,5492.6434,
8/15/2024 2:30:00 PM,04ORMOC_T2L1,N,N,N,5492.6434,5492.6434,7968.1991,5492.6434,5492.6434,
8/15/2024 2:30:00 PM,04ORMOC_T2L2,N,N,N,5492.6434,5492.6434,7968.1991,5492.6434,5492.6434,
8/15/2024 2:30:00 PM,04PARA_SS,N,N,N,5878.2485,5878.2485,7968.1991,5878.2485,5878.2485,
8/15/2024 2:30:00 PM,04PHSOL_G01,N,N,N,5492.6434,5492.6434,6227.9693,5492.6434,5492.6434,
8/15/2024 2:30:00 PM,04SEPSOL_G01,N,N,N,5492.6434,5492.6434,6620.7485,5492.6434,5492.6434,
8/15/2024 2:30:00 PM,04SNAGU_L01,N,N,N,5945.1164,5945.1164,7968.1991,5945.1164,5945.1164,
8/15/2024 2:30:00 PM,04STAR_SS,N,N,N,5767.9164,5767.9164,7968.1991,5767.9164,5767.9164,
8/15/2024 2:30:00 PM,04TABAN_SS,N,N,N,5512.7038,5512.7038,7968.1991,5512.7038,5512.7038,
8/15/2024 2:30:00 PM,04TABAN_T1L1,N,N,N,5572.3277,5572.3277,7968.1991,5572.3277,5572.3277,
8/15/2024 2:30:00 PM,04TAFT_G01,N,N,N,6036.5026,6036.5026,10214.5067,6036.5026,6036.5026,
8/15/2024 2:30:00 PM,04TONGO_T2L2,N,N,N,5472.5830,5472.5830,7968.1991,5472.5830,5472.5830,
8/15/2024 2:30:00 PM,04WRIGH_T1L1,N,N,N,5878.8057,5878.8057,7968.1991,5878.8057,5878.8057,
8/15/2024 2:30:00 PM,04WRIGH_T2L2,N,N,N,6036.5026,6036.5026,7968.1991,6036.5026,6036.5026,
8/15/2024 2:30:00 PM,05BANIL_T1L1,N,N,N,5620.2497,5620.2497,7968.1991,5620.2497,5620.2497,
8/15/2024 2:30:00 PM,05BANIL_T1L2,N,N,N,5620.2497,5620.2497,7968.1991,5620.2497,5620.2497,
8/15/2024 2:30:00 PM,05BANIL_T1L3,N,N,N,5618.5780,5618.5780,7968.1991,5618.5780,5618.5780,
8/15/2024 2:30:00 PM,05CALUNG_CEP,N,N,N,5519.3906,5519.3906,7968.1991,5519.3906,5519.3906,
8/15/2024 2:30:00 PM,05CARMENDPP_U01,N,N,N,5537.2220,5537.2220,8643.2518,5537.2220,5537.2220,
8/15/2024 2:30:00 PM,05CARMENDPP_U02,N,N,N,5537.2220,5537.2220,8643.2518,5537.2220,5537.2220,
8/15/2024 2:30:00 PM,05CARMENDPP_U03,N,N,N,5537.2220,5537.2220,8643.2518,5537.2220,5537.2220,
8/15/2024 2:30:00 PM,05CARMENDPP_U04,N,N,N,5537.2220,5537.2220,8643.2518,5537.2220,5537.2220,
8/15/2024 2:30:00 PM,05CDPPI_SS1,N,N,N,5572.3277,5572.3277,7968.1991,5572.3277,5572.3277,
8/15/2024 2:30:00 PM,05CDPPI_SS2,N,N,N,5572.3277,5572.3277,7968.1991,5572.3277,5572.3277,
8/15/2024 2:30:00 PM,05CEBU_SS,N,N,N,5595.7315,5595.7315,7968.1991,5595.7315,5595.7315,
8/15/2024 2:30:00 PM,05CEDC_SS,N,N,N,5511.0321,5511.0321,7968.1991,5511.0321,5511.0321,
8/15/2024 2:30:00 PM,05CEDC_U01,N,N,N,5509.9176,5509.9176,8616.9769,5509.9176,5509.9176,
8/15/2024 2:30:00 PM,05CEDC_U02,N,N,N,5509.9176,5509.9176,8620.9885,5509.9176,5509.9176,
8/15/2024 2:30:00 PM,05CEDC_U03,N,N,N,5509.9176,5509.9176,8647.6331,5509.9176,5509.9176,
8/15/2024 2:30:00 PM,05CEMEX_L01,N,N,N,5572.3277,5572.3277,7968.1991,5572.3277,5572.3277,
8/15/2024 2:30:00 PM,05COLON_L01,N,N,N,5572.8849,5572.8849,7968.1991,5572.8849,5572.8849,
8/15/2024 2:30:00 PM,05COMPS_SS,N,N,N,5601.8610,5601.8610,7968.1991,5601.8610,5601.8610,
8/15/2024 2:30:00 PM,05COMPS_T1L1,N,N,N,5610.7767,5610.7767,7968.1991,5610.7767,5610.7767,
8/15/2024 2:30:00 PM,05COMPS_T2L2,N,N,N,5610.7767,5610.7767,7968.1991,5610.7767,5610.7767,
8/15/2024 2:30:00 PM,05CPPC_U01,N,N,N,5623.5931,5623.5931,5196.6433,5623.5931,5623.5931,
8/15/2024 2:30:00 PM,05CPPC_U02,N,N,N,5623.5931,5623.5931,8764.0636,5623.5931,5623.5931,
8/15/2024 2:30:00 PM,05CPPC_U03,N,N,N,5623.5931,5623.5931,8764.0636,5623.5931,5623.5931,
8/15/2024 2:30:00 PM,05CPPC_U04,N,N,N,5623.5931,5623.5931,8764.0636,5623.5931,5623.5931,
8/15/2024 2:30:00 PM,05CPPC_U05,N,N,N,5623.5931,5623.5931,8764.0636,5623.5931,5623.5931,
8/15/2024 2:30:00 PM,05CPPC_U06,N,N,N,5623.5931,5623.5931,8764.0636,5623.5931,5623.5931,
8/15/2024 2:30:00 PM,05CPPC_U07,N,N,N,5623.5931,5623.5931,8764.0636,5623.5931,5623.5931,
8/15/2024 2:30:00 PM,05CPPC_U08,N,N,N,5623.5931,5623.5931,11800.1034,5623.5931,5623.5931,
8/15/2024 2:30:00 PM,05CPPC_U09,N,N,N,5623.5931,5623.5931,8764.0636,5623.5931,5623.5931,
8/15/2024 2:30:00 PM,05CPPC_U10,N,N,N,5623.5931,5623.5931,8764.0636,5623.5931,5623.5931,
8/15/2024 2:30:00 PM,05DAANB_SS,N,N,N,5547.2522,5547.2522,7968.1991,5547.2522,5547.2522,
8/15/2024 2:30:00 PM,05DMAN_SS,N,N,N,5520.5050,5520.5050,7968.1991,5520.5050,5520.5050,
8/15/2024 2:30:00 PM,05DMA_L01,N,N,N,5512.7038,5512.7038,7968.1991,5512.7038,5512.7038,
8/15/2024 2:30:00 PM,05EAUC_U01,N,N,N,5674.8585,5674.8585,8835.8802,5674.8585,5674.8585,
8/15/2024 2:30:00 PM,05EAUC_U02,N,N,N,5674.8585,5674.8585,8835.8802,5674.8585,5674.8585,
8/15/2024 2:30:00 PM,05EAUC_U03,N,N,N,5674.8585,5674.8585,4570.3082,5674.8585,5674.8585,
8/15/2024 2:30:00 PM,05EAUC_U04,N,N,N,5674.8585,5674.8585,8835.8802,5674.8585,5674.8585,
8/15/2024 2:30:00 PM,05KSPC_G01,N,N,N,5567.8698,5567.8698,7780.1156,5567.8698,5567.8698,
8/15/2024 2:30:00 PM,05KSPC_G02,N,N,N,5567.8698,5567.8698,7695.2896,5567.8698,5567.8698,
8/15/2024 2:30:00 PM,05KSPC_SS1,N,N,N,5567.8698,5567.8698,7968.1991,5567.8698,5567.8698,
8/15/2024 2:30:00 PM,05KSPC_SS2,N,N,N,5567.8698,5567.8698,7968.1991,5567.8698,5567.8698,
8/15/2024 2:30:00 PM,05LAPU_SS,N,N,N,5666.50,5666.50,7968.1991,5666.50,5666.50,
8/15/2024 2:30:00 PM,05MCTAN_T1L1,N,N,N,5674.8585,5674.8585,7968.1991,5674.8585,5674.8585,
8/15/2024 2:30:00 PM,05MNDUE_SS,N,N,N,5658.6988,5658.6988,7968.1991,5658.6988,5658.6988,
8/15/2024 2:30:00 PM,05MNDUE_T1L1,N,N,N,5665.9428,5665.9428,7968.1991,5665.9428,5665.9428,
8/15/2024 2:30:00 PM,05MNDUE_T1L2,N,N,N,5665.9428,5665.9428,7968.1991,5665.9428,5665.9428,
8/15/2024 2:30:00 PM,05MNDUE_T1L4,N,N,N,5665.9428,5665.9428,7968.1991,5665.9428,5665.9428,
8/15/2024 2:30:00 PM,05MNDUE_T1L5,N,N,N,5665.9428,5665.9428,7968.1991,5665.9428,5665.9428,
8/15/2024 2:30:00 PM,05NAGA_T1L1,N,N,N,5572.3277,5572.3277,7968.1991,5572.3277,5572.3277,
8/15/2024 2:30:00 PM,05NAGA_T2L2,N,N,N,5572.3277,5572.3277,7968.1991,5572.3277,5572.3277,
8/15/2024 2:30:00 PM,05NAGLES_L01,N,N,N,5577.3428,5577.3428,7968.1991,5577.3428,5577.3428,
8/15/2024 2:30:00 PM,05NNAGVE_L01,N,N,N,5572.3277,5572.3277,7968.1991,5572.3277,5572.3277,
8/15/2024 2:30:00 PM,05NNAGVE_L02,N,N,N,5572.3277,5572.3277,7968.1991,5572.3277,5572.3277,
8/15/2024 2:30:00 PM,05QUIOT_T1L1,N,N,N,5623.5931,5623.5931,7968.1991,5623.5931,5623.5931,
8/15/2024 2:30:00 PM,05SAMB_L01,N,N,N,5459.2094,5459.2094,7968.1991,5459.2094,5459.2094,
8/15/2024 2:30:00 PM,05SAMB_L02,N,N,N,5572.3277,5572.3277,7968.1991,5572.3277,5572.3277,
8/15/2024 2:30:00 PM,05SAMB_SS,N,N,N,5459.2094,5459.2094,7968.1991,5459.2094,5459.2094,
8/15/2024 2:30:00 PM,05TALATR1_SS,N,N,N,5519.3906,5519.3906,7968.1991,5519.3906,5519.3906,
8/15/2024 2:30:00 PM,05TALAV_SS,N,N,N,5519.3906,5519.3906,7968.1991,5519.3906,5519.3906,
8/15/2024 2:30:00 PM,05TALAV_T1L1,N,N,N,5519.3906,5519.3906,7968.1991,5519.3906,5519.3906,
8/15/2024 2:30:00 PM,05TALIS_T1L1,N,N,N,5572.3277,5572.3277,7968.1991,5572.3277,5572.3277,
8/15/2024 2:30:00 PM,05THVI_SS1,N,N,N,5536.6648,5536.6648,7968.1991,5536.6648,5536.6648,
8/15/2024 2:30:00 PM,05THVI_SS2,N,N,N,5536.6648,5536.6648,7968.1991,5536.6648,5536.6648,
8/15/2024 2:30:00 PM,05THVI_U01,N,N,N,5536.6648,5536.6648,8752.9029,5536.6648,5536.6648,
8/15/2024 2:30:00 PM,05THVI_U02,N,N,N,5536.6648,5536.6648,8766.6609,5536.6648,5536.6648,
8/15/2024 2:30:00 PM,05TOLEDO_BAT,N,N,N,5519.3906,5519.3906,8608.8783,5519.3906,5519.3906,
8/15/2024 2:30:00 PM,05TOLSOL_G01,N,N,N,5519.3906,5519.3906,7139.1999,5519.3906,5519.3906,
8/15/2024 2:30:00 PM,05TOL_CARMEN,N,N,N,5537.2220,5537.2220,7968.1991,5537.2220,5537.2220,
8/15/2024 2:30:00 PM,05TPC_G01,N,N,N,5537.2220,5537.2220,8643.2518,5537.2220,5537.2220,
8/15/2024 2:30:00 PM,05TPC_G02,N,N,N,5537.2220,5537.2220,8534.3499,5537.2220,5537.2220,
8/15/2024 2:30:00 PM,05TPC_L01,N,N,N,5537.2220,5537.2220,7968.1991,5537.2220,5537.2220,
8/15/2024 2:30:00 PM,05TPC_S01,N,N,N,5537.2220,5537.2220,7968.1991,5537.2220,5537.2220,
8/15/2024 2:30:00 PM,05TPC_S02,N,N,N,5537.2220,5537.2220,7968.1991,5537.2220,5537.2220,
8/15/2024 2:30:00 PM,05TPVI_U01,N,N,N,5572.3277,5572.3277,8704.8339,5572.3277,5572.3277,
8/15/2024 2:30:00 PM,05TPVI_U02,N,N,N,5572.3277,5572.3277,8704.8339,5572.3277,5572.3277,
8/15/2024 2:30:00 PM,05TPVI_U03,N,N,N,5572.3277,5572.3277,8704.8339,5572.3277,5572.3277,
8/15/2024 2:30:00 PM,05TPVI_U04,N,N,N,5572.3277,5572.3277,8704.8339,5572.3277,5572.3277,
8/15/2024 2:30:00 PM,05TPVI_U05,N,N,N,5572.3277,5572.3277,8704.8339,5572.3277,5572.3277,
8/15/2024 2:30:00 PM,05TPVI_U06,N,N,N,5572.3277,5572.3277,8704.8339,5572.3277,5572.3277,
8/15/2024 2:30:00 PM,06AMLAN_SS,N,N,N,5422.4321,5422.4321,7968.1991,5422.4321,5422.4321,
8/15/2024 2:30:00 PM,06AMLAN_T1L1,N,N,N,5423.5465,5423.5465,7968.1991,5423.5465,5423.5465,
8/15/2024 2:30:00 PM,06AMLAN_T2L2,N,N,N,5423.5465,5423.5465,7968.1991,5423.5465,5423.5465,
8/15/2024 2:30:00 PM,06AMLA_G01,N,N,N,5423.5465,5423.5465,8477.4976,5423.5465,5423.5465,
8/15/2024 2:30:00 PM,06BACOL_SS,N,N,N,5625.2648,5625.2648,7968.1991,5625.2648,5625.2648,
8/15/2024 2:30:00 PM,06BACOL_T1L1,N,N,N,5625.2648,5625.2648,7968.1991,5625.2648,5625.2648,
8/15/2024 2:30:00 PM,06BACOL_T1L2,N,N,N,5625.2648,5625.2648,7968.1991,5625.2648,5625.2648,
8/15/2024 2:30:00 PM,06BACOL_T2L2,N,N,N,5625.2648,5625.2648,7968.1991,5625.2648,5625.2648,
8/15/2024 2:30:00 PM,06BACOL_T3L3,N,N,N,5625.2648,5625.2648,7968.1991,5625.2648,5625.2648,
8/15/2024 2:30:00 PM,06BBGPP_G01,N,N,N,5618.5780,5618.5780,8777.83,5618.5780,5618.5780,
8/15/2024 2:30:00 PM,06BBGPP_L01,N,N,N,5618.5780,5618.5780,7968.1991,5618.5780,5618.5780,
8/15/2024 2:30:00 PM,06BCLBAS_LD1,N,N,N,5625.2648,5625.2648,7968.1991,5625.2648,5625.2648,
8/15/2024 2:30:00 PM,06BCL_SS,N,N,N,5619.6925,5619.6925,7968.1991,5619.6925,5619.6925,
8/15/2024 2:30:00 PM,06BISCOM_G01,N,N,N,5585.1440,5585.1440,8714.2326,5585.1440,5585.1440,
8/15/2024 2:30:00 PM,06CABI_G01,N,N,N,5423.5465,5423.5465,8477.4976,5423.5465,5423.5465,
8/15/2024 2:30:00 PM,06CADIZL_SS,N,N,N,5566.1981,5566.1981,7968.1991,5566.1981,5566.1981,
8/15/2024 2:30:00 PM,06CADIZL_T1L1,N,N,N,5566.1981,5566.1981,7968.1991,5566.1981,5566.1981,
8/15/2024 2:30:00 PM,06CADIZL_T1L2,N,N,N,5566.1981,5566.1981,7968.1991,5566.1981,5566.1981,
8/15/2024 2:30:00 PM,06CADIZL_T1L3,N,N,N,5566.1981,5566.1981,7968.1991,5566.1981,5566.1981,
8/15/2024 2:30:00 PM,06CADIZL_T1L4,N,N,N,5566.1981,5566.1981,7968.1991,5566.1981,5566.1981,
8/15/2024 2:30:00 PM,06CARSOL_G01,N,N,N,5625.2648,5625.2648,6113.5332,5625.2648,5625.2648,
8/15/2024 2:30:00 PM,06CAY_SS,N,N,N,5555.0535,5555.0535,7968.1991,5555.0535,5555.0535,
8/15/2024 2:30:00 PM,06CENPRI_U01,N,N,N,5625.2648,5625.2648,8779.3986,5625.2648,5625.2648,
8/15/2024 2:30:00 PM,06CENPRI_U02,N,N,N,5625.2648,5625.2648,8779.3986,5625.2648,5625.2648,
8/15/2024 2:30:00 PM,06CENPRI_U03,N,N,N,5625.2648,5625.2648,8779.3986,5625.2648,5625.2648,
8/15/2024 2:30:00 PM,06CENPRI_U04,N,N,N,5625.2648,5625.2648,8779.3986,5625.2648,5625.2648,
8/15/2024 2:30:00 PM,06CENPRI_U05,N,N,N,5625.2648,5625.2648,8779.3986,5625.2648,5625.2648,
8/15/2024 2:30:00 PM,06CLTRAVA_SS,N,N,N,5556.7252,5556.7252,7968.1991,5556.7252,5556.7252,
8/15/2024 2:30:00 PM,06FFHC_G01,N,N,N,5566.1981,5566.1981,8691.0116,5566.1981,5566.1981,
8/15/2024 2:30:00 PM,06GAHIT_SS,N,N,N,5603.5327,5603.5327,7968.1991,5603.5327,5603.5327,
8/15/2024 2:30:00 PM,06HELIOS_G01,N,N,N,5563.4120,5563.4120,8855.3968,5563.4120,5563.4120,
8/15/2024 2:30:00 PM,06HELIOS_S01,N,N,N,5563.4120,5563.4120,7968.1991,5563.4120,5563.4120,
8/15/2024 2:30:00 PM,06HPCO_G01,N,N,N,5572.3277,5572.3277,8704.8339,5572.3277,5572.3277,
8/15/2024 2:30:00 PM,06HPCO_G02,N,N,N,5572.3277,5572.3277,8704.8339,5572.3277,5572.3277,
8/15/2024 2:30:00 PM,06KABAN_BAT,N,N,N,5591.8308,5591.8308,13279.6380,5591.8308,5591.8308,
8/15/2024 2:30:00 PM,06KABAN_L01,N,N,N,5591.8308,5591.8308,7968.1991,5591.8308,5591.8308,
8/15/2024 2:30:00 PM,06KABAN_SS,N,N,N,5591.8308,5591.8308,7968.1991,5591.8308,5591.8308,
8/15/2024 2:30:00 PM,06KABAN_T1L1,N,N,N,5585.1440,5585.1440,7968.1991,5585.1440,5585.1440,
8/15/2024 2:30:00 PM,06KABAN_T2L2,N,N,N,5585.1440,5585.1440,7968.1991,5585.1440,5585.1440,
8/15/2024 2:30:00 PM,06MABIN_SS,N,N,N,5500.4447,5500.4447,7968.1991,5500.4447,5500.4447,
8/15/2024 2:30:00 PM,06MABIN_T1L1,N,N,N,5499.8874,5499.8874,7968.1991,5499.8874,5499.8874,
8/15/2024 2:30:00 PM,06MABIN_T2L2,N,N,N,5499.8874,5499.8874,7968.1991,5499.8874,5499.8874,
8/15/2024 2:30:00 PM,06MANSOL_G01,N,N,N,5566.1981,5566.1981,9254.9702,5566.1981,5566.1981,
8/15/2024 2:30:00 PM,06MNTSOL_G01,N,N,N,5423.5465,5423.5465,7875.6963,5423.5465,5423.5465,
8/15/2024 2:30:00 PM,06NASULO_G01,N,N,N,5368.9377,5368.9377,8387.6162,5368.9377,5368.9377,
8/15/2024 2:30:00 PM,06NTNEGB_G01,N,N,N,5572.3277,5572.3277,8704.8339,5572.3277,5572.3277,
8/15/2024 2:30:00 PM,06PAL1A_G01,N,N,N,5372.8384,5372.8384,7945.2202,5372.8384,5372.8384,
8/15/2024 2:30:00 PM,06PAL1A_SS,N,N,N,5373.3956,5373.3956,7968.1991,5373.3956,5373.3956,
8/15/2024 2:30:00 PM,06PAL2A_U01,N,N,N,5368.9377,5368.9377,8431.4888,5368.9377,5368.9377,
8/15/2024 2:30:00 PM,06PAL2A_U02,N,N,N,5368.9377,5368.9377,8399.5362,5368.9377,5368.9377,
8/15/2024 2:30:00 PM,06PAL2A_U03,N,N,N,5368.9377,5368.9377,9167.3549,5368.9377,5368.9377,
8/15/2024 2:30:00 PM,06PAL2A_U04,N,N,N,5572.3277,5572.3277,8509.1587,5572.3277,5572.3277,
8/15/2024 2:30:00 PM,06PGPP2_SS,N,N,N,5369.4950,5369.4950,7968.1991,5369.4950,5369.4950,
8/15/2024 2:30:00 PM,06SACASL_G01,N,N,N,5507.6887,5507.6887,6698.6520,5507.6887,5507.6887,
8/15/2024 2:30:00 PM,06SACASL_G02,N,N,N,5507.1314,5507.1314,8644.5106,5507.1314,5507.1314,
8/15/2024 2:30:00 PM,06SACSUN_G01,N,N,N,5499.8874,5499.8874,6720.1856,5499.8874,5499.8874,
8/15/2024 2:30:00 PM,06SCBE_G01,N,N,N,5566.1981,5566.1981,8691.0116,5566.1981,5566.1981,
8/15/2024 2:30:00 PM,06SCBIOP_G01,N,N,N,5572.3277,5572.3277,5084.1663,5572.3277,5572.3277,
8/15/2024 2:30:00 PM,06SLYSOL_G01,N,N,N,5625.2648,5625.2648,8154.3292,5625.2648,5625.2648,
8/15/2024 2:30:00 PM,06SNCARLOS_SS,N,N,N,5508.8031,5508.8031,7968.1991,5508.8031,5508.8031,
8/15/2024 2:30:00 PM,06STNEGB_G01,N,N,N,5572.3277,5572.3277,8704.8339,5572.3277,5572.3277,
8/15/2024 2:30:00 PM,06URC_G01,N,N,N,5499.8874,5499.8874,8589.0671,5499.8874,5499.8874,
8/15/2024 2:30:00 PM,06VMC_G01,N,N,N,5572.3277,5572.3277,8704.8339,5572.3277,5572.3277,
8/15/2024 2:30:00 PM,06VMC_G02,N,N,N,5625.2648,5625.2648,8779.3986,5625.2648,5625.2648,
8/15/2024 2:30:00 PM,07BDPP_U01,N,N,N,5567.8698,5567.8698,22429.0296,5567.8698,5567.8698,
8/15/2024 2:30:00 PM,07BDPP_U02,N,N,N,5567.8698,5567.8698,22818.9524,5567.8698,5567.8698,
8/15/2024 2:30:00 PM,07BDPP_U03,N,N,N,5567.8698,5567.8698,24604,5567.8698,5567.8698,
8/15/2024 2:30:00 PM,07BDPP_U04,N,N,N,5567.8698,5567.8698,23698.9844,5567.8698,5567.8698,
8/15/2024 2:30:00 PM,07BOHOL_T1L1,N,N,N,5706.0635,5706.0635,7968.1991,5706.0635,5706.0635,
8/15/2024 2:30:00 PM,07BOHOL_T4L4,N,N,N,5706.0635,5706.0635,7968.1991,5706.0635,5706.0635,
8/15/2024 2:30:00 PM,07COREL_T1L1,N,N,N,5567.8698,5567.8698,7968.1991,5567.8698,5567.8698,
8/15/2024 2:30:00 PM,07COREL_T1L2,N,N,N,5567.8698,5567.8698,7968.1991,5567.8698,5567.8698,
8/15/2024 2:30:00 PM,07COREL_T1L3,N,N,N,5567.8698,5567.8698,7968.1991,5567.8698,5567.8698,
8/15/2024 2:30:00 PM,07CRA_SS,N,N,N,5572.3277,5572.3277,7968.1991,5572.3277,5572.3277,
8/15/2024 2:30:00 PM,07JANOPO_G01,N,N,N,5567.8698,5567.8698,22393.75,5567.8698,5567.8698,
8/15/2024 2:30:00 PM,07LOBOC_G01,N,N,N,5567.8698,5567.8698,22396.9041,5567.8698,5567.8698,
8/15/2024 2:30:00 PM,07LOBOC_G02,N,N,N,5567.8698,5567.8698,22340.9810,5567.8698,5567.8698,
8/15/2024 2:30:00 PM,07SEVILL_G01,N,N,N,5567.8698,5567.8698,22201.2815,5567.8698,5567.8698,
8/15/2024 2:30:00 PM,07TPLPB4_U01,N,N,N,5705.5063,5705.5063,21229.4732,5705.5063,5705.5063,
8/15/2024 2:30:00 PM,07TPLPB4_U02,N,N,N,5705.5063,5705.5063,20871.2457,5705.5063,5705.5063,
8/15/2024 2:30:00 PM,07TPLPB4_U03,N,N,N,5705.5063,5705.5063,21738.8311,5705.5063,5705.5063,
8/15/2024 2:30:00 PM,07TPLPB4_U04,N,N,N,5705.5063,5705.5063,21828.2963,5705.5063,5705.5063,
8/15/2024 2:30:00 PM,07UBAY_BAT,N,N,N,5706.0635,5706.0635,24218.5857,5706.0635,5706.0635,
8/15/2024 2:30:00 PM,07UBAY_T1L1,N,N,N,5706.0635,5706.0635,7968.1991,5706.0635,5706.0635,
8/15/2024 2:30:00 PM,07UBAY_T2L2,N,N,N,5706.0635,5706.0635,7968.1991,5706.0635,5706.0635,
8/15/2024 2:30:00 PM,07UBAY_T3L3,N,N,N,5705.5063,5705.5063,7968.1991,5705.5063,5705.5063,
8/15/2024 2:30:00 PM,08BANTAP_L01,N,N,N,5910.0107,5910.0107,7968.1991,5910.0107,5910.0107,
8/15/2024 2:30:00 PM,08BARO_SS,N,N,N,5608.5478,5608.5478,7968.1991,5608.5478,5608.5478,
8/15/2024 2:30:00 PM,08BARTAC_L01,N,N,N,5572.3277,5572.3277,7968.1991,5572.3277,5572.3277,
8/15/2024 2:30:00 PM,08BARTAC_SS,N,N,N,5608.5478,5608.5478,7968.1991,5608.5478,5608.5478,
8/15/2024 2:30:00 PM,08BVISTA_L01,N,N,N,5922.2699,5922.2699,7968.1991,5922.2699,5922.2699,
8/15/2024 2:30:00 PM,08BVISTA_L02,N,N,N,5922.2699,5922.2699,7968.1991,5922.2699,5922.2699,
8/15/2024 2:30:00 PM,08CASA_G01,N,N,N,5746.1843,5746.1843,8970.5289,5746.1843,5746.1843,
8/15/2024 2:30:00 PM,08CASA_G02,N,N,N,5746.1843,5746.1843,8970.5289,5746.1843,5746.1843,
8/15/2024 2:30:00 PM,08CONCP_T1L1,N,N,N,5557.2824,5557.2824,7968.1991,5557.2824,5557.2824,
8/15/2024 2:30:00 PM,08COSMO_G01,N,N,N,5796.3353,5796.3353,9010.1987,5796.3353,5796.3353,
8/15/2024 2:30:00 PM,08DINGL_SS,N,N,N,5745.6271,5745.6271,7968.1991,5745.6271,5745.6271,
8/15/2024 2:30:00 PM,08DINGL_T1L1,N,N,N,5746.1843,5746.1843,7968.1991,5746.1843,5746.1843,
8/15/2024 2:30:00 PM,08DINGL_T1L2,N,N,N,5746.1843,5746.1843,7968.1991,5746.1843,5746.1843,
8/15/2024 2:30:00 PM,08DINGL_T1L3,N,N,N,5747.8560,5747.8560,7968.1991,5747.8560,5747.8560,
8/15/2024 2:30:00 PM,08DINGL_T1L4,N,N,N,5747.8560,5747.8560,7968.1991,5747.8560,5747.8560,
8/15/2024 2:30:00 PM,08DINGL_T2L1,N,N,N,5745.6271,5745.6271,7968.1991,5745.6271,5745.6271,
8/15/2024 2:30:00 PM,08DINGL_T2L2,N,N,N,5745.6271,5745.6271,7968.1991,5745.6271,5745.6271,
8/15/2024 2:30:00 PM,08GLOBAL_G01,N,N,N,6072.1655,6072.1655,9332.1605,6072.1655,6072.1655,
8/15/2024 2:30:00 PM,08NABASDPP_U01,N,N,N,6072.1655,6072.1655,9332.1605,6072.1655,6072.1655,
8/15/2024 2:30:00 PM,08NABASDPP_U02,N,N,N,6072.1655,6072.1655,9332.1605,6072.1655,6072.1655,
8/15/2024 2:30:00 PM,08NABAS_L01,N,N,N,6072.1655,6072.1655,7968.1991,6072.1655,6072.1655,
8/15/2024 2:30:00 PM,08NABAS_L02,N,N,N,6072.1655,6072.1655,7968.1991,6072.1655,6072.1655,
8/15/2024 2:30:00 PM,08NABAS_L03,N,N,N,6072.1655,6072.1655,7968.1991,6072.1655,6072.1655,
8/15/2024 2:30:00 PM,08NABAS_SS,N,N,N,6072.1655,6072.1655,7968.1991,6072.1655,6072.1655,
8/15/2024 2:30:00 PM,08PALM_G01,N,N,N,5555.6107,5555.6107,7572.1312,5555.6107,5555.6107,
8/15/2024 2:30:00 PM,08PALM_S01,N,N,N,5555.6107,5555.6107,7968.1991,5555.6107,5555.6107,
8/15/2024 2:30:00 PM,08PANIT_SS,N,N,N,5909.4535,5909.4535,7968.1991,5909.4535,5909.4535,
8/15/2024 2:30:00 PM,08PANIT_T1L1,N,N,N,5910.0107,5910.0107,7968.1991,5910.0107,5910.0107,
8/15/2024 2:30:00 PM,08PANIT_T2L2,N,N,N,5910.0107,5910.0107,7968.1991,5910.0107,5910.0107,
8/15/2024 2:30:00 PM,08PDPP1_U02,N,N,N,5745.6271,5745.6271,8970.1765,5745.6271,5745.6271,
8/15/2024 2:30:00 PM,08PDPP1_U03,N,N,N,5745.6271,5745.6271,8970.1765,5745.6271,5745.6271,
8/15/2024 2:30:00 PM,08PDPP1_U05,N,N,N,5745.6271,5745.6271,8970.1765,5745.6271,5745.6271,
8/15/2024 2:30:00 PM,08PDPP3_C,N,N,N,5745.6271,5745.6271,8970.1765,5745.6271,5745.6271,
8/15/2024 2:30:00 PM,08PDPP3_E,N,N,N,5745.6271,5745.6271,8970.1765,5745.6271,5745.6271,
8/15/2024 2:30:00 PM,08PDPP3_G,N,N,N,5745.6271,5745.6271,8970.1765,5745.6271,5745.6271,
8/15/2024 2:30:00 PM,08PDPP3_H,N,N,N,5745.6271,5745.6271,8970.1765,5745.6271,5745.6271,
8/15/2024 2:30:00 PM,08PDPP3_S01,N,N,N,5745.6271,5745.6271,7968.1991,5745.6271,5745.6271,
8/15/2024 2:30:00 PM,08PEDC_SS1,N,N,N,5673.1868,5673.1868,7968.1991,5673.1868,5673.1868,
8/15/2024 2:30:00 PM,08PEDC_SS2,N,N,N,5673.1868,5673.1868,7968.1991,5673.1868,5673.1868,
8/15/2024 2:30:00 PM,08PEDC_SS3,N,N,N,5673.1868,5673.1868,7968.1991,5673.1868,5673.1868,
8/15/2024 2:30:00 PM,08PEDC_T1L1,N,N,N,5674.8585,5674.8585,7968.1991,5674.8585,5674.8585,
8/15/2024 2:30:00 PM,08PEDC_T1L2,N,N,N,5675.9730,5675.9730,7968.1991,5675.9730,5675.9730,
8/15/2024 2:30:00 PM,08PEDC_U01,N,N,N,5673.1868,5673.1868,9225.7941,5673.1868,5673.1868,
8/15/2024 2:30:00 PM,08PEDC_U02,N,N,N,5673.1868,5673.1868,9836.3550,5673.1868,5673.1868,
8/15/2024 2:30:00 PM,08PEDC_U03,N,N,N,5673.1868,5673.1868,8989.6366,5673.1868,5673.1868,
8/15/2024 2:30:00 PM,08PWIND_G01,N,N,N,6072.1655,6072.1655,5765.5221,6072.1655,6072.1655,
8/15/2024 2:30:00 PM,08PWIND_G02,N,N,N,6072.1655,6072.1655,8920.3921,6072.1655,6072.1655,
8/15/2024 2:30:00 PM,08SLWIND_G01,N,N,N,5922.2699,5922.2699,6558.4748,5922.2699,5922.2699,
8/15/2024 2:30:00 PM,08SLWIND_L01,N,N,N,5922.2699,5922.2699,7968.1991,5922.2699,5922.2699,
8/15/2024 2:30:00 PM,08SNJOSE_L01,N,N,N,5796.3353,5796.3353,7968.1991,5796.3353,5796.3353,
8/15/2024 2:30:00 PM,08SNJOSE_L02,N,N,N,5796.3353,5796.3353,7968.1991,5796.3353,5796.3353,
8/15/2024 2:30:00 PM,08SNJOSE_L03,N,N,N,5796.3353,5796.3353,7968.1991,5796.3353,5796.3353,
8/15/2024 2:30:00 PM,08STBAR_SS1,N,N,N,5741.7264,5741.7264,7968.1991,5741.7264,5741.7264,
8/15/2024 2:30:00 PM,08STBAR_SS2,N,N,N,5738.3830,5738.3830,7968.1991,5738.3830,5738.3830,
8/15/2024 2:30:00 PM,08STBAR_SS3,N,N,N,5738.3830,5738.3830,7968.1991,5738.3830,5738.3830,
8/15/2024 2:30:00 PM,08STBAR_T1L1,N,N,N,5738.3830,5738.3830,7968.1991,5738.3830,5738.3830,
8/15/2024 2:30:00 PM,08STBAR_T2L2,N,N,N,5738.3830,5738.3830,7968.1991,5738.3830,5738.3830,
8/15/2024 2:30:00 PM,08STBPB1_U01,N,N,N,5738.3830,5738.3830,8948.4293,5738.3830,5738.3830,
8/15/2024 2:30:00 PM,08STBPB1_U02,N,N,N,5738.3830,5738.3830,8948.4293,5738.3830,5738.3830,
8/15/2024 2:30:00 PM,08STBPB1_U03,N,N,N,5738.3830,5738.3830,8948.4293,5738.3830,5738.3830,
8/15/2024 2:30:00 PM,08STBPB1_U04,N,N,N,5738.3830,5738.3830,8948.4293,5738.3830,5738.3830,
8/15/2024 2:30:00 PM,08SUWECO_G01,N,N,N,5738.3830,5738.3830,8747.9197,5738.3830,5738.3830,
8/15/2024 2:30:00 PM,08TIMBA_G01,N,N,N,6072.1655,6072.1655,8959.4103,6072.1655,6072.1655,
8/15/2024 2:30:00 PM,09AURORA_SS,N,N,N,5705.3971,5705.3971,7090.8571,5705.3971,5705.3971,
8/15/2024 2:30:00 PM,09CLB_T1L1,N,N,N,5708.1322,5708.1322,7090.8571,5708.1322,5708.1322,
8/15/2024 2:30:00 PM,09JIMDSL_U01,N,N,N,5708.1322,5708.1322,6136.8316,5708.1322,5708.1322,
8/15/2024 2:30:00 PM,09JIMDSL_U02,N,N,N,5708.1322,5708.1322,6136.8316,5708.1322,5708.1322,
8/15/2024 2:30:00 PM,09KAP_T1L1,N,N,N,5708.1322,5708.1322,7090.8571,5708.1322,5708.1322,
8/15/2024 2:30:00 PM,09LALA_SS,N,N,N,5520.5050,5520.5050,7090.8571,5520.5050,5520.5050,
8/15/2024 2:30:00 PM,09LIBPOWR_G01,N,N,N,5470.1794,5470.1794,4198.9459,5470.1794,5470.1794,
8/15/2024 2:30:00 PM,09MHY_T1L1,N,N,N,5708.1322,5708.1322,7090.8571,5708.1322,5708.1322,
8/15/2024 2:30:00 PM,09MLS_T1L1,N,N,N,6317.5102,6317.5102,7090.8571,6317.5102,6317.5102,
8/15/2024 2:30:00 PM,09NAGA_SS,N,N,N,6314.2281,6314.2281,7090.8571,6314.2281,6314.2281,
8/15/2024 2:30:00 PM,09PANABNK_U01,N,N,N,5708.1322,5708.1322,6136.8316,5708.1322,5708.1322,
8/15/2024 2:30:00 PM,09PANABNK_U02,N,N,N,5708.1322,5708.1322,6136.8316,5708.1322,5708.1322,
8/15/2024 2:30:00 PM,09PITOGO_SS,N,N,N,6744.7312,6744.7312,7090.8571,6744.7312,6744.7312,
8/15/2024 2:30:00 PM,09POLAN_SS,N,N,N,5821.9119,5821.9119,7090.8571,5821.9119,5821.9119,
8/15/2024 2:30:00 PM,09RXS_T2L1,N,N,N,5823.5530,5823.5530,7090.8571,5823.5530,5823.5530,
8/15/2024 2:30:00 PM,09SANGALI_BAT,N,N,N,6670.3367,6670.3367,7188.8851,6670.3367,6670.3367,
8/15/2024 2:30:00 PM,09SJG_T1L1,N,N,N,6742.5431,6742.5431,7090.8571,6742.5431,6742.5431,
8/15/2024 2:30:00 PM,09SML_T1L1,N,N,N,5708.1322,5708.1322,7090.8571,5708.1322,5708.1322,
8/15/2024 2:30:00 PM,09SRW_T1L1,N,N,N,6317.5102,6317.5102,7090.8571,6317.5102,6317.5102,
8/15/2024 2:30:00 PM,09TMG_T1L1,N,N,N,6742.5431,6742.5431,7090.8571,6742.5431,6742.5431,
8/15/2024 2:30:00 PM,09TMG_T2L1,N,N,N,6670.3367,6670.3367,7090.8571,6670.3367,6670.3367,
8/15/2024 2:30:00 PM,09TUL_T1L1,N,N,N,6742.5431,6742.5431,7090.8571,6742.5431,6742.5431,
8/15/2024 2:30:00 PM,09WMPC_S01,N,N,N,6670.3367,6670.3367,7090.8571,6670.3367,6670.3367,
8/15/2024 2:30:00 PM,09WMPC_U01,N,N,N,6670.3367,6670.3367,4698.2902,6670.3367,6670.3367,
8/15/2024 2:30:00 PM,09WMPC_U02,N,N,N,6670.3367,6670.3367,7188.8851,6670.3367,6670.3367,
8/15/2024 2:30:00 PM,09WMPC_U03,N,N,N,6670.3367,6670.3367,7188.8851,6670.3367,6670.3367,
8/15/2024 2:30:00 PM,09WMPC_U04,N,N,N,6670.3367,6670.3367,13920.7525,6670.3367,6670.3367,
8/15/2024 2:30:00 PM,09WMPC_U05,N,N,N,6670.3367,6670.3367,7188.8851,6670.3367,6670.3367,
8/15/2024 2:30:00 PM,09WMPC_U06,N,N,N,6670.3367,6670.3367,7188.8851,6670.3367,6670.3367,
8/15/2024 2:30:00 PM,09WMPC_U07,N,N,N,6670.3367,6670.3367,7188.8851,6670.3367,6670.3367,
8/15/2024 2:30:00 PM,09WMPC_U08,N,N,N,6670.3367,6670.3367,6156.2828,6670.3367,6670.3367,
8/15/2024 2:30:00 PM,09WMPC_U09,N,N,N,6670.3367,6670.3367,7188.8851,6670.3367,6670.3367,
8/15/2024 2:30:00 PM,09WMPC_U10,N,N,N,6670.3367,6670.3367,4946.2422,6670.3367,6670.3367,
8/15/2024 2:30:00 PM,09ZAMBO_SS,N,N,N,6670.3367,6670.3367,7090.8571,6670.3367,6670.3367,
8/15/2024 2:30:00 PM,09ZAMSAN_L01,N,N,N,6670.3367,6670.3367,7090.8571,6670.3367,6670.3367,
8/15/2024 2:30:00 PM,10AG6_T2L1,N,N,N,5370.6221,5370.6221,7090.8571,5370.6221,5370.6221,
8/15/2024 2:30:00 PM,10AGUS1_SS,N,N,N,5320.2965,5320.2965,7090.8571,5320.2965,5320.2965,
8/15/2024 2:30:00 PM,10AGUS1_U01,N,N,N,5320.2965,5320.2965,5911.1723,5320.2965,5320.2965,
8/15/2024 2:30:00 PM,10AGUS1_U02,N,N,N,5320.2965,5320.2965,3916.1305,5320.2965,5320.2965,
8/15/2024 2:30:00 PM,10AGUS2_SS,N,N,N,5327.4077,5327.4077,7090.8571,5327.4077,5327.4077,
8/15/2024 2:30:00 PM,10AGUS2_U01,N,N,N,5327.4077,5327.4077,6122.3755,5327.4077,5327.4077,
8/15/2024 2:30:00 PM,10AGUS2_U02,N,N,N,5327.4077,5327.4077,4692.2967,5327.4077,5327.4077,
8/15/2024 2:30:00 PM,10AGUS2_U03,N,N,N,5327.4077,5327.4077,8142.5802,5327.4077,5327.4077,
8/15/2024 2:30:00 PM,10AGUS4_SS,N,N,N,5366.7930,5366.7930,7090.8571,5366.7930,5366.7930,
8/15/2024 2:30:00 PM,10AGUS4_U01,N,N,N,5366.7930,5366.7930,4000.3315,5366.7930,5366.7930,
8/15/2024 2:30:00 PM,10AGUS4_U02,N,N,N,5366.7930,5366.7930,3956.4469,5366.7930,5366.7930,
8/15/2024 2:30:00 PM,10AGUS4_U03,N,N,N,5366.7930,5366.7930,4002.7536,5366.7930,5366.7930,
8/15/2024 2:30:00 PM,10AGUS5_SS,N,N,N,5372.8102,5372.8102,7090.8571,5372.8102,5372.8102,
8/15/2024 2:30:00 PM,10AGUS5_U01,N,N,N,5372.8102,5372.8102,5674.6976,5372.8102,5372.8102,
8/15/2024 2:30:00 PM,10AGUS5_U02,N,N,N,5372.8102,5372.8102,5685.4029,5372.8102,5372.8102,
8/15/2024 2:30:00 PM,10AGUS6_SS,N,N,N,5357.4937,5357.4937,7090.8571,5357.4937,5357.4937,
8/15/2024 2:30:00 PM,10AGUS6_U01,N,N,N,5357.4937,5357.4937,5855.0581,5357.4937,5357.4937,
8/15/2024 2:30:00 PM,10AGUS6_U02,N,N,N,5357.4937,5357.4937,3880.9445,5357.4937,5357.4937,
8/15/2024 2:30:00 PM,10AGUS6_U03,N,N,N,5357.4937,5357.4937,5815.1269,5357.4937,5357.4937,
8/15/2024 2:30:00 PM,10AGUS6_U04,N,N,N,5357.4937,5357.4937,5822.5718,5357.4937,5357.4937,
8/15/2024 2:30:00 PM,10AGUS6_U05,N,N,N,5357.4937,5357.4937,4940.2831,5357.4937,5357.4937,
8/15/2024 2:30:00 PM,10AGUS7_U01,N,N,N,5357.4937,5357.4937,5550.4352,5357.4937,5357.4937,
8/15/2024 2:30:00 PM,10AGUS7_U02,N,N,N,5357.4937,5357.4937,5638.7139,5357.4937,5357.4937,
8/15/2024 2:30:00 PM,10BALOI_L01,N,N,N,5357.4937,5357.4937,7090.8571,5357.4937,5357.4937,
8/15/2024 2:30:00 PM,10BALOI_SS,N,N,N,5403.9902,5403.9902,7090.8571,5403.9902,5403.9902,
8/15/2024 2:30:00 PM,10BUR_T1L1,N,N,N,5357.4937,5357.4937,7090.8571,5357.4937,5357.4937,
8/15/2024 2:30:00 PM,10BUR_T1L2,N,N,N,5357.4937,5357.4937,7090.8571,5357.4937,5357.4937,
8/15/2024 2:30:00 PM,10GNPK_U01,N,N,N,5401.2551,5401.2551,5835.3396,5401.2551,5401.2551,
8/15/2024 2:30:00 PM,10GNPK_U02,N,N,N,5401.2551,5401.2551,5825.3021,5401.2551,5401.2551,
8/15/2024 2:30:00 PM,10GNPK_U03,N,N,N,5401.2551,5401.2551,5835.2675,5401.2551,5401.2551,
8/15/2024 2:30:00 PM,10GNPK_U04,N,N,N,5397.4260,5397.4260,5473.7926,5397.4260,5397.4260,
8/15/2024 2:30:00 PM,10IDPP_G01,N,N,N,5414.9306,5414.9306,5861.6166,5414.9306,5414.9306,
8/15/2024 2:30:00 PM,10IDPP_SS,N,N,N,5414.9306,5414.9306,7090.8571,5414.9306,5414.9306,
8/15/2024 2:30:00 PM,10KAUSWGN_SS,N,N,N,5405.0843,5405.0843,7090.8571,5405.0843,5405.0843,
8/15/2024 2:30:00 PM,10KAU_T1L1,N,N,N,5357.4937,5357.4937,7090.8571,5357.4937,5357.4937,
8/15/2024 2:30:00 PM,10KIW_T1L1,N,N,N,5357.4937,5357.4937,7090.8571,5357.4937,5357.4937,
8/15/2024 2:30:00 PM,10KIW_T2L1,N,N,N,5419.8537,5419.8537,7090.8571,5419.8537,5419.8537,
8/15/2024 2:30:00 PM,10LGAIT_SS,N,N,N,5419.3067,5419.3067,7090.8571,5419.3067,5419.3067,
8/15/2024 2:30:00 PM,10LIAN_G01,N,N,N,5357.4937,5357.4937,5806.7324,5357.4937,5357.4937,
8/15/2024 2:30:00 PM,10MCN_T1L1,N,N,N,5370.6221,5370.6221,7090.8571,5370.6221,5370.6221,
8/15/2024 2:30:00 PM,10MCR_T1L1,N,N,N,5370.6221,5370.6221,7090.8571,5370.6221,5370.6221,
8/15/2024 2:30:00 PM,10MCT_T1L1,N,N,N,5357.4937,5357.4937,7090.8571,5357.4937,5357.4937,
8/15/2024 2:30:00 PM,10MEGC_G01,N,N,N,5357.4937,5357.4937,5806.7324,5357.4937,5357.4937,
8/15/2024 2:30:00 PM,10MLN_T1L1,N,N,N,5321.3905,5321.3905,7090.8571,5321.3905,5321.3905,
8/15/2024 2:30:00 PM,10MPL_T1L1,N,N,N,5357.4937,5357.4937,7090.8571,5357.4937,5357.4937,
8/15/2024 2:30:00 PM,10MRW_T1L1,N,N,N,5321.3905,5321.3905,7090.8571,5321.3905,5321.3905,
8/15/2024 2:30:00 PM,10MRW_T2L1,N,N,N,5370.6221,5370.6221,7090.8571,5370.6221,5370.6221,
8/15/2024 2:30:00 PM,10NUN_T1L2,N,N,N,5357.4937,5357.4937,7090.8571,5357.4937,5357.4937,
8/15/2024 2:30:00 PM,10OPO_T1L1,N,N,N,5419.8537,5419.8537,7090.8571,5419.8537,5419.8537,
8/15/2024 2:30:00 PM,10PAT_T1L1,N,N,N,5419.8537,5419.8537,7090.8571,5419.8537,5419.8537,
8/15/2024 2:30:00 PM,10PGW_T1L1,N,N,N,5419.8537,5419.8537,7090.8571,5419.8537,5419.8537,
8/15/2024 2:30:00 PM,10PLT_T1L1,N,N,N,5414.9306,5414.9306,7090.8571,5414.9306,5414.9306,
8/15/2024 2:30:00 PM,10PLT_T2L1,N,N,N,5419.8537,5419.8537,7090.8571,5419.8537,5419.8537,
8/15/2024 2:30:00 PM,10PPEI_U01,N,N,N,5357.4937,5357.4937,3966.4933,5357.4937,5357.4937,
8/15/2024 2:30:00 PM,10SRZ_T1L1,N,N,N,5370.6221,5370.6221,7090.8571,5370.6221,5370.6221,
8/15/2024 2:30:00 PM,11CDO_T1L1,N,N,N,5520.5050,5520.5050,7090.8571,5520.5050,5520.5050,
8/15/2024 2:30:00 PM,11CRYSSUG_G01,N,N,N,5731.1069,5731.1069,4353.6612,5731.1069,5731.1069,
8/15/2024 2:30:00 PM,11FDC_SS,N,N,N,5430.7941,5430.7941,7090.8571,5430.7941,5430.7941,
8/15/2024 2:30:00 PM,11FDC_U01,N,N,N,5420.4008,5420.4008,5862.0221,5420.4008,5420.4008,
8/15/2024 2:30:00 PM,11FDC_U02,N,N,N,5420.4008,5420.4008,5861.0464,5420.4008,5420.4008,
8/15/2024 2:30:00 PM,11FDC_U03,N,N,N,5420.4008,5420.4008,6517.1154,5420.4008,5420.4008,
8/15/2024 2:30:00 PM,11FGBPC_G01,N,N,N,5486.0429,5486.0429,5908.4961,5486.0429,5486.0429,
8/15/2024 2:30:00 PM,11JASAAN_SS,N,N,N,5510.1117,5510.1117,7090.8571,5510.1117,5510.1117,
8/15/2024 2:30:00 PM,11JASA_BAT,N,N,N,5486.0429,5486.0429,11502.0490,5486.0429,5486.0429,
8/15/2024 2:30:00 PM,11KBSOL_G01,N,N,N,5785.8087,5785.8087,6819.5941,5785.8087,5785.8087,
8/15/2024 2:30:00 PM,11KEGMAR_G01,N,N,N,5731.1069,5731.1069,6112.6842,5731.1069,5731.1069,
8/15/2024 2:30:00 PM,11KIBAWE_SS,N,N,N,5784.7147,5784.7147,7090.8571,5784.7147,5784.7147,
8/15/2024 2:30:00 PM,11KIB_T1L1,N,N,N,5731.1069,5731.1069,7090.8571,5731.1069,5731.1069,
8/15/2024 2:30:00 PM,11KIB_T1L2,N,N,N,5731.1069,5731.1069,7090.8571,5731.1069,5731.1069,
8/15/2024 2:30:00 PM,11KIRAS_G01,N,N,N,5486.0429,5486.0429,6231.3416,5486.0429,5486.0429,
8/15/2024 2:30:00 PM,11KNG_T1L1,N,N,N,5486.0429,5486.0429,7090.8571,5486.0429,5486.0429,
8/15/2024 2:30:00 PM,11LBA_T1L1,N,N,N,5510.1117,5510.1117,7090.8571,5510.1117,5510.1117,
8/15/2024 2:30:00 PM,11LUN_T1L1,N,N,N,5486.0429,5486.0429,7090.8571,5486.0429,5486.0429,
8/15/2024 2:30:00 PM,11MAN1_S01,N,N,N,5496.9833,5496.9833,7090.8571,5496.9833,5496.9833,
8/15/2024 2:30:00 PM,11MAN2_S01,N,N,N,5495.8892,5495.8892,7090.8571,5495.8892,5495.8892,
8/15/2024 2:30:00 PM,11MANFOR_G01,N,N,N,5496.9833,5496.9833,6146.3336,5496.9833,5496.9833,
8/15/2024 2:30:00 PM,11MANFOR_G02,N,N,N,5495.8892,5495.8892,6106.6088,5495.8892,5495.8892,
8/15/2024 2:30:00 PM,11MANOLO_SS,N,N,N,5498.0773,5498.0773,7090.8571,5498.0773,5498.0773,
8/15/2024 2:30:00 PM,11MARAM_SS,N,N,N,5681.3283,5681.3283,7090.8571,5681.3283,5681.3283,
8/15/2024 2:30:00 PM,11MINBAL_G01,N,N,N,5486.0429,5486.0429,6494.2993,5486.0429,5486.0429,
8/15/2024 2:30:00 PM,11MINBU_G01,N,N,N,5486.0429,5486.0429,6724.4691,5486.0429,5486.0429,
8/15/2024 2:30:00 PM,11MLY_T1L1,N,N,N,5731.1069,5731.1069,7090.8571,5731.1069,5731.1069,
8/15/2024 2:30:00 PM,11MNCBLG_G01,N,N,N,5486.0429,5486.0429,6241.1542,5486.0429,5486.0429,
8/15/2024 2:30:00 PM,11MNRGY_G01,N,N,N,5486.0429,5486.0429,5920.3398,5486.0429,5486.0429,
8/15/2024 2:30:00 PM,11MNRGY_G02,N,N,N,5486.0429,5486.0429,5920.3398,5486.0429,5486.0429,
8/15/2024 2:30:00 PM,11MOR_T1L1,N,N,N,5520.5050,5520.5050,7090.8571,5520.5050,5520.5050,
8/15/2024 2:30:00 PM,11NAT_T1L1,N,N,N,5486.0429,5486.0429,7090.8571,5486.0429,5486.0429,
8/15/2024 2:30:00 PM,11NAT_T2L1,N,N,N,5486.0429,5486.0429,7090.8571,5486.0429,5486.0429,
8/15/2024 2:30:00 PM,11NBPC_G01,N,N,N,5731.1069,5731.1069,6112.6842,5731.1069,5731.1069,
8/15/2024 2:30:00 PM,11OPOL_SS,N,N,N,5517.2229,5517.2229,7090.8571,5517.2229,5517.2229,
8/15/2024 2:30:00 PM,11OPO_T1L1,N,N,N,5520.5050,5520.5050,7090.8571,5520.5050,5520.5050,
8/15/2024 2:30:00 PM,11PACERM_G01,N,N,N,5520.5050,5520.5050,5965.9022,5520.5050,5520.5050,
8/15/2024 2:30:00 PM,11PAL_T1L1,N,N,N,5785.8087,5785.8087,7090.8571,5785.8087,5785.8087,
8/15/2024 2:30:00 PM,11PG4_T1L1,N,N,N,5731.1069,5731.1069,7090.8571,5731.1069,5731.1069,
8/15/2024 2:30:00 PM,11PKBUK_G01,N,N,N,5486.0429,5486.0429,5920.3398,5486.0429,5486.0429,
8/15/2024 2:30:00 PM,11PULA4_U01,N,N,N,5725.0897,5725.0897,6144.5485,5725.0897,5725.0897,
8/15/2024 2:30:00 PM,11PULA4_U02,N,N,N,5723.9957,5723.9957,4998.6230,5723.9957,5723.9957,
8/15/2024 2:30:00 PM,11PULA4_U03,N,N,N,5470.1794,5470.1794,7407.3532,5470.1794,5470.1794,
8/15/2024 2:30:00 PM,11SME_T1L1,N,N,N,5470.1794,5470.1794,7090.8571,5470.1794,5470.1794,
8/15/2024 2:30:00 PM,11SMH_T1L1,N,N,N,5470.1794,5470.1794,7090.8571,5470.1794,5470.1794,
8/15/2024 2:30:00 PM,11STEAG_U01,N,N,N,5466.3503,5466.3503,4044.7797,5466.3503,5466.3503,
8/15/2024 2:30:00 PM,11STEAG_U02,N,N,N,5466.3503,5466.3503,4137.9590,5466.3503,5466.3503,
8/15/2024 2:30:00 PM,11TAGOL_SS,N,N,N,5470.1794,5470.1794,7090.8571,5470.1794,5470.1794,
8/15/2024 2:30:00 PM,11VILLA_BAT,N,N,N,5470.1794,5470.1794,5905.4781,5470.1794,5470.1794,
8/15/2024 2:30:00 PM,11VILLA_L01,N,N,N,5470.1794,5470.1794,7090.8571,5470.1794,5470.1794,
8/15/2024 2:30:00 PM,11VILLA_SS,N,N,N,5496.9833,5496.9833,7090.8571,5496.9833,5496.9833,
8/15/2024 2:30:00 PM,12ALE_T1L1,N,N,N,6406.1271,6406.1271,7090.8571,6406.1271,6406.1271,
8/15/2024 2:30:00 PM,12ASIGA_G01,N,N,N,6151.2167,6151.2167,7240.7582,6151.2167,6151.2167,
8/15/2024 2:30:00 PM,12BAG_T1L1,N,N,N,6373.3060,6373.3060,7090.8571,6373.3060,6373.3060,
8/15/2024 2:30:00 PM,12BISLIG_SS,N,N,N,6374.40,6374.40,7090.8571,6374.40,6374.40,
8/15/2024 2:30:00 PM,12BUTUAN_SS,N,N,N,6147.3876,6147.3876,7090.8571,6147.3876,6147.3876,
8/15/2024 2:30:00 PM,12BUT_T2L1,N,N,N,6044.0012,6044.0012,7090.8571,6044.0012,6044.0012,
8/15/2024 2:30:00 PM,12BYG_T1L1,N,N,N,6151.2167,6151.2167,7090.8571,6151.2167,6151.2167,
8/15/2024 2:30:00 PM,12KEGGIN_G01,N,N,N,6044.0012,6044.0012,6418.84,6044.0012,6044.0012,
8/15/2024 2:30:00 PM,12KEGTAN_G01,N,N,N,6406.1271,6406.1271,6776.1155,6406.1271,6406.1271,
8/15/2024 2:30:00 PM,12LKMAINIT_G01,N,N,N,6151.2167,6151.2167,5878.1406,6151.2167,6151.2167,
8/15/2024 2:30:00 PM,12LMO_T1L1,N,N,N,6151.2167,6151.2167,7090.8571,6151.2167,6151.2167,
8/15/2024 2:30:00 PM,12MAD_T1L1,N,N,N,32000,32000,7090.8571,32000,32000,
8/15/2024 2:30:00 PM,12NACSUR_G01,N,N,N,32000,32000,6646.1796,32000,32000,
8/15/2024 2:30:00 PM,12NASIP_SS,N,N,N,6042.3601,6042.3601,7090.8571,6042.3601,6042.3601,
8/15/2024 2:30:00 PM,12NAS_T1L1,N,N,N,6151.2167,6151.2167,7090.8571,6151.2167,6151.2167,
8/15/2024 2:30:00 PM,12PBA_T1L1,N,N,N,6373.3060,6373.3060,7090.8571,6373.3060,6373.3060,
8/15/2024 2:30:00 PM,12PKSFRA_U01,N,N,N,6406.1271,6406.1271,6776.1155,6406.1271,6406.1271,
8/15/2024 2:30:00 PM,12PKSFRA_U02,N,N,N,6406.1271,6406.1271,6776.1155,6406.1271,6406.1271,
8/15/2024 2:30:00 PM,12PLACER_SS,N,N,N,6303.2877,6303.2877,7090.8571,6303.2877,6303.2877,
8/15/2024 2:30:00 PM,12SFRAN_SS,N,N,N,6406.1271,6406.1271,7090.8571,6406.1271,6406.1271,
8/15/2024 2:30:00 PM,12SLU_T1L1,N,N,N,6044.0012,6044.0012,7090.8571,6044.0012,6044.0012,
8/15/2024 2:30:00 PM,12SNT_T1L1,N,N,N,6151.2167,6151.2167,7090.8571,6151.2167,6151.2167,
8/15/2024 2:30:00 PM,12STCRUZ_L01,N,N,N,32000,32000,7090.8571,32000,32000,
8/15/2024 2:30:00 PM,12SUR_T1L1,N,N,N,32000,32000,7090.8571,32000,32000,
8/15/2024 2:30:00 PM,12TBD_T1L1,N,N,N,5470.1794,5470.1794,7090.8571,5470.1794,5470.1794,
8/15/2024 2:30:00 PM,12TBO_T1L1,N,N,N,6373.3060,6373.3060,7090.8571,6373.3060,6373.3060,
8/15/2024 2:30:00 PM,12TDG_T1L1,N,N,N,6406.1271,6406.1271,7090.8571,6406.1271,6406.1271,
8/15/2024 2:30:00 PM,12THERMA2_SS,N,N,N,6042.3601,6042.3601,7090.8571,6042.3601,6042.3601,
8/15/2024 2:30:00 PM,12TM2_U01,N,N,N,6042.3601,6042.3601,3445.7040,6042.3601,6042.3601,
8/15/2024 2:30:00 PM,12TM2_U02,N,N,N,6042.3601,6042.3601,6417.3703,6042.3601,6042.3601,
8/15/2024 2:30:00 PM,12TRE_T1L1,N,N,N,6373.3060,6373.3060,7090.8571,6373.3060,6373.3060,
8/15/2024 2:30:00 PM,13ASU_T1L1,N,N,N,6169.2683,6169.2683,7090.8571,6169.2683,6169.2683,
8/15/2024 2:30:00 PM,13BAJ_T1L1,N,N,N,5861.2972,5861.2972,7090.8571,5861.2972,5861.2972,
8/15/2024 2:30:00 PM,13BNS_T1L1,N,N,N,5772.1333,5772.1333,7090.8571,5772.1333,5772.1333,
8/15/2024 2:30:00 PM,13BNY_T1L1,N,N,N,6125.5069,6125.5069,7090.8571,6125.5069,6125.5069,
8/15/2024 2:30:00 PM,13BUNAW_SS,N,N,N,5749.7056,5749.7056,7090.8571,5749.7056,5749.7056,
8/15/2024 2:30:00 PM,13CULAMAN_SS,N,N,N,5312.0912,5312.0912,7090.8571,5312.0912,5312.0912,
8/15/2024 2:30:00 PM,13DAVAO_SS,N,N,N,5861.2972,5861.2972,7090.8571,5861.2972,5861.2972,
8/15/2024 2:30:00 PM,13DAV_T1L1,N,N,N,5750.2526,5750.2526,7090.8571,5750.2526,5750.2526,
8/15/2024 2:30:00 PM,13DCPP_U01,N,N,N,5739.3122,5739.3122,6152.9988,5739.3122,5739.3122,
8/15/2024 2:30:00 PM,13DCPP_U02,N,N,N,5746.9705,5746.9705,7866.6346,5746.9705,5746.9705,
8/15/2024 2:30:00 PM,13DIGSOL_G01,N,N,N,5772.1333,5772.1333,5488.2911,5772.1333,5772.1333,
8/15/2024 2:30:00 PM,13DIG_T1L1,N,N,N,5871.1435,5871.1435,7090.8571,5871.1435,5871.1435,
8/15/2024 2:30:00 PM,13DIG_T2L1,N,N,N,5772.1333,5772.1333,7090.8571,5772.1333,5772.1333,
8/15/2024 2:30:00 PM,13DIG_T3L1,N,N,N,5750.2526,5750.2526,7090.8571,5750.2526,5750.2526,
8/15/2024 2:30:00 PM,13DLP_T1L1,N,N,N,5871.1435,5871.1435,7090.8571,5871.1435,5871.1435,
8/15/2024 2:30:00 PM,13DLP_T1L2,N,N,N,5871.1435,5871.1435,7090.8571,5871.1435,5871.1435,
8/15/2024 2:30:00 PM,13DLP_T1L3,N,N,N,5871.1435,5871.1435,7090.8571,5871.1435,5871.1435,
8/15/2024 2:30:00 PM,13DLP_T2L1,N,N,N,5813.7067,5813.7067,7090.8571,5813.7067,5813.7067,
8/15/2024 2:30:00 PM,13DRA_T1L1,N,N,N,5808.7835,5808.7835,7090.8571,5808.7835,5808.7835,
8/15/2024 2:30:00 PM,13DRA_T1L2,N,N,N,5808.7835,5808.7835,7090.8571,5808.7835,5808.7835,
8/15/2024 2:30:00 PM,13DSP_T1L1,N,N,N,5772.1333,5772.1333,7090.8571,5772.1333,5772.1333,
8/15/2024 2:30:00 PM,13DSR_T1L1,N,N,N,5318.6554,5318.6554,7090.8571,5318.6554,5318.6554,
8/15/2024 2:30:00 PM,13EUROH_G01,N,N,N,6169.2683,6169.2683,4544.6392,6169.2683,6169.2683,
8/15/2024 2:30:00 PM,13MACO_BAT,N,N,N,6125.5069,6125.5069,8580.3434,6125.5069,6125.5069,
8/15/2024 2:30:00 PM,13MACO_SS,N,N,N,6124.4128,6124.4128,7090.8571,6124.4128,6124.4128,
8/15/2024 2:30:00 PM,13MAGDBNK_G01,N,N,N,6125.5069,6125.5069,6513.0251,6125.5069,6125.5069,
8/15/2024 2:30:00 PM,13MAGDBNK_U01,N,N,N,6125.5069,6125.5069,6513.0251,6125.5069,6125.5069,
8/15/2024 2:30:00 PM,13MAGDBNK_U02,N,N,N,6125.5069,6125.5069,6513.0251,6125.5069,6125.5069,
8/15/2024 2:30:00 PM,13MAGDBNK_U03,N,N,N,6125.5069,6125.5069,6513.0251,6125.5069,6125.5069,
8/15/2024 2:30:00 PM,13MALITA_BAT,N,N,N,5318.6554,5318.6554,8337.9414,5318.6554,5318.6554,
8/15/2024 2:30:00 PM,13MATAN_SS,N,N,N,5418.7597,5418.7597,7090.8571,5418.7597,5418.7597,
8/15/2024 2:30:00 PM,13MATIBNK_G01,N,N,N,6125.5069,6125.5069,4292.7767,6125.5069,6125.5069,
8/15/2024 2:30:00 PM,13MON_T1L1,N,N,N,6169.2683,6169.2683,7090.8571,6169.2683,6169.2683,
8/15/2024 2:30:00 PM,13MPCDIG_G01,N,N,N,5772.1333,5772.1333,6159.2523,5772.1333,5772.1333,
8/15/2024 2:30:00 PM,13MSR_T1L1,N,N,N,6169.2683,6169.2683,7090.8571,6169.2683,6169.2683,
8/15/2024 2:30:00 PM,13NABUN_SS,N,N,N,6169.2683,6169.2683,7090.8571,6169.2683,6169.2683,
8/15/2024 2:30:00 PM,13PMA_T1L1,N,N,N,5772.1333,5772.1333,7090.8571,5772.1333,5772.1333,
8/15/2024 2:30:00 PM,13SIBULAN_G01,N,N,N,5861.2972,5861.2972,6651.4852,5861.2972,5861.2972,
8/15/2024 2:30:00 PM,13SMC_U01,N,N,N,5157.8321,5157.8321,5908.2517,5157.8321,5157.8321,
8/15/2024 2:30:00 PM,13SMC_U02,N,N,N,5157.8321,5157.8321,4060.6268,5157.8321,5157.8321,
8/15/2024 2:30:00 PM,13TALOM1_G01,N,N,N,5871.1435,5871.1435,7175.5894,5871.1435,5871.1435,
8/15/2024 2:30:00 PM,13TALOM23_G01,N,N,N,5861.2972,5861.2972,6384.2558,5861.2972,5861.2972,
8/15/2024 2:30:00 PM,13TGM_T1L1,N,N,N,6125.5069,6125.5069,7090.8571,6125.5069,6125.5069,
8/15/2024 2:30:00 PM,13THERMA1_SS,N,N,N,6124.4128,6124.4128,7090.8571,6124.4128,6124.4128,
8/15/2024 2:30:00 PM,13TM1_U01,N,N,N,6124.4128,6124.4128,6512.0208,6124.4128,6124.4128,
8/15/2024 2:30:00 PM,13TM1_U02,N,N,N,6124.4128,6124.4128,6512.0208,6124.4128,6124.4128,
8/15/2024 2:30:00 PM,13TORIL_SS,N,N,N,5743.6884,5743.6884,7090.8571,5743.6884,5743.6884,
8/15/2024 2:30:00 PM,13TUDAY2_G01,N,N,N,5871.1435,5871.1435,5596.8490,5871.1435,5871.1435,
8/15/2024 2:30:00 PM,14ALMADA_G01,N,N,N,6386.9814,6386.9814,4487.6825,6386.9814,6386.9814,
8/15/2024 2:30:00 PM,14ASTROSOL_G01,N,N,N,5815.3477,5815.3477,6615.5844,5815.3477,5815.3477,
8/15/2024 2:30:00 PM,14BGN_T1L1,N,N,N,5721.2606,5721.2606,7090.8571,5721.2606,5721.2606,
8/15/2024 2:30:00 PM,14BGN_T2L1,N,N,N,6033.6079,6033.6079,7090.8571,6033.6079,6033.6079,
8/15/2024 2:30:00 PM,14BIOGS_G01,N,N,N,6033.6079,6033.6079,6285.1501,6033.6079,6033.6079,
8/15/2024 2:30:00 PM,14BIOMS_U01,N,N,N,6033.6079,6033.6079,6414.2665,6033.6079,6033.6079,
8/15/2024 2:30:00 PM,14COTSUGR_G01,N,N,N,5721.2606,5721.2606,6104.3620,5721.2606,5721.2606,
8/15/2024 2:30:00 PM,14DSA_T1L1,N,N,N,6386.9814,6386.9814,7090.8571,6386.9814,6386.9814,
8/15/2024 2:30:00 PM,14DSA_T2L1,N,N,N,6033.6079,6033.6079,7090.8571,6033.6079,6033.6079,
8/15/2024 2:30:00 PM,14GENSAN_SS,N,N,N,5815.3477,5815.3477,7090.8571,5815.3477,5815.3477,
8/15/2024 2:30:00 PM,14GERBIO_G01,N,N,N,6033.6079,6033.6079,6414.2665,6033.6079,6033.6079,
8/15/2024 2:30:00 PM,14GLA_T1L1,N,N,N,5815.3477,5815.3477,7090.8571,5815.3477,5815.3477,
8/15/2024 2:30:00 PM,14KAMANGA_SS,N,N,N,5642.49,5642.49,7090.8571,5642.49,5642.49,
8/15/2024 2:30:00 PM,14KAM_L03,N,N,N,5815.3477,5815.3477,7090.8571,5815.3477,5815.3477,
8/15/2024 2:30:00 PM,14KIDAP_SS,N,N,N,5711.9613,5711.9613,7090.8571,5711.9613,5711.9613,
8/15/2024 2:30:00 PM,14KLN_T1L1,N,N,N,6033.6079,6033.6079,7090.8571,6033.6079,6033.6079,
8/15/2024 2:30:00 PM,14LAMSAN_G01,N,N,N,6386.9814,6386.9814,4769.89,6386.9814,6386.9814,
8/15/2024 2:30:00 PM,14LLE_T1L1,N,N,N,5815.3477,5815.3477,7090.8571,5815.3477,5815.3477,
8/15/2024 2:30:00 PM,14MARBEL_U01,N,N,N,6033.6079,6033.6079,6883.5481,6033.6079,6033.6079,
8/15/2024 2:30:00 PM,14MID_T1L1,N,N,N,6386.9814,6386.9814,7090.8571,6386.9814,6386.9814,
8/15/2024 2:30:00 PM,14MTAPO_U01,N,N,N,5708.6792,5708.6792,5874.0267,5708.6792,5708.6792,
8/15/2024 2:30:00 PM,14MTAPO_U02,N,N,N,5709.7732,5709.7732,6061.8066,5709.7732,5709.7732,
8/15/2024 2:30:00 PM,14MTAPO_U03,N,N,N,5721.2606,5721.2606,7439.8073,5721.2606,5721.2606,
8/15/2024 2:30:00 PM,14NVSOL_G01,N,N,N,6033.6079,6033.6079,6672.3275,6033.6079,6033.6079,
8/15/2024 2:30:00 PM,14PKPSOC_G01,N,N,N,5815.3477,5815.3477,11869.5349,5815.3477,5815.3477,
8/15/2024 2:30:00 PM,14PTU_T1L1,N,N,N,5815.3477,5815.3477,7090.8571,5815.3477,5815.3477,
8/15/2024 2:30:00 PM,14SARANG_U01,N,N,N,5815.3477,5815.3477,6245.4962,5815.3477,5815.3477,
8/15/2024 2:30:00 PM,14SARANG_U02,N,N,N,5640.3020,5640.3020,6004.5355,5640.3020,5640.3020,
8/15/2024 2:30:00 PM,14SIGHYDRO_G01,N,N,N,5815.3477,5815.3477,6348.5634,5815.3477,5815.3477,
8/15/2024 2:30:00 PM,14SKU_T1L1,N,N,N,6386.9814,6386.9814,7090.8571,6386.9814,6386.9814,
8/15/2024 2:30:00 PM,14SMY_T1L1,N,N,N,6386.9814,6386.9814,7090.8571,6386.9814,6386.9814,
8/15/2024 2:30:00 PM,14SPGI_U01,N,N,N,6033.6079,6033.6079,9034.0780,6033.6079,6033.6079,
8/15/2024 2:30:00 PM,14SRL_T1L1,N,N,N,6033.6079,6033.6079,7090.8571,6033.6079,6033.6079,
8/15/2024 2:30:00 PM,14SULTAN_SS,N,N,N,6356.8955,6356.8955,7090.8571,6356.8955,6356.8955,
8/15/2024 2:30:00 PM,14SUPKOR_G01,N,N,N,6033.6079,6033.6079,6414.2665,6033.6079,6033.6079,
8/15/2024 2:30:00 PM,14TACSUR_L02,N,N,N,6033.6079,6033.6079,7090.8571,6033.6079,6033.6079,
8/15/2024 2:30:00 PM,14TACUR_SS,N,N,N,6033.6079,6033.6079,7090.8571,6033.6079,6033.6079,
8/15/2024 2:30:00 PM,14TIN_T1L1,N,N,N,5815.3477,5815.3477,7090.8571,5815.3477,5815.3477,
8/15/2024 2:30:00 PM,14TIN_T1L2,N,N,N,5815.3477,5815.3477,7090.8571,5815.3477,5815.3477,
EOF
