TIME_INTERVAL,RESOURCE_NAME,AP_FLAG,SEC_FLAG,PSM_FLAG,DIPC_PRICE,RTD_PRICE,ADMIN_PRICE,SEC_PRICE,PSM_PRICE,
1/18/2025 12:40:00 AM,01ACNPC_G01,N,N,N,3001.5477,3001.5477,3445.0631,3001.5477,3001.5477,
1/18/2025 12:40:00 AM,01AEC_L01,N,N,N,3001.2488,3001.2488,3386.8793,3001.2488,3001.2488,
1/18/2025 12:40:00 AM,01AMBUK_SS,N,N,N,2986.3023,2986.3023,3386.8793,2986.3023,2986.3023,
1/18/2025 12:40:00 AM,01AMBUK_T1L1,N,N,N,2986.3023,2986.3023,3386.8793,2986.3023,2986.3023,
1/18/2025 12:40:00 AM,01AMBUK_U01,N,N,N,2986.0034,2986.0034,3529.1395,2986.0034,2986.0034,
1/18/2025 12:40:00 AM,01AMBUK_U02,N,N,N,2986.0034,2986.0034,3527.1814,2986.0034,2986.0034,
1/18/2025 12:40:00 AM,01AMBUK_U03,N,N,N,2986.0034,2986.0034,3648.7317,2986.0034,2986.0034,
1/18/2025 12:40:00 AM,01AMPHAW_G01,N,N,N,2983.0141,2983.0141,3543.7095,2983.0141,2983.0141,
1/18/2025 12:40:00 AM,01ANDA_G01,N,N,N,3001.2488,3001.2488,3533.5663,3001.2488,3001.2488,
1/18/2025 12:40:00 AM,01ANGAT_A,N,N,N,2957.6051,2957.6051,3498.7193,2957.6051,2957.6051,
1/18/2025 12:40:00 AM,01ANGAT_M,N,N,N,2956.7083,2956.7083,3418.9764,2956.7083,2956.7083,
1/18/2025 12:40:00 AM,01ANGAT_SS,N,N,N,2964.1815,2964.1815,3386.8793,2964.1815,2964.1815,
1/18/2025 12:40:00 AM,01ANGAT_T5L1,N,N,N,2989.2916,2989.2916,3386.8793,2989.2916,2989.2916,
1/18/2025 12:40:00 AM,01APEC_G01,N,N,N,3001.2488,3001.2488,3714.0344,3001.2488,3001.2488,
1/18/2025 12:40:00 AM,01ARAYSOL_G01,N,N,N,3001.2488,3001.2488,3535.5162,3001.2488,3001.2488,
1/18/2025 12:40:00 AM,01ARAYSOL_G02,N,N,N,3001.2488,3001.2488,3535.5162,3001.2488,3001.2488,
1/18/2025 12:40:00 AM,01ARESOL_G01,N,N,N,3001.2488,3001.2488,3537.4904,3001.2488,3001.2488,
1/18/2025 12:40:00 AM,01ARMSOL_G01,N,N,N,3001.5477,3001.5477,3538.7599,3001.5477,3001.5477,
1/18/2025 12:40:00 AM,01BAKSIP_G01,N,N,N,2983.0141,2983.0141,3577.8172,2983.0141,2983.0141,
1/18/2025 12:40:00 AM,01BAKUN_G01,N,N,N,2934.2886,2934.2886,3491.8092,2934.2886,2934.2886,
1/18/2025 12:40:00 AM,01BAKUN_SS,N,N,N,2934.5876,2934.5876,3386.8793,2934.5876,2934.5876,
1/18/2025 12:40:00 AM,01BALNEO_L01,N,N,N,2955.8115,2955.8115,3386.8793,2955.8115,2955.8115,
1/18/2025 12:40:00 AM,01BALNEO_L02,N,N,N,2955.8115,2955.8115,3386.8793,2955.8115,2955.8115,
1/18/2025 12:40:00 AM,01BALNEO_SS,N,N,N,2949.8329,2949.8329,3386.8793,2949.8329,2949.8329,
1/18/2025 12:40:00 AM,01BALSIK_SS,N,N,N,2931.2993,2931.2993,3386.8793,2931.2993,2931.2993,
1/18/2025 12:40:00 AM,01BALWIND_G01,N,N,N,2794.0909,2794.0909,3574.3645,2794.0909,2794.0909,
1/18/2025 12:40:00 AM,01BANTAY_SS,N,N,N,2911.2711,2911.2711,3386.8793,2911.2711,2911.2711,
1/18/2025 12:40:00 AM,01BATAAN_SS,N,N,N,2880.7803,2880.7803,3386.8793,2880.7803,2880.7803,
1/18/2025 12:40:00 AM,01BAUANG_GS1,N,N,N,2963.8826,2963.8826,3506.5820,2963.8826,2963.8826,
1/18/2025 12:40:00 AM,01BAUANG_GS2,N,N,N,2963.8826,2963.8826,3506.5820,2963.8826,2963.8826,
1/18/2025 12:40:00 AM,01BAUANG_GS3,N,N,N,2963.8826,2963.8826,3506.5820,2963.8826,2963.8826,
1/18/2025 12:40:00 AM,01BAUANG_SS,N,N,N,2965.6762,2965.6762,3386.8793,2965.6762,2965.6762,
1/18/2025 12:40:00 AM,01BAUAN_T1L1,N,N,N,2965.9751,2965.9751,3386.8793,2965.9751,2965.9751,
1/18/2025 12:40:00 AM,01BAUAN_T1L2,N,N,N,2965.9751,2965.9751,3386.8793,2965.9751,2965.9751,
1/18/2025 12:40:00 AM,01BAUAN_T1L3,N,N,N,2965.9751,2965.9751,3386.8793,2965.9751,2965.9751,
1/18/2025 12:40:00 AM,01BAUAN_T2L1,N,N,N,2965.9751,2965.9751,3386.8793,2965.9751,2965.9751,
1/18/2025 12:40:00 AM,01BAUAN_T2L2,N,N,N,2965.9751,2965.9751,3386.8793,2965.9751,2965.9751,
1/18/2025 12:40:00 AM,01BCNOT_SS,N,N,N,2954.0180,2954.0180,3386.8793,2954.0180,2954.0180,
1/18/2025 12:40:00 AM,01BCNOT_T1L1,N,N,N,2954.0180,2954.0180,3386.8793,2954.0180,2954.0180,
1/18/2025 12:40:00 AM,01BCNOT_T1L2,N,N,N,2954.0180,2954.0180,3386.8793,2954.0180,2954.0180,
1/18/2025 12:40:00 AM,01BINENG_G01,N,N,N,2983.0141,2983.0141,3524.3412,2983.0141,2983.0141,
1/18/2025 12:40:00 AM,01BINGA_SS,N,N,N,2981.5194,2981.5194,3386.8793,2981.5194,2981.5194,
1/18/2025 12:40:00 AM,01BINGA_T1L1,N,N,N,2981.5194,2981.5194,3386.8793,2981.5194,2981.5194,
1/18/2025 12:40:00 AM,01BINGA_U01,N,N,N,2981.5194,2981.5194,3492.5741,2981.5194,2981.5194,
1/18/2025 12:40:00 AM,01BINGA_U02,N,N,N,2981.5194,2981.5194,3733.7943,2981.5194,2981.5194,
1/18/2025 12:40:00 AM,01BINGA_U03,N,N,N,2981.5194,2981.5194,3763.3767,2981.5194,2981.5194,
1/18/2025 12:40:00 AM,01BINGA_U04,N,N,N,2981.5194,2981.5194,3762.2460,2981.5194,2981.5194,
1/18/2025 12:40:00 AM,01BNTAY_T1L1,N,N,N,2911.8689,2911.8689,3386.8793,2911.8689,2911.8689,
1/18/2025 12:40:00 AM,01BNTAY_T1L2,N,N,N,2911.8689,2911.8689,3386.8793,2911.8689,2911.8689,
1/18/2025 12:40:00 AM,01BNTAY_T1L3,N,N,N,2911.8689,2911.8689,3386.8793,2911.8689,2911.8689,
1/18/2025 12:40:00 AM,01BONGSOL_G01,N,N,N,3022.1738,3022.1738,3562.4317,3022.1738,3022.1738,
1/18/2025 12:40:00 AM,01BOSUNG_G01,N,N,N,2825.7773,2825.7773,3381.3560,2825.7773,2825.7773,
1/18/2025 12:40:00 AM,01BOTOLAN_SS,N,N,N,2950.1319,2950.1319,3386.8793,2950.1319,2950.1319,
1/18/2025 12:40:00 AM,01BOTOL_T1L1,N,N,N,2954.0180,2954.0180,3386.8793,2954.0180,2954.0180,
1/18/2025 12:40:00 AM,01BOTOL_T1L2,N,N,N,2954.0180,2954.0180,3386.8793,2954.0180,2954.0180,
1/18/2025 12:40:00 AM,01BPC_T1L1,N,N,N,2880.7803,2880.7803,3386.8793,2880.7803,2880.7803,
1/18/2025 12:40:00 AM,01BPC_T2L2,N,N,N,2880.7803,2880.7803,3386.8793,2880.7803,2880.7803,
1/18/2025 12:40:00 AM,01BPPC_SS,N,N,N,2963.8826,2963.8826,3386.8793,2963.8826,2963.8826,
1/18/2025 12:40:00 AM,01BT2020_G01,N,N,N,2927.4133,2927.4133,3430.3345,2927.4133,2927.4133,
1/18/2025 12:40:00 AM,01BT2020_G02,N,N,N,2927.4133,2927.4133,3430.3345,2927.4133,2927.4133,
1/18/2025 12:40:00 AM,01BTNSOL_G01,N,N,N,2881.6771,2881.6771,3352.4525,2881.6771,2881.6771,
1/18/2025 12:40:00 AM,01BTPP_T3L1,N,N,N,2881.6771,2881.6771,3386.8793,2881.6771,2881.6771,
1/18/2025 12:40:00 AM,01BTPP_T3L2,N,N,N,2881.6771,2881.6771,3386.8793,2881.6771,2881.6771,
1/18/2025 12:40:00 AM,01BTPP_T3L3,N,N,N,2881.6771,2881.6771,3386.8793,2881.6771,2881.6771,
1/18/2025 12:40:00 AM,01BTPP_T3L4,N,N,N,2881.6771,2881.6771,3386.8793,2881.6771,2881.6771,
1/18/2025 12:40:00 AM,01BTPP_T3L5,N,N,N,2881.6771,2881.6771,3386.8793,2881.6771,2881.6771,
1/18/2025 12:40:00 AM,01BTPP_T4L1,N,N,N,2989.2916,2989.2916,3386.8793,2989.2916,2989.2916,
1/18/2025 12:40:00 AM,01BTSOLEN_BAT,N,N,N,2881.6771,2881.6771,3352.4525,2881.6771,2881.6771,
1/18/2025 12:40:00 AM,01BTSOLEN_G01,N,N,N,2881.6771,2881.6771,3352.4525,2881.6771,2881.6771,
1/18/2025 12:40:00 AM,01BULSOL_G01,N,N,N,3013.2059,3013.2059,3549.8245,3013.2059,3013.2059,
1/18/2025 12:40:00 AM,01BURGOS_G01,N,N,N,2681.0956,2681.0956,3137.2588,2681.0956,2681.0956,
1/18/2025 12:40:00 AM,01BURGOS_G02,N,N,N,2825.7773,2825.7773,3381.3560,2825.7773,2825.7773,
1/18/2025 12:40:00 AM,01BURGOS_G03,N,N,N,2825.7773,2825.7773,3381.3560,2825.7773,2825.7773,
1/18/2025 12:40:00 AM,01BURGOS_SS,N,N,N,2689.1667,2689.1667,3386.8793,2689.1667,2689.1667,
1/18/2025 12:40:00 AM,01BUTAO_G01,N,N,N,2967.4698,2967.4698,3503.6840,2967.4698,2967.4698,
1/18/2025 12:40:00 AM,01BYOMB_DID,N,N,N,3015.8963,3015.8963,3386.8793,3015.8963,3015.8963,
1/18/2025 12:40:00 AM,01BYOMB_SS,N,N,N,3015.8963,3015.8963,3386.8793,3015.8963,3015.8963,
1/18/2025 12:40:00 AM,01BYOMB_T1L1,N,N,N,3017.3909,3017.3909,3386.8793,3017.3909,3017.3909,
1/18/2025 12:40:00 AM,01BYOMB_T1L2,N,N,N,3015.8963,3015.8963,3386.8793,3015.8963,3015.8963,
1/18/2025 12:40:00 AM,01BYOMB_T1L3,N,N,N,3017.3909,3017.3909,3386.8793,3017.3909,3017.3909,
1/18/2025 12:40:00 AM,01CABSOL_G01,N,N,N,3021.2770,3021.2770,3561.7101,3021.2770,3021.2770,
1/18/2025 12:40:00 AM,01CAGBIO_G01,N,N,N,3074.7853,3074.7853,3639.0550,3074.7853,3074.7853,
1/18/2025 12:40:00 AM,01CAGYSOL_G01,N,N,N,3109.1622,3109.1622,3679.0556,3109.1622,3109.1622,
1/18/2025 12:40:00 AM,01CALIBUNK_G01,N,N,N,3001.2488,3001.2488,3535.5162,3001.2488,3001.2488,
1/18/2025 12:40:00 AM,01CAPRIS_G01,N,N,N,2644.0284,2644.0284,3361.7597,2644.0284,2644.0284,
1/18/2025 12:40:00 AM,01CAPRIS_G02,N,N,N,2644.3273,2644.3273,3190.2708,2644.3273,2644.3273,
1/18/2025 12:40:00 AM,01CASECN_G01,N,N,N,2933.0929,2933.0929,3425.0524,2933.0929,2933.0929,
1/18/2025 12:40:00 AM,01CASECN_SS,N,N,N,2933.0929,2933.0929,3386.8793,2933.0929,2933.0929,
1/18/2025 12:40:00 AM,01CAYBSOL_G01,N,N,N,2930.1036,2930.1036,3698.1725,2930.1036,2930.1036,
1/18/2025 12:40:00 AM,01CBNTU_SS,N,N,N,3022.4727,3022.4727,3386.8793,3022.4727,3022.4727,
1/18/2025 12:40:00 AM,01CBNTU_T1L1,N,N,N,3022.1738,3022.1738,3386.8793,3022.1738,3022.1738,
1/18/2025 12:40:00 AM,01CBNTU_T1L3,N,N,N,3022.1738,3022.1738,3386.8793,3022.1738,3022.1738,
1/18/2025 12:40:00 AM,01CBNTU_T2L1,N,N,N,3022.1738,3022.1738,3386.8793,3022.1738,3022.1738,
1/18/2025 12:40:00 AM,01CBNTU_T2L2,N,N,N,3021.2770,3021.2770,3386.8793,3021.2770,3021.2770,
1/18/2025 12:40:00 AM,01CBN_CELCOR,N,N,N,3021.2770,3021.2770,3386.8793,3021.2770,3021.2770,
1/18/2025 12:40:00 AM,01CBN_CELCOR2,N,N,N,3022.1738,3022.1738,3386.8793,3022.1738,3022.1738,
1/18/2025 12:40:00 AM,01CIP2_G01,N,N,N,2954.0180,2954.0180,3499.4774,2954.0180,2954.0180,
1/18/2025 12:40:00 AM,01CLARK_L01,N,N,N,3004.8359,3004.8359,3386.8793,3004.8359,3004.8359,
1/18/2025 12:40:00 AM,01CLARK_L02,N,N,N,2989.2916,2989.2916,3386.8793,2989.2916,2989.2916,
1/18/2025 12:40:00 AM,01CLARK_L03,N,N,N,3004.8359,3004.8359,3386.8793,3004.8359,3004.8359,
1/18/2025 12:40:00 AM,01CLARK_L04,N,N,N,3005.1348,3005.1348,3386.8793,3005.1348,3005.1348,
1/18/2025 12:40:00 AM,01CLARK_SS,N,N,N,3004.8359,3004.8359,3386.8793,3004.8359,3004.8359,
1/18/2025 12:40:00 AM,01CLARK_T1L1,N,N,N,3004.8359,3004.8359,3386.8793,3004.8359,3004.8359,
1/18/2025 12:40:00 AM,01CLARK_T1L2,N,N,N,2989.2916,2989.2916,3386.8793,2989.2916,2989.2916,
1/18/2025 12:40:00 AM,01CLARK_T2L1,N,N,N,3005.1348,3005.1348,3386.8793,3005.1348,3005.1348,
1/18/2025 12:40:00 AM,01CLASOL_G01,N,N,N,3004.8359,3004.8359,3539.8249,3004.8359,3004.8359,
1/18/2025 12:40:00 AM,01CLEANG_G01,N,N,N,2927.4133,2927.4133,3430.3345,2927.4133,2927.4133,
1/18/2025 12:40:00 AM,01CNCEP_BAT,N,N,N,3001.2488,3001.2488,3537.4904,3001.2488,3001.2488,
1/18/2025 12:40:00 AM,01CNCEP_CAT,N,N,N,3001.2488,3001.2488,3386.8793,3001.2488,3001.2488,
1/18/2025 12:40:00 AM,01CNCEP_DAP2,N,N,N,3001.2488,3001.2488,3386.8793,3001.2488,3001.2488,
1/18/2025 12:40:00 AM,01CNCEP_SS,N,N,N,3000.9498,3000.9498,3386.8793,3000.9498,3000.9498,
1/18/2025 12:40:00 AM,01CNCEP_T1L3,N,N,N,3000.9498,3000.9498,3386.8793,3000.9498,3000.9498,
1/18/2025 12:40:00 AM,01CNCEP_TEI,N,N,N,3001.5477,3001.5477,3386.8793,3001.5477,3001.5477,
1/18/2025 12:40:00 AM,01CN_TRELC1,N,N,N,3001.5477,3001.5477,3386.8793,3001.5477,3001.5477,
1/18/2025 12:40:00 AM,01CN_TRELC2,N,N,N,3001.2488,3001.2488,3386.8793,3001.2488,3001.2488,
1/18/2025 12:40:00 AM,01CONSOL_G01,N,N,N,3001.2488,3001.2488,3537.4904,3001.2488,3001.2488,
1/18/2025 12:40:00 AM,01CRUZD_MECO,N,N,N,3013.2059,3013.2059,3386.8793,3013.2059,3013.2059,
1/18/2025 12:40:00 AM,01CRUZD_SS,N,N,N,3012.9070,3012.9070,3386.8793,3012.9070,3012.9070,
1/18/2025 12:40:00 AM,01CRUZD_T2L1,N,N,N,3013.2059,3013.2059,3386.8793,3013.2059,3013.2059,
1/18/2025 12:40:00 AM,01CURIM_SS,N,N,N,2862.8446,2862.8446,3386.8793,2862.8446,2862.8446,
1/18/2025 12:40:00 AM,01CURIM_T1L1,N,N,N,2864.0403,2864.0403,3386.8793,2864.0403,2864.0403,
1/18/2025 12:40:00 AM,01CURIM_T1L2,N,N,N,2864.0403,2864.0403,3386.8793,2864.0403,2864.0403,
1/18/2025 12:40:00 AM,01CURSOL_G02,N,N,N,2864.0403,2864.0403,3421.3444,2864.0403,2864.0403,
1/18/2025 12:40:00 AM,01DALSOL_G01,N,N,N,3001.5477,3001.5477,3538.7599,3001.5477,3001.5477,
1/18/2025 12:40:00 AM,01DOMSOL_G01,N,N,N,2967.4698,2967.4698,3503.6840,2967.4698,2967.4698,
1/18/2025 12:40:00 AM,01DOMSOL_L01,N,N,N,2967.4698,2967.4698,3386.8793,2967.4698,2967.4698,
1/18/2025 12:40:00 AM,01DUHAT_SS,N,N,N,3019.7824,3019.7824,3386.8793,3019.7824,3019.7824,
1/18/2025 12:40:00 AM,01DUHAT_T1L1,N,N,N,3023.3695,3023.3695,3386.8793,3023.3695,3023.3695,
1/18/2025 12:40:00 AM,01EHVSJ_SS,N,N,N,2978.5301,2978.5301,3386.8793,2978.5301,2978.5301,
1/18/2025 12:40:00 AM,01EHVSM_SS,N,N,N,2956.4094,2956.4094,3386.8793,2956.4094,2956.4094,
1/18/2025 12:40:00 AM,01GAMU_BAT,N,N,N,3078.6714,3078.6714,4022.9728,3078.6714,3078.6714,
1/18/2025 12:40:00 AM,01GAMU_BATL,N,N,N,3078.6714,3078.6714,3386.8793,3078.6714,3078.6714,
1/18/2025 12:40:00 AM,01GAMU_SS,N,N,N,3074.4864,3074.4864,3386.8793,3074.4864,3074.4864,
1/18/2025 12:40:00 AM,01GAMU_T1L1,N,N,N,3078.6714,3078.6714,3386.8793,3078.6714,3078.6714,
1/18/2025 12:40:00 AM,01GAMU_T1L2,N,N,N,3074.7853,3074.7853,3386.8793,3074.7853,3074.7853,
1/18/2025 12:40:00 AM,01GFII_G01,N,N,N,3078.6714,3078.6714,3643.6662,3078.6714,3078.6714,
1/18/2025 12:40:00 AM,01GIFT_G01,N,N,N,3022.1738,3022.1738,3562.4317,3022.1738,3022.1738,
1/18/2025 12:40:00 AM,01GIFT_G02,N,N,N,3022.1738,3022.1738,3554.9075,3022.1738,3022.1738,
1/18/2025 12:40:00 AM,01GIGSOL_G01,N,N,N,2954.0180,2954.0180,3476.6349,2954.0180,2954.0180,
1/18/2025 12:40:00 AM,01GNPD_SS,N,N,N,2910.0754,2910.0754,3386.8793,2910.0754,2910.0754,
1/18/2025 12:40:00 AM,01GNPD_U01,N,N,N,2885.8621,2885.8621,3426.1513,2885.8621,2885.8621,
1/18/2025 12:40:00 AM,01GNPD_U02,N,N,N,2888.2535,2888.2535,3288.5398,2888.2535,2888.2535,
1/18/2025 12:40:00 AM,01GRGOLD_G01,N,N,N,3022.1738,3022.1738,3605.2756,3022.1738,3022.1738,
1/18/2025 12:40:00 AM,01HANJI_SS,N,N,N,2939.3704,2939.3704,3386.8793,2939.3704,2939.3704,
1/18/2025 12:40:00 AM,01HANJI_T1L1,N,N,N,2939.6694,2939.6694,3386.8793,2939.6694,2939.6694,
1/18/2025 12:40:00 AM,01HANJI_T2L1,N,N,N,2939.3704,2939.3704,3386.8793,2939.3704,2939.3704,
1/18/2025 12:40:00 AM,01HERMO_FBL,N,N,N,2927.4133,2927.4133,3386.8793,2927.4133,2927.4133,
1/18/2025 12:40:00 AM,01HERMO_SS,N,N,N,2926.2175,2926.2175,3386.8793,2926.2175,2926.2175,
1/18/2025 12:40:00 AM,01HERMO_T1L1,N,N,N,2927.4133,2927.4133,3386.8793,2927.4133,2927.4133,
1/18/2025 12:40:00 AM,01HERMO_T1L2,N,N,N,2927.4133,2927.4133,3386.8793,2927.4133,2927.4133,
1/18/2025 12:40:00 AM,01HERMO_T1L3,N,N,N,2989.2916,2989.2916,3386.8793,2989.2916,2989.2916,
1/18/2025 12:40:00 AM,01HERMO_T1L4,N,N,N,2927.4133,2927.4133,3386.8793,2927.4133,2927.4133,
1/18/2025 12:40:00 AM,01HYPGRN_G01,N,N,N,2989.2916,2989.2916,3530.1066,2989.2916,2989.2916,
1/18/2025 12:40:00 AM,01IBEC_G01,N,N,N,3036.8213,3036.8213,3638.0606,3036.8213,3036.8213,
1/18/2025 12:40:00 AM,01IBULAO_G01,N,N,N,3017.3909,3017.3909,3528.5119,3017.3909,3017.3909,
1/18/2025 12:40:00 AM,01IPOWER_G01,N,N,N,3022.1738,3022.1738,3551.4608,3022.1738,3022.1738,
1/18/2025 12:40:00 AM,01IPOWER_G02,N,N,N,3022.1738,3022.1738,3549.8393,3022.1738,3022.1738,
1/18/2025 12:40:00 AM,01KDAM_SS,N,N,N,2938.7726,2938.7726,3386.8793,2938.7726,2938.7726,
1/18/2025 12:40:00 AM,01LAMAO_BAT,N,N,N,2876.5953,2876.5953,3242.5014,2876.5953,2876.5953,
1/18/2025 12:40:00 AM,01LAMAO_SS,N,N,N,2876.5953,2876.5953,3386.8793,2876.5953,2876.5953,
1/18/2025 12:40:00 AM,01LAOAG_SS,N,N,N,2830.5602,2830.5602,3386.8793,2830.5602,2830.5602,
1/18/2025 12:40:00 AM,01LAOAG_T1L1,N,N,N,2828.7666,2828.7666,3386.8793,2828.7666,2828.7666,
1/18/2025 12:40:00 AM,01LAOAG_T1L2,N,N,N,2828.7666,2828.7666,3386.8793,2828.7666,2828.7666,
1/18/2025 12:40:00 AM,01LAOAG_T2L2,N,N,N,2825.7773,2825.7773,3386.8793,2825.7773,2825.7773,
1/18/2025 12:40:00 AM,01LAOSOL_G01,N,N,N,2930.1036,2930.1036,3466.8529,2930.1036,2930.1036,
1/18/2025 12:40:00 AM,01LAOSOL_SS,N,N,N,2930.1036,2930.1036,3386.8793,2930.1036,2930.1036,
1/18/2025 12:40:00 AM,01LASUER_U01,N,N,N,3074.7853,3074.7853,3868.9559,3074.7853,3074.7853,
1/18/2025 12:40:00 AM,01LATRI_SS,N,N,N,2981.2205,2981.2205,3386.8793,2981.2205,2981.2205,
1/18/2025 12:40:00 AM,01LATRI_T1L1,N,N,N,2983.0141,2983.0141,3386.8793,2983.0141,2983.0141,
1/18/2025 12:40:00 AM,01LATRI_T2L1,N,N,N,2983.0141,2983.0141,3386.8793,2983.0141,2983.0141,
1/18/2025 12:40:00 AM,01LATRI_T2L2,N,N,N,2983.0141,2983.0141,3386.8793,2983.0141,2983.0141,
1/18/2025 12:40:00 AM,01LATRI_T2L3,N,N,N,2983.0141,2983.0141,3386.8793,2983.0141,2983.0141,
1/18/2025 12:40:00 AM,01LAT_BENECO,N,N,N,2983.0141,2983.0141,3386.8793,2983.0141,2983.0141,
1/18/2025 12:40:00 AM,01LAT_PHILEX,N,N,N,2983.0141,2983.0141,3386.8793,2983.0141,2983.0141,
1/18/2025 12:40:00 AM,01LBRDR_SS,N,N,N,2930.7015,2930.7015,3386.8793,2930.7015,2930.7015,
1/18/2025 12:40:00 AM,01LBR_CNPELC,N,N,N,2989.2916,2989.2916,3386.8793,2989.2916,2989.2916,
1/18/2025 12:40:00 AM,01LBR_DECORP,N,N,N,2931.0004,2931.0004,3386.8793,2931.0004,2931.0004,
1/18/2025 12:40:00 AM,01LBR_PNELC1,N,N,N,2931.2993,2931.2993,3386.8793,2931.2993,2931.2993,
1/18/2025 12:40:00 AM,01LIMAY_BAT,N,N,N,2881.6771,2881.6771,3352.4525,2881.6771,2881.6771,
1/18/2025 12:40:00 AM,01LIMAY_SS,N,N,N,2880.7803,2880.7803,3386.8793,2880.7803,2880.7803,
1/18/2025 12:40:00 AM,01LIMAY_U01,N,N,N,2880.7803,2880.7803,3351.2270,2880.7803,2880.7803,
1/18/2025 12:40:00 AM,01LIMAY_U02,N,N,N,2880.7803,2880.7803,3351.2270,2880.7803,2880.7803,
1/18/2025 12:40:00 AM,01LIMAY_U03,N,N,N,2880.7803,2880.7803,3351.2270,2880.7803,2880.7803,
1/18/2025 12:40:00 AM,01LIMAY_U04,N,N,N,2880.7803,2880.7803,3351.2270,2880.7803,2880.7803,
1/18/2025 12:40:00 AM,01LIMAY_U05,N,N,N,2880.7803,2880.7803,3351.2270,2880.7803,2880.7803,
1/18/2025 12:40:00 AM,01LIMAY_U06,N,N,N,2880.7803,2880.7803,3351.2270,2880.7803,2880.7803,
1/18/2025 12:40:00 AM,01LIMAY_U07,N,N,N,2880.7803,2880.7803,3351.2270,2880.7803,2880.7803,
1/18/2025 12:40:00 AM,01LIMAY_U08,N,N,N,2880.7803,2880.7803,3351.2270,2880.7803,2880.7803,
1/18/2025 12:40:00 AM,01MAEC_G01,N,N,N,2864.0403,2864.0403,3421.3444,2864.0403,2864.0403,
1/18/2025 12:40:00 AM,01MAEC_S01,N,N,N,2864.0403,2864.0403,3386.8793,2864.0403,2864.0403,
1/18/2025 12:40:00 AM,01MAGAPIT_BAT,N,N,N,3109.1622,3109.1622,3679.0556,3109.1622,3109.1622,
1/18/2025 12:40:00 AM,01MAGAT_BAT,N,N,N,3029.3481,3029.3481,3589.5951,3029.3481,3029.3481,
1/18/2025 12:40:00 AM,01MAGAT_SS,N,N,N,3029.0492,3029.0492,3386.8793,3029.0492,3029.0492,
1/18/2025 12:40:00 AM,01MAGAT_U01,N,N,N,3029.0492,3029.0492,3743.6446,3029.0492,3029.0492,
1/18/2025 12:40:00 AM,01MAGAT_U02,N,N,N,3029.0492,3029.0492,3331.2094,3029.0492,3029.0492,
1/18/2025 12:40:00 AM,01MAGAT_U03,N,N,N,3029.0492,3029.0492,3589.5951,3029.0492,3029.0492,
1/18/2025 12:40:00 AM,01MAGAT_U04,N,N,N,3029.0492,3029.0492,3677.2773,3029.0492,3029.0492,
1/18/2025 12:40:00 AM,01MALOL_SS,N,N,N,2983.0141,2983.0141,3386.8793,2983.0141,2983.0141,
1/18/2025 12:40:00 AM,01MALOL_T1L1,N,N,N,2988.6937,2988.6937,3386.8793,2988.6937,2988.6937,
1/18/2025 12:40:00 AM,01MANSOK_G01,N,N,N,2983.0141,2983.0141,3530.0243,2983.0141,2983.0141,
1/18/2025 12:40:00 AM,01MAREHV_SS,N,N,N,2935.7833,2935.7833,3386.8793,2935.7833,2935.7833,
1/18/2025 12:40:00 AM,01MARIS_U01,N,N,N,3036.8213,3036.8213,3595.8182,3036.8213,3036.8213,
1/18/2025 12:40:00 AM,01MARIS_U02,N,N,N,3036.8213,3036.8213,3592.3946,3036.8213,3036.8213,
1/18/2025 12:40:00 AM,01MARSOL_G01,N,N,N,2868.5242,2868.5242,3335.2582,2868.5242,2868.5242,
1/18/2025 12:40:00 AM,01MARVEL_AUX,N,N,N,2867.6274,2867.6274,3386.8793,2867.6274,2867.6274,
1/18/2025 12:40:00 AM,01MARVEL_G01,N,N,N,2867.0296,2867.0296,3331.1181,2867.0296,2867.0296,
1/18/2025 12:40:00 AM,01MARVEL_G02,N,N,N,2867.0296,2867.0296,3330.6801,2867.0296,2867.0296,
1/18/2025 12:40:00 AM,01MARVEL_SS,N,N,N,2867.6274,2867.6274,3386.8793,2867.6274,2867.6274,
1/18/2025 12:40:00 AM,01MASIWA_G01,N,N,N,3022.1738,3022.1738,3776.8119,3022.1738,3022.1738,
1/18/2025 12:40:00 AM,01MASIWA_SS,N,N,N,3022.1738,3022.1738,3386.8793,3022.1738,3022.1738,
1/18/2025 12:40:00 AM,01MATUNO_G01,N,N,N,3015.8963,3015.8963,3549.2367,3015.8963,3015.8963,
1/18/2025 12:40:00 AM,01MEGASOL_G01,N,N,N,3074.7853,3074.7853,3639.0550,3074.7853,3074.7853,
1/18/2025 12:40:00 AM,01MEXICO_SS,N,N,N,3000.9498,3000.9498,3386.8793,3000.9498,3000.9498,
1/18/2025 12:40:00 AM,01MEX_AEC,N,N,N,3001.2488,3001.2488,3386.8793,3001.2488,3001.2488,
1/18/2025 12:40:00 AM,01MEX_CISP,N,N,N,3001.2488,3001.2488,3386.8793,3001.2488,3001.2488,
1/18/2025 12:40:00 AM,01MEX_CLARK1,N,N,N,3001.2488,3001.2488,3386.8793,3001.2488,3001.2488,
1/18/2025 12:40:00 AM,01MEX_CLARK2,N,N,N,3001.2488,3001.2488,3386.8793,3001.2488,3001.2488,
1/18/2025 12:40:00 AM,01MEX_CND,N,N,N,3001.2488,3001.2488,3386.8793,3001.2488,3001.2488,
1/18/2025 12:40:00 AM,01MEX_L01,N,N,N,3001.2488,3001.2488,3386.8793,3001.2488,3001.2488,
1/18/2025 12:40:00 AM,01MEX_MIC,N,N,N,3001.2488,3001.2488,3386.8793,3001.2488,3001.2488,
1/18/2025 12:40:00 AM,01MEX_PELCO1,N,N,N,3001.2488,3001.2488,3386.8793,3001.2488,3001.2488,
1/18/2025 12:40:00 AM,01MEX_PIMP,N,N,N,3001.2488,3001.2488,3386.8793,3001.2488,3001.2488,
1/18/2025 12:40:00 AM,01MEX_SFLAPC,N,N,N,3000.9498,3000.9498,3386.8793,3000.9498,3000.9498,
1/18/2025 12:40:00 AM,01MEX_SKK,N,N,N,3001.2488,3001.2488,3386.8793,3001.2488,3001.2488,
1/18/2025 12:40:00 AM,01MPGC_SS,N,N,N,2910.3743,2910.3743,3386.8793,2910.3743,2910.3743,
1/18/2025 12:40:00 AM,01MPGC_U01,N,N,N,2904.3957,2904.3957,3426.3641,2904.3957,2904.3957,
1/18/2025 12:40:00 AM,01MPGC_U02,N,N,N,2904.3957,2904.3957,3427.4011,2904.3957,2904.3957,
1/18/2025 12:40:00 AM,01MPGC_U03,N,N,N,2989.2916,2989.2916,3426.1017,2989.2916,2989.2916,
1/18/2025 12:40:00 AM,01MPGC_U04,N,N,N,2904.3957,2904.3957,3595.8513,2904.3957,2904.3957,
1/18/2025 12:40:00 AM,01MRVEL_T1L1,N,N,N,2868.5242,2868.5242,3386.8793,2868.5242,2868.5242,
1/18/2025 12:40:00 AM,01MSINLO_BAT,N,N,N,2840.4249,2840.4249,3343.5750,2840.4249,2840.4249,
1/18/2025 12:40:00 AM,01MSINLO_G01,N,N,N,2839.8270,2839.8270,3370.4224,2839.8270,2839.8270,
1/18/2025 12:40:00 AM,01MSINLO_G02,N,N,N,2839.8270,2839.8270,3378.5573,2839.8270,2839.8270,
1/18/2025 12:40:00 AM,01MSINLO_G03,N,N,N,2839.5281,2839.5281,3364.5227,2839.5281,2839.5281,
1/18/2025 12:40:00 AM,01MSINLO_SS,N,N,N,2840.4249,2840.4249,3386.8793,2840.4249,2840.4249,
1/18/2025 12:40:00 AM,01NIABAL_G01,N,N,N,3036.8213,3036.8213,3640.4501,3036.8213,3036.8213,
1/18/2025 12:40:00 AM,01NMHC_G01,N,N,N,2983.0141,2983.0141,3524.3412,2983.0141,2983.0141,
1/18/2025 12:40:00 AM,01NMHC_G03,N,N,N,2983.0141,2983.0141,3524.3412,2983.0141,2983.0141,
1/18/2025 12:40:00 AM,01NSNMN_L01,N,N,N,2989.2916,2989.2916,3386.8793,2989.2916,2989.2916,
1/18/2025 12:40:00 AM,01NSNMN_L02,N,N,N,2967.4698,2967.4698,3386.8793,2967.4698,2967.4698,
1/18/2025 12:40:00 AM,01NSNMN_SS,N,N,N,2965.6762,2965.6762,3386.8793,2965.6762,2965.6762,
1/18/2025 12:40:00 AM,01NSNMN_T1L1,N,N,N,2989.2916,2989.2916,3386.8793,2989.2916,2989.2916,
1/18/2025 12:40:00 AM,01NUEVASOL_G01,N,N,N,3022.1738,3022.1738,3562.4317,3022.1738,3022.1738,
1/18/2025 12:40:00 AM,01NWIND_G01,N,N,N,2825.7773,2825.7773,3197.0391,2825.7773,2825.7773,
1/18/2025 12:40:00 AM,01NWIND_G02,N,N,N,2825.7773,2825.7773,3295.7949,2825.7773,2825.7773,
1/18/2025 12:40:00 AM,01NWIND_L01,N,N,N,2825.7773,2825.7773,3386.8793,2825.7773,2825.7773,
1/18/2025 12:40:00 AM,01OLONG_SS,N,N,N,2934.8865,2934.8865,3386.8793,2934.8865,2934.8865,
1/18/2025 12:40:00 AM,01OLONG_T1L1,N,N,N,2936.6801,2936.6801,3386.8793,2936.6801,2936.6801,
1/18/2025 12:40:00 AM,01OLONG_T2L2,N,N,N,2936.6801,2936.6801,3386.8793,2936.6801,2936.6801,
1/18/2025 12:40:00 AM,01OLONG_T3L3,N,N,N,2936.6801,2936.6801,3386.8793,2936.6801,2936.6801,
1/18/2025 12:40:00 AM,01PAGCAP_L01,N,N,N,2645.2241,2645.2241,3386.8793,2645.2241,2645.2241,
1/18/2025 12:40:00 AM,01PAGUD_SS,N,N,N,2645.2241,2645.2241,3386.8793,2645.2241,2645.2241,
1/18/2025 12:40:00 AM,01PASQSOL_G01,N,N,N,2825.7773,2825.7773,3382.0383,2825.7773,2825.7773,
1/18/2025 12:40:00 AM,01PAVGSOL_G01,N,N,N,2881.6771,2881.6771,3352.4525,2881.6771,2881.6771,
1/18/2025 12:40:00 AM,01PETRON_G01,N,N,N,2880.7803,2880.7803,3075.4778,2880.7803,2880.7803,
1/18/2025 12:40:00 AM,01PETSOL_G01,N,N,N,3001.2488,3001.2488,3537.4904,3001.2488,3001.2488,
1/18/2025 12:40:00 AM,01PETSOL_G02,N,N,N,3001.2488,3001.2488,3537.4904,3001.2488,3001.2488,
1/18/2025 12:40:00 AM,01PNTBNG_SS,N,N,N,2976.1387,2976.1387,3386.8793,2976.1387,2976.1387,
1/18/2025 12:40:00 AM,01PNTBNG_U01,N,N,N,2976.1387,2976.1387,3457.0534,2976.1387,2976.1387,
1/18/2025 12:40:00 AM,01PNTBNG_U02,N,N,N,2976.4376,2976.4376,3716.2785,2976.4376,2976.4376,
1/18/2025 12:40:00 AM,01RASLAG_G01,N,N,N,3001.2488,3001.2488,3535.5162,3001.2488,3001.2488,
1/18/2025 12:40:00 AM,01RASLAG_G02,N,N,N,3001.2488,3001.2488,3535.5162,3001.2488,3001.2488,
1/18/2025 12:40:00 AM,01RASLAG_G03,N,N,N,3001.2488,3001.2488,3535.5162,3001.2488,3001.2488,
1/18/2025 12:40:00 AM,01RASLAG_G04,N,N,N,3001.2488,3001.2488,3535.5162,3001.2488,3001.2488,
1/18/2025 12:40:00 AM,01SABANG_G01,N,N,N,2983.0141,2983.0141,3539.0096,2983.0141,2983.0141,
1/18/2025 12:40:00 AM,01SANMIGSOL_G01,N,N,N,3013.2059,3013.2059,3549.8245,3013.2059,3013.2059,
1/18/2025 12:40:00 AM,01SE_ABRECO,N,N,N,2911.8689,2911.8689,3386.8793,2911.8689,2911.8689,
1/18/2025 12:40:00 AM,01SHIZEN_G01,N,N,N,2954.0180,2954.0180,3476.6349,2954.0180,2954.0180,
1/18/2025 12:40:00 AM,01SHIZEN_L01,N,N,N,2954.0180,2954.0180,3386.8793,2954.0180,2954.0180,
1/18/2025 12:40:00 AM,01SJSOL_G01,N,N,N,3022.1738,3022.1738,3562.4317,3022.1738,3022.1738,
1/18/2025 12:40:00 AM,01SLANGN_G01,N,N,N,2983.0141,2983.0141,3524.3412,2983.0141,2983.0141,
1/18/2025 12:40:00 AM,01SMBELL_G01,N,N,N,3017.3909,3017.3909,3569.5191,3017.3909,3017.3909,
1/18/2025 12:40:00 AM,01SMC_G01,N,N,N,2876.2964,2876.2964,3341.3296,2876.2964,2876.2964,
1/18/2025 12:40:00 AM,01SMC_G02,N,N,N,2876.2964,2876.2964,3341.7671,2876.2964,2876.2964,
1/18/2025 12:40:00 AM,01SMC_G03,N,N,N,2876.2964,2876.2964,3453.9004,2876.2964,2876.2964,
1/18/2025 12:40:00 AM,01SMC_G04,N,N,N,2989.2916,2989.2916,3189.4040,2989.2916,2989.2916,
1/18/2025 12:40:00 AM,01SMC_SS,N,N,N,2876.2964,2876.2964,3386.8793,2876.2964,2876.2964,
1/18/2025 12:40:00 AM,01SMC_SS2,N,N,N,2876.2964,2876.2964,3386.8793,2876.2964,2876.2964,
1/18/2025 12:40:00 AM,01SMC_SS3,N,N,N,2876.2964,2876.2964,3386.8793,2876.2964,2876.2964,
1/18/2025 12:40:00 AM,01SMC_SS4,N,N,N,2989.2916,2989.2916,3386.8793,2989.2916,2989.2916,
1/18/2025 12:40:00 AM,01SNEST_SS,N,N,N,2906.4882,2906.4882,3386.8793,2906.4882,2906.4882,
1/18/2025 12:40:00 AM,01SNEST_T3L1,N,N,N,2915.4561,2915.4561,3386.8793,2915.4561,2915.4561,
1/18/2025 12:40:00 AM,01SNEST_T3L2,N,N,N,2915.4561,2915.4561,3386.8793,2915.4561,2915.4561,
1/18/2025 12:40:00 AM,01SNJOSE_L01,N,N,N,2993.7755,2993.7755,3386.8793,2993.7755,2993.7755,
1/18/2025 12:40:00 AM,01SNJOSE_SS,N,N,N,2991.9820,2991.9820,3386.8793,2991.9820,2991.9820,
1/18/2025 12:40:00 AM,01SNJOS_CAM,N,N,N,2993.7755,2993.7755,3386.8793,2993.7755,2993.7755,
1/18/2025 12:40:00 AM,01SNJOS_T1L1,N,N,N,2979.7259,2979.7259,3386.8793,2979.7259,2979.7259,
1/18/2025 12:40:00 AM,01SNJOS_T1L2,N,N,N,3011.4124,3011.4124,3386.8793,3011.4124,3011.4124,
1/18/2025 12:40:00 AM,01SNJOS_T1L3,N,N,N,2993.4766,2993.4766,3386.8793,2993.4766,2993.4766,
1/18/2025 12:40:00 AM,01SNMAN_BAT,N,N,N,2968.6655,2968.6655,3504.9516,2968.6655,2968.6655,
1/18/2025 12:40:00 AM,01SNMAN_LYO,N,N,N,2968.6655,2968.6655,3386.8793,2968.6655,2968.6655,
1/18/2025 12:40:00 AM,01SNMAN_SS,N,N,N,2965.9751,2965.9751,3386.8793,2965.9751,2965.9751,
1/18/2025 12:40:00 AM,01SNMAN_T1L2,N,N,N,2968.6655,2968.6655,3386.8793,2968.6655,2968.6655,
1/18/2025 12:40:00 AM,01SNMARSOL_G01,N,N,N,2926.2175,2926.2175,3428.1724,2926.2175,2926.2175,
1/18/2025 12:40:00 AM,01SNMAR_SS,N,N,N,2926.2175,2926.2175,3386.8793,2926.2175,2926.2175,
1/18/2025 12:40:00 AM,01SNM_PNELC3,N,N,N,2967.4698,2967.4698,3386.8793,2967.4698,2967.4698,
1/18/2025 12:40:00 AM,01SNTGO_SS,N,N,N,3036.8213,3036.8213,3386.8793,3036.8213,3036.8213,
1/18/2025 12:40:00 AM,01SNTGO_T1L1,N,N,N,3036.8213,3036.8213,3386.8793,3036.8213,3036.8213,
1/18/2025 12:40:00 AM,01SNTGO_T1L2,N,N,N,3036.8213,3036.8213,3386.8793,3036.8213,3036.8213,
1/18/2025 12:40:00 AM,01SNTGO_T1L3,N,N,N,3036.8213,3036.8213,3386.8793,3036.8213,3036.8213,
1/18/2025 12:40:00 AM,01SNTGO_T2L1,N,N,N,3036.8213,3036.8213,3386.8793,3036.8213,3036.8213,
1/18/2025 12:40:00 AM,01SNTGO_T2L2,N,N,N,3036.8213,3036.8213,3386.8793,3036.8213,3036.8213,
1/18/2025 12:40:00 AM,01SPABUL_G01,N,N,N,3013.2059,3013.2059,3549.8245,3013.2059,3013.2059,
1/18/2025 12:40:00 AM,01SROQUE_SS,N,N,N,2965.6762,2965.6762,3386.8793,2965.6762,2965.6762,
1/18/2025 12:40:00 AM,01SROQUE_U01,N,N,N,2965.6762,2965.6762,3501.1187,2965.6762,2965.6762,
1/18/2025 12:40:00 AM,01SROQUE_U02,N,N,N,2965.6762,2965.6762,3501.1187,2965.6762,2965.6762,
1/18/2025 12:40:00 AM,01SROQUE_U03,N,N,N,2965.6762,2965.6762,3501.1187,2965.6762,2965.6762,
1/18/2025 12:40:00 AM,01SUAL_G01,N,N,N,2917.2497,2917.2497,3416.0657,2917.2497,2917.2497,
1/18/2025 12:40:00 AM,01SUAL_G02,N,N,N,2922.9293,2922.9293,3328.9335,2922.9293,2922.9293,
1/18/2025 12:40:00 AM,01SUAL_T3L1,N,N,N,2923.5272,2923.5272,3386.8793,2923.5272,2923.5272,
1/18/2025 12:40:00 AM,01SUBIC_T3L1,N,N,N,2932.1961,2932.1961,3386.8793,2932.1961,2932.1961,
1/18/2025 12:40:00 AM,01SUBIC_T3L2,N,N,N,2932.1961,2932.1961,3386.8793,2932.1961,2932.1961,
1/18/2025 12:40:00 AM,01SUBSOL_G01,N,N,N,2932.1961,2932.1961,3436.6487,2932.1961,2932.1961,
1/18/2025 12:40:00 AM,01SUPSOL_G01,N,N,N,2932.1961,2932.1961,3436.6487,2932.1961,2932.1961,
1/18/2025 12:40:00 AM,01S_ENRO_G01,N,N,N,2932.1961,2932.1961,3436.6487,2932.1961,2932.1961,
1/18/2025 12:40:00 AM,01S_ENRO_SS,N,N,N,2932.1961,2932.1961,3386.8793,2932.1961,2932.1961,
1/18/2025 12:40:00 AM,01TERASU_G01,N,N,N,3001.5477,3001.5477,3538.7599,3001.5477,3001.5477,
1/18/2025 12:40:00 AM,01TGEGA_SS,N,N,N,3104.6783,3104.6783,3386.8793,3104.6783,3104.6783,
1/18/2025 12:40:00 AM,01TGEGA_T1L1,N,N,N,3109.1622,3109.1622,3386.8793,3109.1622,3109.1622,
1/18/2025 12:40:00 AM,01TG_CGELCO1,N,N,N,3109.1622,3109.1622,3386.8793,3109.1622,3109.1622,
1/18/2025 12:40:00 AM,01TG_CGELCO2,N,N,N,3109.1622,3109.1622,3386.8793,3109.1622,3109.1622,
1/18/2025 12:40:00 AM,01TG_ISELCO2,N,N,N,3109.1622,3109.1622,3386.8793,3109.1622,3109.1622,
1/18/2025 12:40:00 AM,01TPCBUNK_G01,N,N,N,3001.5477,3001.5477,3538.7599,3001.5477,3001.5477,
1/18/2025 12:40:00 AM,01TRASU_L01,N,N,N,3001.5477,3001.5477,3386.8793,3001.5477,3001.5477,
1/18/2025 12:40:00 AM,01TRUSTBIO_G01,N,N,N,3001.2488,3001.2488,3935.7143,3001.2488,3001.2488,
1/18/2025 12:40:00 AM,01TRUSTSOL_G01,N,N,N,3001.2488,3001.2488,3535.5162,3001.2488,3001.2488,
1/18/2025 12:40:00 AM,01T_ASIA_G01,N,N,N,2993.4766,2993.4766,3530.1351,2993.4766,2993.4766,
1/18/2025 12:40:00 AM,01T_ASI_T3L1,N,N,N,2993.4766,2993.4766,3386.8793,2993.4766,2993.4766,
1/18/2025 12:40:00 AM,01UPPC_G01,N,N,N,3001.2488,3001.2488,3535.5162,3001.2488,3001.2488,
1/18/2025 12:40:00 AM,01VSGRIP_G01,N,N,N,3022.1738,3022.1738,3581.3370,3022.1738,3022.1738,
1/18/2025 12:40:00 AM,01YHGRN_G01,N,N,N,2927.4133,2927.4133,3430.3345,2927.4133,2927.4133,
1/18/2025 12:40:00 AM,01ZAMSOL_G01,N,N,N,2954.0180,2954.0180,3476.6349,2954.0180,2954.0180,
1/18/2025 12:40:00 AM,02ARANE_T1L1,N,N,N,3030.5438,3030.5438,3386.8793,3030.5438,3030.5438,
1/18/2025 12:40:00 AM,02BALNT_T1L1,N,N,N,3016.1952,3016.1952,3386.8793,3016.1952,3016.1952,
1/18/2025 12:40:00 AM,02DOLOR_T1L1,N,N,N,3028.4513,3028.4513,3386.8793,3028.4513,3028.4513,
1/18/2025 12:40:00 AM,02ECOPRK_G01,N,N,N,3016.1952,3016.1952,3556.2243,3016.1952,3016.1952,
1/18/2025 12:40:00 AM,02ECOTAGA_G01,N,N,N,3016.1952,3016.1952,3556.2243,3016.1952,3016.1952,
1/18/2025 12:40:00 AM,02MMPP_G01,N,N,N,3016.1952,3016.1952,3556.2243,3016.1952,3016.1952,
1/18/2025 12:40:00 AM,02PACO_T1L1,N,N,N,3035.0278,3035.0278,3386.8793,3035.0278,3035.0278,
1/18/2025 12:40:00 AM,02PNGEA_G01,N,N,N,3016.1952,3016.1952,3556.2243,3016.1952,3016.1952,
1/18/2025 12:40:00 AM,02PNGYSOL_G01,N,N,N,3028.4513,3028.4513,3575.3559,3028.4513,3028.4513,
1/18/2025 12:40:00 AM,02SMNRTH_G01,N,N,N,3016.1952,3016.1952,3556.2243,3016.1952,3016.1952,
1/18/2025 12:40:00 AM,02SUCAT_T1L1,N,N,N,3015.5974,3015.5974,3386.8793,3015.5974,3015.5974,
1/18/2025 12:40:00 AM,02TMOBIL_G01,N,N,N,3016.1952,3016.1952,3556.2243,3016.1952,3016.1952,
1/18/2025 12:40:00 AM,02TMOBIL_G02,N,N,N,3016.1952,3016.1952,3556.2243,3016.1952,3016.1952,
1/18/2025 12:40:00 AM,02TMOBIL_G03,N,N,N,3016.1952,3016.1952,3556.2243,3016.1952,3016.1952,
1/18/2025 12:40:00 AM,02TMOBIL_G04,N,N,N,3016.1952,3016.1952,3556.2243,3016.1952,3016.1952,
1/18/2025 12:40:00 AM,02VALSOL_G01,N,N,N,3016.1952,3016.1952,3556.2243,3016.1952,3016.1952,
1/18/2025 12:40:00 AM,02ZAPOT_SS,N,N,N,3008.1241,3008.1241,3386.8793,3008.1241,3008.1241,
1/18/2025 12:40:00 AM,02ZAPOT_T1L1,N,N,N,3010.8145,3010.8145,3386.8793,3010.8145,3010.8145,
1/18/2025 12:40:00 AM,03ADISOL_G01,N,N,N,2943.8544,2943.8544,3471.5302,2943.8544,2943.8544,
1/18/2025 12:40:00 AM,03ALMNOS_BAT1,N,N,N,2989.5905,2989.5905,3551.2189,2989.5905,2989.5905,
1/18/2025 12:40:00 AM,03ALMNOS_BAT2,N,N,N,2989.5905,2989.5905,3332.4746,2989.5905,2989.5905,
1/18/2025 12:40:00 AM,03AMADEO_T1L1,N,N,N,2985.7044,2985.7044,3386.8793,2985.7044,2985.7044,
1/18/2025 12:40:00 AM,03AVION_SS,N,N,N,2935.4843,2935.4843,3386.8793,2935.4843,2935.4843,
1/18/2025 12:40:00 AM,03AVION_U01,N,N,N,2935.4843,2935.4843,3532.8625,2935.4843,2935.4843,
1/18/2025 12:40:00 AM,03AVION_U02,N,N,N,2935.4843,2935.4843,3755.64,2935.4843,2935.4843,
1/18/2025 12:40:00 AM,03AWOC_G01,N,N,N,3028.4513,3028.4513,3653.4780,3028.4513,3028.4513,
1/18/2025 12:40:00 AM,03BACMAN_BATL,N,N,N,2826.3752,2826.3752,3386.8793,2826.3752,2826.3752,
1/18/2025 12:40:00 AM,03BACMAN_SS,N,N,N,2826.6741,2826.6741,3386.8793,2826.6741,2826.6741,
1/18/2025 12:40:00 AM,03BACMAN_U01,N,N,N,2814.4180,2814.4180,3205.5234,2814.4180,2814.4180,
1/18/2025 12:40:00 AM,03BACMAN_U02,N,N,N,2814.1191,2814.1191,3203.4397,2814.1191,2814.1191,
1/18/2025 12:40:00 AM,03BACMAN_U03,N,N,N,2825.7773,2825.7773,3219.8514,2825.7773,2825.7773,
1/18/2025 12:40:00 AM,03BALUG_G01,N,N,N,3023.3695,3023.3695,3674.0459,3023.3695,3023.3695,
1/18/2025 12:40:00 AM,03BART_G01,N,N,N,2907.6839,2907.6839,3319.9944,2907.6839,2907.6839,
1/18/2025 12:40:00 AM,03BATAN_SS,N,N,N,2948.9362,2948.9362,3386.8793,2948.9362,2948.9362,
1/18/2025 12:40:00 AM,03BATAN_T1L2,N,N,N,2950.7297,2950.7297,3386.8793,2950.7297,2950.7297,
1/18/2025 12:40:00 AM,03BATAN_T2L2,N,N,N,2949.5340,2949.5340,3386.8793,2949.5340,2949.5340,
1/18/2025 12:40:00 AM,03BAT_BTLEC2,N,N,N,2953.4201,2953.4201,3386.8793,2953.4201,2953.4201,
1/18/2025 12:40:00 AM,03BAT_LIP01,N,N,N,2949.2351,2949.2351,3386.8793,2949.2351,2949.2351,
1/18/2025 12:40:00 AM,03BAT_LIP02,N,N,N,2949.2351,2949.2351,3386.8793,2949.2351,2949.2351,
1/18/2025 12:40:00 AM,03BAT_MECO,N,N,N,2949.2351,2949.2351,3386.8793,2949.2351,2949.2351,
1/18/2025 12:40:00 AM,03BAT_MECO1,N,N,N,2953.4201,2953.4201,3386.8793,2953.4201,2953.4201,
1/18/2025 12:40:00 AM,03BAT_MECO2,N,N,N,2953.4201,2953.4201,3386.8793,2953.4201,2953.4201,
1/18/2025 12:40:00 AM,03BAT_ROS01,N,N,N,2953.4201,2953.4201,3386.8793,2953.4201,2953.4201,
1/18/2025 12:40:00 AM,03BAT_T1L1,N,N,N,2950.7297,2950.7297,3386.8793,2950.7297,2950.7297,
1/18/2025 12:40:00 AM,03BAT_T2L1,N,N,N,2949.5340,2949.5340,3386.8793,2949.5340,2949.5340,
1/18/2025 12:40:00 AM,03BBEC_G01,N,N,N,2907.6839,2907.6839,3320.1477,2907.6839,2907.6839,
1/18/2025 12:40:00 AM,03BINAN_SS,N,N,N,3001.5477,3001.5477,3386.8793,3001.5477,3001.5477,
1/18/2025 12:40:00 AM,03BINAN_T1L1,N,N,N,3003.9391,3003.9391,3386.8793,3003.9391,3003.9391,
1/18/2025 12:40:00 AM,03BOTOCA_G01,N,N,N,3023.3695,3023.3695,3571.2749,3023.3695,3023.3695,
1/18/2025 12:40:00 AM,03BOTOCA_L01,N,N,N,3023.3695,3023.3695,3386.8793,3023.3695,3023.3695,
1/18/2025 12:40:00 AM,03BOTOCA_SS,N,N,N,3023.3695,3023.3695,3386.8793,3023.3695,3023.3695,
1/18/2025 12:40:00 AM,03CADPI_G01,N,N,N,2943.8544,2943.8544,3471.5302,2943.8544,2943.8544,
1/18/2025 12:40:00 AM,03CALACA_G01,N,N,N,2935.1854,2935.1854,3530.1066,2935.1854,2935.1854,
1/18/2025 12:40:00 AM,03CALACA_G02,N,N,N,2942.3597,2942.3597,3352.8005,2942.3597,2942.3597,
1/18/2025 12:40:00 AM,03CALAMBA_L01,N,N,N,3001.2488,3001.2488,3386.8793,3001.2488,3001.2488,
1/18/2025 12:40:00 AM,03CALAMBA_SS,N,N,N,2998.5584,2998.5584,3386.8793,2998.5584,2998.5584,
1/18/2025 12:40:00 AM,03CALAU_SS,N,N,N,3034.4299,3034.4299,3386.8793,3034.4299,3034.4299,
1/18/2025 12:40:00 AM,03CALAU_T1L1,N,N,N,3035.0278,3035.0278,3386.8793,3035.0278,3035.0278,
1/18/2025 12:40:00 AM,03CALIRY_G01,N,N,N,3023.3695,3023.3695,3571.4679,3023.3695,3023.3695,
1/18/2025 12:40:00 AM,03CALIRY_SS,N,N,N,3023.3695,3023.3695,3386.8793,3023.3695,3023.3695,
1/18/2025 12:40:00 AM,03CALIRY_SS1,N,N,N,3023.3695,3023.3695,3386.8793,3023.3695,3023.3695,
1/18/2025 12:40:00 AM,03CALIR_TAL1,N,N,N,3023.6685,3023.6685,3386.8793,3023.6685,3023.6685,
1/18/2025 12:40:00 AM,03CALI_FLECO,N,N,N,3023.6685,3023.6685,3386.8793,3023.6685,3023.6685,
1/18/2025 12:40:00 AM,03CALSOL_G01,N,N,N,2943.8544,2943.8544,3471.5302,2943.8544,2943.8544,
1/18/2025 12:40:00 AM,03CLABSOL_G01,N,N,N,2907.6839,2907.6839,3320.4461,2907.6839,2907.6839,
1/18/2025 12:40:00 AM,03CLACA_SS,N,N,N,2980.9216,2980.9216,3386.8793,2980.9216,2980.9216,
1/18/2025 12:40:00 AM,03CLA_BCNOT,N,N,N,2943.2565,2943.2565,3386.8793,2943.2565,2943.2565,
1/18/2025 12:40:00 AM,03CLA_BTLEC1,N,N,N,2943.8544,2943.8544,3386.8793,2943.8544,2943.8544,
1/18/2025 12:40:00 AM,03CLA_STLCOR,N,N,N,2943.8544,2943.8544,3386.8793,2943.8544,2943.8544,
1/18/2025 12:40:00 AM,03CLA_T1L1,N,N,N,2943.8544,2943.8544,3386.8793,2943.8544,2943.8544,
1/18/2025 12:40:00 AM,03CLBATO_G01,N,N,N,3035.0278,3035.0278,3760.5097,3035.0278,3035.0278,
1/18/2025 12:40:00 AM,03COLASI_G01,N,N,N,2965.9751,2965.9751,3430.4220,2965.9751,2965.9751,
1/18/2025 12:40:00 AM,03DARAG_SS,N,N,N,2857.7628,2857.7628,3386.8793,2857.7628,2857.7628,
1/18/2025 12:40:00 AM,03DARAG_T1L1,N,N,N,2989.2916,2989.2916,3386.8793,2989.2916,2989.2916,
1/18/2025 12:40:00 AM,03DAR_ALECO,N,N,N,2860.4531,2860.4531,3386.8793,2860.4531,2860.4531,
1/18/2025 12:40:00 AM,03DAR_SRECO2,N,N,N,2989.2916,2989.2916,3386.8793,2989.2916,2989.2916,
1/18/2025 12:40:00 AM,03DAR_STDOM,N,N,N,2860.4531,2860.4531,3386.8793,2860.4531,2860.4531,
1/18/2025 12:40:00 AM,03DASMA_L01,N,N,N,2991.9820,2991.9820,3386.8793,2991.9820,2991.9820,
1/18/2025 12:40:00 AM,03DASMA_SS,N,N,N,2985.7044,2985.7044,3386.8793,2985.7044,2985.7044,
1/18/2025 12:40:00 AM,03EERI_G01,N,N,N,2930.1036,2930.1036,3640.7621,2930.1036,2930.1036,
1/18/2025 12:40:00 AM,03EERI_G02,N,N,N,2929.8047,2929.8047,3479.6790,2929.8047,2929.8047,
1/18/2025 12:40:00 AM,03EERI_G03,N,N,N,2933.3918,2933.3918,3452.5633,2933.3918,2933.3918,
1/18/2025 12:40:00 AM,03EERI_L01,N,N,N,2930.1036,2930.1036,3386.8793,2930.1036,2930.1036,
1/18/2025 12:40:00 AM,03EERI_SS,N,N,N,2933.6908,2933.6908,3386.8793,2933.6908,2933.6908,
1/18/2025 12:40:00 AM,03GUMAC_SS,N,N,N,2997.6616,2997.6616,3386.8793,2997.6616,2997.6616,
1/18/2025 12:40:00 AM,03GUMAC_T1L1,N,N,N,2998.8573,2998.8573,3386.8793,2998.8573,2998.8573,
1/18/2025 12:40:00 AM,03GUMAC_T1L2,N,N,N,2998.8573,2998.8573,3386.8793,2998.8573,2998.8573,
1/18/2025 12:40:00 AM,03GUMAC_T1L3,N,N,N,2998.8573,2998.8573,3386.8793,2998.8573,2998.8573,
1/18/2025 12:40:00 AM,03GUMAC_T1L4,N,N,N,2998.8573,2998.8573,3386.8793,2998.8573,2998.8573,
1/18/2025 12:40:00 AM,03ILI500_SS,N,N,N,2933.6908,2933.6908,3386.8793,2933.6908,2933.6908,
1/18/2025 12:40:00 AM,03ILIJAN_G01,N,N,N,2933.6908,2933.6908,3449.5779,2933.6908,2933.6908,
1/18/2025 12:40:00 AM,03ILIJAN_G02,N,N,N,2933.6908,2933.6908,3479.3873,2933.6908,2933.6908,
1/18/2025 12:40:00 AM,03ILIJAN_SS,N,N,N,2933.6908,2933.6908,3386.8793,2933.6908,2933.6908,
1/18/2025 12:40:00 AM,03ILIJAN_SS2,N,N,N,2933.6908,2933.6908,3386.8793,2933.6908,2933.6908,
1/18/2025 12:40:00 AM,03INARI_G01,N,N,N,2907.6839,2907.6839,3434.0598,2907.6839,2907.6839,
1/18/2025 12:40:00 AM,03INGRID_GS1,N,N,N,3023.9674,3023.9674,3464.3727,3023.9674,3023.9674,
1/18/2025 12:40:00 AM,03INGRID_GS2,N,N,N,3023.9674,3023.9674,3778.1618,3023.9674,3023.9674,
1/18/2025 12:40:00 AM,03INGRID_GS3,N,N,N,3023.9674,3023.9674,3878.9350,3023.9674,3023.9674,
1/18/2025 12:40:00 AM,03INGRID_GS4,N,N,N,3023.9674,3023.9674,3794.0550,3023.9674,3023.9674,
1/18/2025 12:40:00 AM,03INGRID_GS5,N,N,N,3023.9674,3023.9674,3571.0229,3023.9674,3023.9674,
1/18/2025 12:40:00 AM,03INGRID_GS6,N,N,N,3023.9674,3023.9674,3571.0229,3023.9674,3023.9674,
1/18/2025 12:40:00 AM,03KAL_E_T1L1,N,N,N,3022.4727,3022.4727,3386.8793,3022.4727,3022.4727,
1/18/2025 12:40:00 AM,03KAL_G01,N,N,N,3023.6685,3023.6685,3574.7804,3023.6685,3023.6685,
1/18/2025 12:40:00 AM,03KAL_G02,N,N,N,3024.8642,3024.8642,3386.8793,3024.8642,3024.8642,
1/18/2025 12:40:00 AM,03KAL_G03,N,N,N,3024.8642,3024.8642,3386.8793,3024.8642,3024.8642,
1/18/2025 12:40:00 AM,03KAL_G04,N,N,N,3024.8642,3024.8642,3386.8793,3024.8642,3024.8642,
1/18/2025 12:40:00 AM,03KAL_SS,N,N,N,3023.6685,3023.6685,3386.8793,3023.6685,3023.6685,
1/18/2025 12:40:00 AM,03LABO_SS,N,N,N,2960.5944,2960.5944,3386.8793,2960.5944,2960.5944,
1/18/2025 12:40:00 AM,03LABO_T1L1,N,N,N,2965.9751,2965.9751,3386.8793,2965.9751,2965.9751,
1/18/2025 12:40:00 AM,03LABO_T1L2,N,N,N,2965.9751,2965.9751,3386.8793,2965.9751,2965.9751,
1/18/2025 12:40:00 AM,03LMHP_G01,N,N,N,2903.20,2903.20,3399.7139,2903.20,2903.20,
1/18/2025 12:40:00 AM,03LUMBAN_BAT,N,N,N,3022.4727,3022.4727,3571.2732,3022.4727,3022.4727,
1/18/2025 12:40:00 AM,03LUMBAN_BATL,N,N,N,3022.4727,3022.4727,3386.8793,3022.4727,3022.4727,
1/18/2025 12:40:00 AM,03LUMBAN_SS,N,N,N,3022.4727,3022.4727,3386.8793,3022.4727,3022.4727,
1/18/2025 12:40:00 AM,03LWERLAB_G01,N,N,N,3015.2984,3015.2984,3575.1105,3015.2984,3015.2984,
1/18/2025 12:40:00 AM,03MAJAY_G01,N,N,N,3023.3695,3023.3695,3640.3562,3023.3695,3023.3695,
1/18/2025 12:40:00 AM,03MAKBA_T3L1,N,N,N,2989.2916,2989.2916,3386.8793,2989.2916,2989.2916,
1/18/2025 12:40:00 AM,03MAKBA_T3L2,N,N,N,2989.2916,2989.2916,3386.8793,2989.2916,2989.2916,
1/18/2025 12:40:00 AM,03MALAYA_G01,N,N,N,3023.9674,3023.9674,3571.0229,3023.9674,3023.9674,
1/18/2025 12:40:00 AM,03MALAYA_G02,N,N,N,2989.2916,2989.2916,3530.1066,2989.2916,2989.2916,
1/18/2025 12:40:00 AM,03MARAGSOL_G01,N,N,N,2991.9820,2991.9820,3529.3583,2991.9820,2991.9820,
1/18/2025 12:40:00 AM,03MEC_G01,N,N,N,2991.9820,2991.9820,3529.3583,2991.9820,2991.9820,
1/18/2025 12:40:00 AM,03MGI_G02,N,N,N,3035.0278,3035.0278,3586.7430,3035.0278,3035.0278,
1/18/2025 12:40:00 AM,03MGPP_G01,N,N,N,3035.0278,3035.0278,3586.7229,3035.0278,3035.0278,
1/18/2025 12:40:00 AM,03MKBNA_SS,N,N,N,2989.2916,2989.2916,3386.8793,2989.2916,2989.2916,
1/18/2025 12:40:00 AM,03MKBNB_SS,N,N,N,2988.3948,2988.3948,3386.8793,2988.3948,2988.3948,
1/18/2025 12:40:00 AM,03MKBNC_SS,N,N,N,2989.2916,2989.2916,3386.8793,2989.2916,2989.2916,
1/18/2025 12:40:00 AM,03MKBND_SS,N,N,N,2988.0959,2988.0959,3386.8793,2988.0959,2988.0959,
1/18/2025 12:40:00 AM,03MKBNE_SS,N,N,N,2989.5905,2989.5905,3386.8793,2989.5905,2989.5905,
1/18/2025 12:40:00 AM,03MKBN_A,N,N,N,2975.2419,2975.2419,3530.4059,2975.2419,2975.2419,
1/18/2025 12:40:00 AM,03MKBN_B,N,N,N,2987.1991,2987.1991,3544.3298,2987.1991,2987.1991,
1/18/2025 12:40:00 AM,03MKBN_C,N,N,N,2989.2916,2989.2916,3530.1066,2989.2916,2989.2916,
1/18/2025 12:40:00 AM,03MKBN_D,N,N,N,2987.1991,2987.1991,3592.8680,2987.1991,2987.1991,
1/18/2025 12:40:00 AM,03MKBN_E,N,N,N,2989.5905,2989.5905,3550.9367,2989.5905,2989.5905,
1/18/2025 12:40:00 AM,03MKBN_SLACE,N,N,N,2989.5905,2989.5905,3386.8793,2989.5905,2989.5905,
1/18/2025 12:40:00 AM,03MLAYA_L01,N,N,N,3023.9674,3023.9674,3386.8793,3023.9674,3023.9674,
1/18/2025 12:40:00 AM,03MLAYA_SS,N,N,N,3023.9674,3023.9674,3386.8793,3023.9674,3023.9674,
1/18/2025 12:40:00 AM,03MLAYA_SS1,N,N,N,3023.9674,3023.9674,3386.8793,3023.9674,3023.9674,
1/18/2025 12:40:00 AM,03MLAYA_T2L1,N,N,N,3023.9674,3023.9674,3386.8793,3023.9674,3023.9674,
1/18/2025 12:40:00 AM,03MLAYA_T2L2,N,N,N,2989.2916,2989.2916,3386.8793,2989.2916,2989.2916,
1/18/2025 12:40:00 AM,03NAG_CSRC2B,N,N,N,2907.6839,2907.6839,3386.8793,2907.6839,2907.6839,
1/18/2025 12:40:00 AM,03NAG_CSRCO1,N,N,N,2907.6839,2907.6839,3386.8793,2907.6839,2907.6839,
1/18/2025 12:40:00 AM,03NAG_CSRCO2,N,N,N,2907.6839,2907.6839,3386.8793,2907.6839,2907.6839,
1/18/2025 12:40:00 AM,03NAG_CSRCO3,N,N,N,2907.6839,2907.6839,3386.8793,2907.6839,2907.6839,
1/18/2025 12:40:00 AM,03NAG_CSRCO4,N,N,N,2907.6839,2907.6839,3386.8793,2907.6839,2907.6839,
1/18/2025 12:40:00 AM,03NAG_SS,N,N,N,2907.6839,2907.6839,3386.8793,2907.6839,2907.6839,
1/18/2025 12:40:00 AM,03NAICSOL_G01,N,N,N,2989.2916,2989.2916,3530.1066,2989.2916,2989.2916,
1/18/2025 12:40:00 AM,03ORMAT_G01,N,N,N,2989.5905,2989.5905,3539.4510,2989.5905,2989.5905,
1/18/2025 12:40:00 AM,03ORMAT_SS,N,N,N,2989.5905,2989.5905,3386.8793,2989.5905,2989.5905,
1/18/2025 12:40:00 AM,03PAGBIL_G01,N,N,N,2935.1854,2935.1854,3558.8399,2935.1854,2935.1854,
1/18/2025 12:40:00 AM,03PAGBIL_G02,N,N,N,2934.8865,2934.8865,3560.1328,2934.8865,2934.8865,
1/18/2025 12:40:00 AM,03PAGBIL_G03,N,N,N,2989.2916,2989.2916,3315.5204,2989.2916,2989.2916,
1/18/2025 12:40:00 AM,03PAGEHV_SS,N,N,N,2942.0608,2942.0608,3386.8793,2942.0608,2942.0608,
1/18/2025 12:40:00 AM,03PALAK_G01,N,N,N,3035.0278,3035.0278,3677.0137,3035.0278,3035.0278,
1/18/2025 12:40:00 AM,03PALAYAN_G01,N,N,N,2822.4891,2822.4891,3214.3230,2822.4891,2822.4891,
1/18/2025 12:40:00 AM,03PGBIL_SS,N,N,N,2935.1854,2935.1854,3386.8793,2935.1854,2935.1854,
1/18/2025 12:40:00 AM,03PGBIL_SS1,N,N,N,2935.1854,2935.1854,3386.8793,2935.1854,2935.1854,
1/18/2025 12:40:00 AM,03PGBIL_SS2,N,N,N,2935.1854,2935.1854,3386.8793,2935.1854,2935.1854,
1/18/2025 12:40:00 AM,03QPPL_G01,N,N,N,2903.20,2903.20,3328.6829,2903.20,2903.20,
1/18/2025 12:40:00 AM,03QPPL_SU1,N,N,N,2903.20,2903.20,3386.8793,2903.20,2903.20,
1/18/2025 12:40:00 AM,03QPPL_T5L1,N,N,N,2903.20,2903.20,3386.8793,2903.20,2903.20,
1/18/2025 12:40:00 AM,03RCBMI_G01,N,N,N,2949.5340,2949.5340,3541.3304,2949.5340,2949.5340,
1/18/2025 12:40:00 AM,03RCBMI_G02,N,N,N,2949.5340,2949.5340,3541.3304,2949.5340,2949.5340,
1/18/2025 12:40:00 AM,03SBPL_G01,N,N,N,2903.20,2903.20,3364.5448,2903.20,2903.20,
1/18/2025 12:40:00 AM,03SBPL_L01,N,N,N,2903.20,2903.20,3386.8793,2903.20,2903.20,
1/18/2025 12:40:00 AM,03SLPGC_G01,N,N,N,2928.6090,2928.6090,3453.7984,2928.6090,2928.6090,
1/18/2025 12:40:00 AM,03SLPGC_G02,N,N,N,2989.2916,2989.2916,3530.1066,2989.2916,2989.2916,
1/18/2025 12:40:00 AM,03SLPGC_SS,N,N,N,2942.3597,2942.3597,3386.8793,2942.3597,2942.3597,
1/18/2025 12:40:00 AM,03SLTEC_G01,N,N,N,2989.2916,2989.2916,3456.9951,2989.2916,2989.2916,
1/18/2025 12:40:00 AM,03SLTEC_G02,N,N,N,2989.2916,2989.2916,3600.1777,2989.2916,2989.2916,
1/18/2025 12:40:00 AM,03SLTEC_SS,N,N,N,2943.2565,2943.2565,3386.8793,2943.2565,2943.2565,
1/18/2025 12:40:00 AM,03SNGAB_G01,N,N,N,2989.2916,2989.2916,3530.1066,2989.2916,2989.2916,
1/18/2025 12:40:00 AM,03SNGAB_S01,N,N,N,2936.0822,2936.0822,3386.8793,2936.0822,2936.0822,
1/18/2025 12:40:00 AM,03SOLACE_G01,N,N,N,2989.5905,2989.5905,3551.2189,2989.5905,2989.5905,
1/18/2025 12:40:00 AM,03STA-RI_G01,N,N,N,2927.7122,2927.7122,3651.8716,2927.7122,2927.7122,
1/18/2025 12:40:00 AM,03STA-RI_G02,N,N,N,2935.4843,2935.4843,3432.7983,2935.4843,2935.4843,
1/18/2025 12:40:00 AM,03STA-RI_G03,N,N,N,2935.1854,2935.1854,3296.3444,2935.1854,2935.1854,
1/18/2025 12:40:00 AM,03STA-RI_G04,N,N,N,2935.1854,2935.1854,3431.7450,2935.1854,2935.1854,
1/18/2025 12:40:00 AM,03STA-RI_G05,N,N,N,2935.4843,2935.4843,3455.2195,2935.4843,2935.4843,
1/18/2025 12:40:00 AM,03STA-RI_G06,N,N,N,2935.4843,2935.4843,3531.9640,2935.4843,2935.4843,
1/18/2025 12:40:00 AM,03STAR_SS1,N,N,N,2927.7122,2927.7122,3386.8793,2927.7122,2927.7122,
1/18/2025 12:40:00 AM,03STAR_SS2,N,N,N,2935.4843,2935.4843,3386.8793,2935.4843,2935.4843,
1/18/2025 12:40:00 AM,03STAR_SS3,N,N,N,2935.1854,2935.1854,3386.8793,2935.1854,2935.1854,
1/18/2025 12:40:00 AM,03STAR_SS4,N,N,N,2935.1854,2935.1854,3386.8793,2935.1854,2935.1854,
1/18/2025 12:40:00 AM,03STAR_SS5,N,N,N,2935.4843,2935.4843,3386.8793,2935.4843,2935.4843,
1/18/2025 12:40:00 AM,03STAR_SS6,N,N,N,2935.4843,2935.4843,3386.8793,2935.4843,2935.4843,
1/18/2025 12:40:00 AM,03STROS_T1L1,N,N,N,3006.0316,3006.0316,3386.8793,3006.0316,3006.0316,
1/18/2025 12:40:00 AM,03TANAWON_G01,N,N,N,2826.3752,2826.3752,3423.8195,2826.3752,2826.3752,
1/18/2025 12:40:00 AM,03TANSOL_G01,N,N,N,3001.2488,3001.2488,3556.2387,3001.2488,3001.2488,
1/18/2025 12:40:00 AM,03TAYAB_SS,N,N,N,2943.5554,2943.5554,3386.8793,2943.5554,2943.5554,
1/18/2025 12:40:00 AM,03TAYAB_T1L1,N,N,N,2942.9576,2942.9576,3386.8793,2942.9576,2942.9576,
1/18/2025 12:40:00 AM,03TAYAB_T1L2,N,N,N,2942.9576,2942.9576,3386.8793,2942.9576,2942.9576,
1/18/2025 12:40:00 AM,03TGPP_G01,N,N,N,2891.5418,2891.5418,2766.0612,2891.5418,2891.5418,
1/18/2025 12:40:00 AM,03TGPP_L01,N,N,N,2891.5418,2891.5418,3386.8793,2891.5418,2891.5418,
1/18/2025 12:40:00 AM,03TIBAG_G01,N,N,N,2949.8329,2949.8329,3510.6049,2949.8329,2949.8329,
1/18/2025 12:40:00 AM,03TIWIA_SS,N,N,N,2891.2428,2891.2428,3386.8793,2891.2428,2891.2428,
1/18/2025 12:40:00 AM,03TIWIC_L01,N,N,N,2989.2916,2989.2916,3386.8793,2989.2916,2989.2916,
1/18/2025 12:40:00 AM,03TIWIC_SS,N,N,N,2891.5418,2891.5418,3386.8793,2891.5418,2891.5418,
1/18/2025 12:40:00 AM,03TIWI_A,N,N,N,2891.2428,2891.2428,3293.2893,2891.2428,2891.2428,
1/18/2025 12:40:00 AM,03TIWI_C,N,N,N,2891.2428,2891.2428,3272.7310,2891.2428,2891.2428,
1/18/2025 12:40:00 AM,03UPLAB_G01,N,N,N,3022.4727,3022.4727,3571.2398,3022.4727,3022.4727,
1/18/2025 12:40:00 AM,04BABAT_SS,N,N,N,2994.3734,2994.3734,3386.8793,2994.3734,2994.3734,
1/18/2025 12:40:00 AM,04BABAT_T1L1,N,N,N,2993.7755,2993.7755,3386.8793,2993.7755,2993.7755,
1/18/2025 12:40:00 AM,04BAGLI_T1L1,N,N,N,2995.8680,2995.8680,3386.8793,2995.8680,2995.8680,
1/18/2025 12:40:00 AM,04BAGLI_T1L2,N,N,N,2995.8680,2995.8680,3386.8793,2995.8680,2995.8680,
1/18/2025 12:40:00 AM,04BILGPP_G01,N,N,N,2928.9079,2928.9079,3523.3337,2928.9079,2928.9079,
1/18/2025 12:40:00 AM,04CLBYBNK_G01,N,N,N,3035.9245,3035.9245,3633.2442,3035.9245,3035.9245,
1/18/2025 12:40:00 AM,04CLBYOG_L02,N,N,N,3035.9245,3035.9245,3386.8793,3035.9245,3035.9245,
1/18/2025 12:40:00 AM,04CLBYOG_SS,N,N,N,3036.8213,3036.8213,3386.8793,3036.8213,3036.8213,
1/18/2025 12:40:00 AM,04IASMOD_G01,N,N,N,2943.5554,2943.5554,2863.9928,2943.5554,2943.5554,
1/18/2025 12:40:00 AM,04IASMOD_G02,N,N,N,2943.5554,2943.5554,4105.3799,2943.5554,2943.5554,
1/18/2025 12:40:00 AM,04IASMOD_G03,N,N,N,2943.5554,2943.5554,3543.6546,2943.5554,2943.5554,
1/18/2025 12:40:00 AM,04IASMOD_G04,N,N,N,2943.5554,2943.5554,3543.6546,2943.5554,2943.5554,
1/18/2025 12:40:00 AM,04IASMOD_G05,N,N,N,2943.5554,2943.5554,3714.8717,2943.5554,2943.5554,
1/18/2025 12:40:00 AM,04IASMOD_G06,N,N,N,2943.5554,2943.5554,3543.6546,2943.5554,2943.5554,
1/18/2025 12:40:00 AM,04ISABE_SS,N,N,N,2943.5554,2943.5554,3386.8793,2943.5554,2943.5554,
1/18/2025 12:40:00 AM,04ISABE_T1L1,N,N,N,2943.5554,2943.5554,3386.8793,2943.5554,2943.5554,
1/18/2025 12:40:00 AM,04ISABE_T2L1,N,N,N,2943.5554,2943.5554,3386.8793,2943.5554,2943.5554,
1/18/2025 12:40:00 AM,04ISABE_T3L1,N,N,N,2943.5554,2943.5554,3386.8793,2943.5554,2943.5554,
1/18/2025 12:40:00 AM,04ISABE_T4L2,N,N,N,2943.5554,2943.5554,3386.8793,2943.5554,2943.5554,
1/18/2025 12:40:00 AM,04ISABE_T5L2,N,N,N,2943.5554,2943.5554,3386.8793,2943.5554,2943.5554,
1/18/2025 12:40:00 AM,04LEYTE_A,N,N,N,2928.0111,2928.0111,3510.5852,2928.0111,2928.0111,
1/18/2025 12:40:00 AM,04LEYTE_S01,N,N,N,2928.0111,2928.0111,3386.8793,2928.0111,2928.0111,
1/18/2025 12:40:00 AM,04LGPP_G01,N,N,N,2910.3743,2910.3743,3508.3194,2910.3743,2910.3743,
1/18/2025 12:40:00 AM,04MAASI_SS,N,N,N,2974.9430,2974.9430,3386.8793,2974.9430,2974.9430,
1/18/2025 12:40:00 AM,04MAASI_T1L1,N,N,N,2975.8398,2975.8398,3386.8793,2975.8398,2975.8398,
1/18/2025 12:40:00 AM,04MAASI_T2L2,N,N,N,2975.8398,2975.8398,3386.8793,2975.8398,2975.8398,
1/18/2025 12:40:00 AM,04ORMOC_BAT,N,N,N,2928.9079,2928.9079,3523.3337,2928.9079,2928.9079,
1/18/2025 12:40:00 AM,04ORMOC_SS,N,N,N,2928.9079,2928.9079,3386.8793,2928.9079,2928.9079,
1/18/2025 12:40:00 AM,04ORMOC_T2L1,N,N,N,2928.9079,2928.9079,3386.8793,2928.9079,2928.9079,
1/18/2025 12:40:00 AM,04ORMOC_T2L2,N,N,N,2928.9079,2928.9079,3386.8793,2928.9079,2928.9079,
1/18/2025 12:40:00 AM,04PARA_SS,N,N,N,3017.6899,3017.6899,3386.8793,3017.6899,3017.6899,
1/18/2025 12:40:00 AM,04PHSOL_G01,N,N,N,2928.9079,2928.9079,3523.3337,2928.9079,2928.9079,
1/18/2025 12:40:00 AM,04SEPSOL_G01,N,N,N,2928.9079,2928.9079,3523.3337,2928.9079,2928.9079,
1/18/2025 12:40:00 AM,04SNAGU_L01,N,N,N,3035.9245,3035.9245,3386.8793,3035.9245,3035.9245,
1/18/2025 12:40:00 AM,04STAR_SS,N,N,N,2996.1670,2996.1670,3386.8793,2996.1670,2996.1670,
1/18/2025 12:40:00 AM,04TABAN_SS,N,N,N,2942.3597,2942.3597,3386.8793,2942.3597,2942.3597,
1/18/2025 12:40:00 AM,04TABAN_T1L1,N,N,N,2989.2916,2989.2916,3386.8793,2989.2916,2989.2916,
1/18/2025 12:40:00 AM,04TAFT_G01,N,N,N,2949.5340,2949.5340,3489.4432,2949.5340,2949.5340,
1/18/2025 12:40:00 AM,04TONGO_T2L2,N,N,N,2911.2711,2911.2711,3386.8793,2911.2711,2911.2711,
1/18/2025 12:40:00 AM,04UTH_G01,N,N,N,2960.8933,2960.8933,3314.3724,2960.8933,2960.8933,
1/18/2025 12:40:00 AM,04WRIGH_T1L1,N,N,N,3017.6899,3017.6899,3386.8793,3017.6899,3017.6899,
1/18/2025 12:40:00 AM,04WRIGH_T2L2,N,N,N,2950.7297,2950.7297,3386.8793,2950.7297,2950.7297,
1/18/2025 12:40:00 AM,05BANIL_T1L1,N,N,N,2996.1670,2996.1670,3386.8793,2996.1670,2996.1670,
1/18/2025 12:40:00 AM,05BANIL_T1L2,N,N,N,2996.1670,2996.1670,3386.8793,2996.1670,2996.1670,
1/18/2025 12:40:00 AM,05BANIL_T1L3,N,N,N,2995.8680,2995.8680,3386.8793,2995.8680,2995.8680,
1/18/2025 12:40:00 AM,05CALUNG_CEP,N,N,N,2973.1494,2973.1494,3386.8793,2973.1494,2973.1494,
1/18/2025 12:40:00 AM,05CARMENDPP_U01,N,N,N,2980.6227,2980.6227,3339.4506,2980.6227,2980.6227,
1/18/2025 12:40:00 AM,05CARMENDPP_U02,N,N,N,2980.6227,2980.6227,3339.4506,2980.6227,2980.6227,
1/18/2025 12:40:00 AM,05CARMENDPP_U03,N,N,N,2980.6227,2980.6227,3339.4506,2980.6227,2980.6227,
1/18/2025 12:40:00 AM,05CARMENDPP_U04,N,N,N,2980.6227,2980.6227,3339.4506,2980.6227,2980.6227,
1/18/2025 12:40:00 AM,05CDPPI_SS1,N,N,N,2989.2916,2989.2916,3386.8793,2989.2916,2989.2916,
1/18/2025 12:40:00 AM,05CDPPI_SS2,N,N,N,2989.2916,2989.2916,3386.8793,2989.2916,2989.2916,
1/18/2025 12:40:00 AM,05CEBU_SS,N,N,N,2989.8895,2989.8895,3386.8793,2989.8895,2989.8895,
1/18/2025 12:40:00 AM,05CEDC_SS,N,N,N,2971.3558,2971.3558,3386.8793,2971.3558,2971.3558,
1/18/2025 12:40:00 AM,05CEDC_U01,N,N,N,2989.2916,2989.2916,3375.0889,2989.2916,2989.2916,
1/18/2025 12:40:00 AM,05CEDC_U02,N,N,N,2971.3558,2971.3558,3372.7126,2971.3558,2971.3558,
1/18/2025 12:40:00 AM,05CEDC_U03,N,N,N,2971.3558,2971.3558,3372.7887,2971.3558,2971.3558,
1/18/2025 12:40:00 AM,05CEMEX_L01,N,N,N,2989.2916,2989.2916,3386.8793,2989.2916,2989.2916,
1/18/2025 12:40:00 AM,05COLON_L01,N,N,N,2989.5905,2989.5905,3386.8793,2989.5905,2989.5905,
1/18/2025 12:40:00 AM,05COMPS_SS,N,N,N,2989.8895,2989.8895,3386.8793,2989.8895,2989.8895,
1/18/2025 12:40:00 AM,05COMPS_T1L1,N,N,N,2991.9820,2991.9820,3386.8793,2991.9820,2991.9820,
1/18/2025 12:40:00 AM,05COMPS_T2L2,N,N,N,2991.9820,2991.9820,3386.8793,2991.9820,2991.9820,
1/18/2025 12:40:00 AM,05CPPC_U01,N,N,N,2999.7541,2999.7541,3377.1876,2999.7541,2999.7541,
1/18/2025 12:40:00 AM,05CPPC_U02,N,N,N,2999.7541,2999.7541,3377.1876,2999.7541,2999.7541,
1/18/2025 12:40:00 AM,05CPPC_U03,N,N,N,2999.7541,2999.7541,3377.1876,2999.7541,2999.7541,
1/18/2025 12:40:00 AM,05CPPC_U04,N,N,N,2999.7541,2999.7541,3377.1876,2999.7541,2999.7541,
1/18/2025 12:40:00 AM,05CPPC_U05,N,N,N,2999.7541,2999.7541,3377.1876,2999.7541,2999.7541,
1/18/2025 12:40:00 AM,05CPPC_U06,N,N,N,2999.7541,2999.7541,3377.1876,2999.7541,2999.7541,
1/18/2025 12:40:00 AM,05CPPC_U07,N,N,N,2999.7541,2999.7541,3377.1876,2999.7541,2999.7541,
1/18/2025 12:40:00 AM,05CPPC_U08,N,N,N,2999.7541,2999.7541,3377.1876,2999.7541,2999.7541,
1/18/2025 12:40:00 AM,05CPPC_U09,N,N,N,2999.7541,2999.7541,3377.1876,2999.7541,2999.7541,
1/18/2025 12:40:00 AM,05CPPC_U10,N,N,N,2999.7541,2999.7541,3377.1876,2999.7541,2999.7541,
1/18/2025 12:40:00 AM,05DAANB_SS,N,N,N,2964.1815,2964.1815,3386.8793,2964.1815,2964.1815,
1/18/2025 12:40:00 AM,05DMAN_SS,N,N,N,2955.2137,2955.2137,3386.8793,2955.2137,2955.2137,
1/18/2025 12:40:00 AM,05DMA_L01,N,N,N,2940.5661,2940.5661,3386.8793,2940.5661,2940.5661,
1/18/2025 12:40:00 AM,05EAUC_U01,N,N,N,3010.5156,3010.5156,3396.8782,3010.5156,3010.5156,
1/18/2025 12:40:00 AM,05EAUC_U02,N,N,N,3010.5156,3010.5156,3439.0164,3010.5156,3010.5156,
1/18/2025 12:40:00 AM,05EAUC_U03,N,N,N,3010.5156,3010.5156,3440.1071,3010.5156,3010.5156,
1/18/2025 12:40:00 AM,05EAUC_U04,N,N,N,3010.5156,3010.5156,3439.1001,3010.5156,3010.5156,
1/18/2025 12:40:00 AM,05KSPC_G01,N,N,N,2989.2916,2989.2916,3206.0284,2989.2916,2989.2916,
1/18/2025 12:40:00 AM,05KSPC_G02,N,N,N,2987.7970,2987.7970,3511.4188,2987.7970,2987.7970,
1/18/2025 12:40:00 AM,05KSPC_SS1,N,N,N,2987.7970,2987.7970,3386.8793,2987.7970,2987.7970,
1/18/2025 12:40:00 AM,05KSPC_SS2,N,N,N,2987.7970,2987.7970,3386.8793,2987.7970,2987.7970,
1/18/2025 12:40:00 AM,05LAPU_SS,N,N,N,3009.6188,3009.6188,3386.8793,3009.6188,3009.6188,
1/18/2025 12:40:00 AM,05MCTAN_T1L1,N,N,N,3010.5156,3010.5156,3386.8793,3010.5156,3010.5156,
1/18/2025 12:40:00 AM,05MNDUE_SS,N,N,N,3007.2273,3007.2273,3386.8793,3007.2273,3007.2273,
1/18/2025 12:40:00 AM,05MNDUE_T1L1,N,N,N,3007.8252,3007.8252,3386.8793,3007.8252,3007.8252,
1/18/2025 12:40:00 AM,05MNDUE_T1L2,N,N,N,2989.2916,2989.2916,3386.8793,2989.2916,2989.2916,
1/18/2025 12:40:00 AM,05MNDUE_T1L4,N,N,N,3007.8252,3007.8252,3386.8793,3007.8252,3007.8252,
1/18/2025 12:40:00 AM,05MNDUE_T1L5,N,N,N,3007.8252,3007.8252,3386.8793,3007.8252,3007.8252,
1/18/2025 12:40:00 AM,05NAGA_T1L1,N,N,N,2989.2916,2989.2916,3386.8793,2989.2916,2989.2916,
1/18/2025 12:40:00 AM,05NAGA_T2L2,N,N,N,2989.2916,2989.2916,3386.8793,2989.2916,2989.2916,
1/18/2025 12:40:00 AM,05NAGLES_L01,N,N,N,2994.9713,2994.9713,3386.8793,2994.9713,2994.9713,
1/18/2025 12:40:00 AM,05NNAGVE_L01,N,N,N,2989.2916,2989.2916,3386.8793,2989.2916,2989.2916,
1/18/2025 12:40:00 AM,05NNAGVE_L02,N,N,N,2989.2916,2989.2916,3386.8793,2989.2916,2989.2916,
1/18/2025 12:40:00 AM,05QUIOT_T1L1,N,N,N,2999.7541,2999.7541,3386.8793,2999.7541,2999.7541,
1/18/2025 12:40:00 AM,05SAMB_L01,N,N,N,2815.3148,2815.3148,3386.8793,2815.3148,2815.3148,
1/18/2025 12:40:00 AM,05SAMB_L02,N,N,N,2989.2916,2989.2916,3386.8793,2989.2916,2989.2916,
1/18/2025 12:40:00 AM,05SAMB_SS,N,N,N,2815.3148,2815.3148,3386.8793,2815.3148,2815.3148,
1/18/2025 12:40:00 AM,05TALATR1_SS,N,N,N,2973.1494,2973.1494,3386.8793,2973.1494,2973.1494,
1/18/2025 12:40:00 AM,05TALAV_SS,N,N,N,2973.1494,2973.1494,3386.8793,2973.1494,2973.1494,
1/18/2025 12:40:00 AM,05TALAV_T1L1,N,N,N,2973.1494,2973.1494,3386.8793,2973.1494,2973.1494,
1/18/2025 12:40:00 AM,05TALIS_T1L1,N,N,N,2965.9751,2965.9751,3386.8793,2965.9751,2965.9751,
1/18/2025 12:40:00 AM,05THVI_SS1,N,N,N,2972.2526,2972.2526,3386.8793,2972.2526,2972.2526,
1/18/2025 12:40:00 AM,05THVI_SS2,N,N,N,2971.9537,2971.9537,3386.8793,2971.9537,2971.9537,
1/18/2025 12:40:00 AM,05THVI_U01,N,N,N,2989.2916,2989.2916,3200.2615,2989.2916,2989.2916,
1/18/2025 12:40:00 AM,05THVI_U02,N,N,N,2971.9537,2971.9537,3334.0280,2971.9537,2971.9537,
1/18/2025 12:40:00 AM,05TOLEDO_BAT,N,N,N,2973.1494,2973.1494,3362.8236,2973.1494,2973.1494,
1/18/2025 12:40:00 AM,05TOLSOL_G01,N,N,N,2973.1494,2973.1494,3330.8512,2973.1494,2973.1494,
1/18/2025 12:40:00 AM,05TOL_CARMEN,N,N,N,2980.6227,2980.6227,3386.8793,2980.6227,2980.6227,
1/18/2025 12:40:00 AM,05TPC_G01,N,N,N,2980.6227,2980.6227,3339.4506,2980.6227,2980.6227,
1/18/2025 12:40:00 AM,05TPC_G02,N,N,N,2980.6227,2980.6227,3353.1845,2980.6227,2980.6227,
1/18/2025 12:40:00 AM,05TPC_L01,N,N,N,2980.6227,2980.6227,3386.8793,2980.6227,2980.6227,
1/18/2025 12:40:00 AM,05TPC_S01,N,N,N,2980.6227,2980.6227,3386.8793,2980.6227,2980.6227,
1/18/2025 12:40:00 AM,05TPC_S02,N,N,N,2980.6227,2980.6227,3386.8793,2980.6227,2980.6227,
1/18/2025 12:40:00 AM,05TPVI_U01,N,N,N,2989.2916,2989.2916,3357.5652,2989.2916,2989.2916,
1/18/2025 12:40:00 AM,05TPVI_U02,N,N,N,2989.2916,2989.2916,3357.5652,2989.2916,2989.2916,
1/18/2025 12:40:00 AM,05TPVI_U03,N,N,N,2989.2916,2989.2916,3357.5652,2989.2916,2989.2916,
1/18/2025 12:40:00 AM,05TPVI_U04,N,N,N,2989.2916,2989.2916,3357.5652,2989.2916,2989.2916,
1/18/2025 12:40:00 AM,05TPVI_U05,N,N,N,2989.2916,2989.2916,3357.5652,2989.2916,2989.2916,
1/18/2025 12:40:00 AM,05TPVI_U06,N,N,N,2989.2916,2989.2916,3357.5652,2989.2916,2989.2916,
1/18/2025 12:40:00 AM,06AMLAN_SS,N,N,N,2731.0168,2731.0168,3386.8793,2731.0168,2731.0168,
1/18/2025 12:40:00 AM,06AMLAN_T1L1,N,N,N,2731.9136,2731.9136,3386.8793,2731.9136,2731.9136,
1/18/2025 12:40:00 AM,06AMLAN_T2L2,N,N,N,2731.9136,2731.9136,3386.8793,2731.9136,2731.9136,
1/18/2025 12:40:00 AM,06AMLA_G01,N,N,N,2731.9136,2731.9136,3064.6616,2731.9136,2731.9136,
1/18/2025 12:40:00 AM,06BACOL_SS,N,N,N,3006.0316,3006.0316,3386.8793,3006.0316,3006.0316,
1/18/2025 12:40:00 AM,06BACOL_T1L1,N,N,N,3004.5370,3004.5370,3386.8793,3004.5370,3004.5370,
1/18/2025 12:40:00 AM,06BACOL_T1L2,N,N,N,3004.5370,3004.5370,3386.8793,3004.5370,3004.5370,
1/18/2025 12:40:00 AM,06BACOL_T2L2,N,N,N,3004.5370,3004.5370,3386.8793,3004.5370,3004.5370,
1/18/2025 12:40:00 AM,06BACOL_T3L3,N,N,N,3004.5370,3004.5370,3386.8793,3004.5370,3004.5370,
1/18/2025 12:40:00 AM,06BBGPP_G01,N,N,N,3006.0316,3006.0316,3366.1009,3006.0316,3006.0316,
1/18/2025 12:40:00 AM,06BBGPP_L01,N,N,N,3006.0316,3006.0316,3386.8793,3006.0316,3006.0316,
1/18/2025 12:40:00 AM,06BCLBAS_LD1,N,N,N,3004.5370,3004.5370,3386.8793,3004.5370,3004.5370,
1/18/2025 12:40:00 AM,06BCL_SS,N,N,N,3005.7327,3005.7327,3386.8793,3005.7327,3005.7327,
1/18/2025 12:40:00 AM,06BISCOM_G01,N,N,N,3012.9070,3012.9070,3335.5649,3012.9070,3012.9070,
1/18/2025 12:40:00 AM,06CABI_G01,N,N,N,2731.9136,2731.9136,3048.0306,2731.9136,2731.9136,
1/18/2025 12:40:00 AM,06CADIZL_SS,N,N,N,2992.8787,2992.8787,3386.8793,2992.8787,2992.8787,
1/18/2025 12:40:00 AM,06CADIZL_T1L1,N,N,N,2992.2809,2992.2809,3386.8793,2992.2809,2992.2809,
1/18/2025 12:40:00 AM,06CADIZL_T1L2,N,N,N,2992.2809,2992.2809,3386.8793,2992.2809,2992.2809,
1/18/2025 12:40:00 AM,06CADIZL_T1L3,N,N,N,2992.2809,2992.2809,3386.8793,2992.2809,2992.2809,
1/18/2025 12:40:00 AM,06CADIZL_T1L4,N,N,N,2992.2809,2992.2809,3386.8793,2992.2809,2992.2809,
1/18/2025 12:40:00 AM,06CALASOL_G01,N,N,N,2982.4162,2982.4162,3344.5440,2982.4162,2982.4162,
1/18/2025 12:40:00 AM,06CARSOL_G01,N,N,N,3004.5370,3004.5370,3364.7085,3004.5370,3004.5370,
1/18/2025 12:40:00 AM,06CAY_SS,N,N,N,2982.4162,2982.4162,3386.8793,2982.4162,2982.4162,
1/18/2025 12:40:00 AM,06CENPRI_U01,N,N,N,3004.5370,3004.5370,3364.7085,3004.5370,3004.5370,
1/18/2025 12:40:00 AM,06CENPRI_U02,N,N,N,3004.5370,3004.5370,3364.7085,3004.5370,3004.5370,
1/18/2025 12:40:00 AM,06CENPRI_U03,N,N,N,3004.5370,3004.5370,3364.7085,3004.5370,3004.5370,
1/18/2025 12:40:00 AM,06CENPRI_U04,N,N,N,3004.5370,3004.5370,3364.7085,3004.5370,3004.5370,
1/18/2025 12:40:00 AM,06CENPRI_U05,N,N,N,3004.5370,3004.5370,3364.7085,3004.5370,3004.5370,
1/18/2025 12:40:00 AM,06CLTRAVA_SS,N,N,N,2982.4162,2982.4162,3386.8793,2982.4162,2982.4162,
1/18/2025 12:40:00 AM,06FFHC_G01,N,N,N,2992.2809,2992.2809,3281.7401,2992.2809,2992.2809,
1/18/2025 12:40:00 AM,06GAHIT_SS,N,N,N,3000.0530,3000.0530,3386.8793,3000.0530,3000.0530,
1/18/2025 12:40:00 AM,06HELIOS_G01,N,N,N,2992.8787,2992.8787,3352.7946,2992.8787,2992.8787,
1/18/2025 12:40:00 AM,06HELIOS_S01,N,N,N,2992.8787,2992.8787,3386.8793,2992.8787,2992.8787,
1/18/2025 12:40:00 AM,06HPCO_G01,N,N,N,3004.5370,3004.5370,3352.1448,3004.5370,3004.5370,
1/18/2025 12:40:00 AM,06HPCO_G02,N,N,N,3004.5370,3004.5370,3266.6045,3004.5370,3004.5370,
1/18/2025 12:40:00 AM,06KABAN_BAT,N,N,N,3016.7931,3016.7931,3049.1059,3016.7931,3016.7931,
1/18/2025 12:40:00 AM,06KABAN_L01,N,N,N,3016.7931,3016.7931,3386.8793,3016.7931,3016.7931,
1/18/2025 12:40:00 AM,06KABAN_SS,N,N,N,3016.7931,3016.7931,3386.8793,3016.7931,3016.7931,
1/18/2025 12:40:00 AM,06KABAN_T1L1,N,N,N,3012.9070,3012.9070,3386.8793,3012.9070,3012.9070,
1/18/2025 12:40:00 AM,06KABAN_T2L2,N,N,N,3012.9070,3012.9070,3386.8793,3012.9070,3012.9070,
1/18/2025 12:40:00 AM,06MABIN_SS,N,N,N,2723.5436,2723.5436,3386.8793,2723.5436,2723.5436,
1/18/2025 12:40:00 AM,06MABIN_T1L1,N,N,N,2723.2446,2723.2446,3386.8793,2723.2446,2723.2446,
1/18/2025 12:40:00 AM,06MABIN_T2L2,N,N,N,2723.2446,2723.2446,3386.8793,2723.2446,2723.2446,
1/18/2025 12:40:00 AM,06MANSOL_G01,N,N,N,2992.2809,2992.2809,3352.4744,2992.2809,2992.2809,
1/18/2025 12:40:00 AM,06MNTSOL_G01,N,N,N,2731.9136,2731.9136,3064.6616,2731.9136,2731.9136,
1/18/2025 12:40:00 AM,06NASULO_G01,N,N,N,2702.3196,2702.3196,3023.3555,2702.3196,2702.3196,
1/18/2025 12:40:00 AM,06NTNEGB_G01,N,N,N,2989.2916,2989.2916,3357.5652,2989.2916,2989.2916,
1/18/2025 12:40:00 AM,06PAL1A_G01,N,N,N,2703.5153,2703.5153,3048.3411,2703.5153,2703.5153,
1/18/2025 12:40:00 AM,06PAL1A_SS,N,N,N,2704.7110,2704.7110,3386.8793,2704.7110,2704.7110,
1/18/2025 12:40:00 AM,06PAL2A_U01,N,N,N,2702.6185,2702.6185,3029.4727,2702.6185,2702.6185,
1/18/2025 12:40:00 AM,06PAL2A_U02,N,N,N,2702.3196,2702.3196,3028.9895,2702.3196,2702.3196,
1/18/2025 12:40:00 AM,06PAL2A_U03,N,N,N,2702.3196,2702.3196,3029.9366,2702.3196,2702.3196,
1/18/2025 12:40:00 AM,06PAL2A_U04,N,N,N,2989.2916,2989.2916,3357.5652,2989.2916,2989.2916,
1/18/2025 12:40:00 AM,06PGPP2_SS,N,N,N,2703.5153,2703.5153,3386.8793,2703.5153,2703.5153,
1/18/2025 12:40:00 AM,06SACASL_G01,N,N,N,2982.7152,2982.7152,3344.6246,2982.7152,2982.7152,
1/18/2025 12:40:00 AM,06SACASL_G02,N,N,N,2982.7152,2982.7152,3344.6246,2982.7152,2982.7152,
1/18/2025 12:40:00 AM,06SACSUN_G01,N,N,N,2982.7152,2982.7152,3344.6246,2982.7152,2982.7152,
1/18/2025 12:40:00 AM,06SCBE_G01,N,N,N,2992.2809,2992.2809,3352.4744,2992.2809,2992.2809,
1/18/2025 12:40:00 AM,06SCBIOP_G01,N,N,N,2989.2916,2989.2916,3357.5652,2989.2916,2989.2916,
1/18/2025 12:40:00 AM,06SLYSOL_G01,N,N,N,3004.5370,3004.5370,3364.7085,3004.5370,3004.5370,
1/18/2025 12:40:00 AM,06SNCARLOS_SS,N,N,N,2982.7152,2982.7152,3386.8793,2982.7152,2982.7152,
1/18/2025 12:40:00 AM,06STNEGB_G01,N,N,N,2989.2916,2989.2916,3357.5652,2989.2916,2989.2916,
1/18/2025 12:40:00 AM,06URC_G01,N,N,N,2723.2446,2723.2446,3059.6980,2723.2446,2723.2446,
1/18/2025 12:40:00 AM,06VMC_G01,N,N,N,2989.2916,2989.2916,3357.5652,2989.2916,2989.2916,
1/18/2025 12:40:00 AM,06VMC_G02,N,N,N,3004.5370,3004.5370,3530.2297,3004.5370,3004.5370,
1/18/2025 12:40:00 AM,07BDPP_U01,N,N,N,2960.8933,2960.8933,3319.2361,2960.8933,2960.8933,
1/18/2025 12:40:00 AM,07BDPP_U02,N,N,N,2960.8933,2960.8933,3319.2361,2960.8933,2960.8933,
1/18/2025 12:40:00 AM,07BDPP_U03,N,N,N,2960.8933,2960.8933,3319.2361,2960.8933,2960.8933,
1/18/2025 12:40:00 AM,07BDPP_U04,N,N,N,2960.8933,2960.8933,3319.2361,2960.8933,2960.8933,
1/18/2025 12:40:00 AM,07BOHOL_T1L1,N,N,N,3001.8466,3001.8466,3386.8793,3001.8466,3001.8466,
1/18/2025 12:40:00 AM,07BOHOL_T4L4,N,N,N,3001.8466,3001.8466,3386.8793,3001.8466,3001.8466,
1/18/2025 12:40:00 AM,07COREL_T1L1,N,N,N,2960.8933,2960.8933,3386.8793,2960.8933,2960.8933,
1/18/2025 12:40:00 AM,07COREL_T1L2,N,N,N,2960.8933,2960.8933,3386.8793,2960.8933,2960.8933,
1/18/2025 12:40:00 AM,07COREL_T1L3,N,N,N,2960.8933,2960.8933,3386.8793,2960.8933,2960.8933,
1/18/2025 12:40:00 AM,07CRA_SS,N,N,N,2960.8933,2960.8933,3386.8793,2960.8933,2960.8933,
1/18/2025 12:40:00 AM,07DAGSOL_G01,N,N,N,3001.8466,3001.8466,3443.3798,3001.8466,3001.8466,
1/18/2025 12:40:00 AM,07JANOPO_G01,N,N,N,2960.8933,2960.8933,3319.2361,2960.8933,2960.8933,
1/18/2025 12:40:00 AM,07LOBOC_G01,N,N,N,2960.8933,2960.8933,3318.9375,2960.8933,2960.8933,
1/18/2025 12:40:00 AM,07LOBOC_G02,N,N,N,2960.8933,2960.8933,3349.8896,2960.8933,2960.8933,
1/18/2025 12:40:00 AM,07SEVILL_G01,N,N,N,2960.8933,2960.8933,3318.1625,2960.8933,2960.8933,
1/18/2025 12:40:00 AM,07TPLPB4_U01,N,N,N,3002.1456,3002.1456,3443.1079,3002.1456,3002.1456,
1/18/2025 12:40:00 AM,07TPLPB4_U02,N,N,N,3002.1456,3002.1456,3443.1079,3002.1456,3002.1456,
1/18/2025 12:40:00 AM,07TPLPB4_U03,N,N,N,3002.1456,3002.1456,3443.1079,3002.1456,3002.1456,
1/18/2025 12:40:00 AM,07TPLPB4_U04,N,N,N,3002.1456,3002.1456,3443.1079,3002.1456,3002.1456,
1/18/2025 12:40:00 AM,07UBAY_BAT,N,N,N,3001.8466,3001.8466,3443.3798,3001.8466,3001.8466,
1/18/2025 12:40:00 AM,07UBAY_T1L1,N,N,N,3001.8466,3001.8466,3386.8793,3001.8466,3001.8466,
1/18/2025 12:40:00 AM,07UBAY_T2L2,N,N,N,3001.8466,3001.8466,3386.8793,3001.8466,3001.8466,
1/18/2025 12:40:00 AM,07UBAY_T3L3,N,N,N,3002.1456,3002.1456,3386.8793,3002.1456,3002.1456,
1/18/2025 12:40:00 AM,08BANTAP_L01,N,N,N,3054.1592,3054.1592,3386.8793,3054.1592,3054.1592,
1/18/2025 12:40:00 AM,08BARO_SS,N,N,N,3000.6509,3000.6509,3386.8793,3000.6509,3000.6509,
1/18/2025 12:40:00 AM,08BARTAC_L01,N,N,N,2989.2916,2989.2916,3386.8793,2989.2916,2989.2916,
1/18/2025 12:40:00 AM,08BARTAC_SS,N,N,N,3000.6509,3000.6509,3386.8793,3000.6509,3000.6509,
1/18/2025 12:40:00 AM,08BVISTA_L01,N,N,N,3049.0774,3049.0774,3386.8793,3049.0774,3049.0774,
1/18/2025 12:40:00 AM,08BVISTA_L02,N,N,N,3049.0774,3049.0774,3386.8793,3049.0774,3049.0774,
1/18/2025 12:40:00 AM,08CASA_G01,N,N,N,3032.9353,3032.9353,3385.8604,3032.9353,3032.9353,
1/18/2025 12:40:00 AM,08CASA_G02,N,N,N,3032.9353,3032.9353,3382.3265,3032.9353,3032.9353,
1/18/2025 12:40:00 AM,08CONCP_T1L1,N,N,N,2984.8077,2984.8077,3386.8793,2984.8077,2984.8077,
1/18/2025 12:40:00 AM,08COSMO_G01,N,N,N,3048.7785,3048.7785,3389.6908,3048.7785,3048.7785,
1/18/2025 12:40:00 AM,08DINGL_SS,N,N,N,3033.2342,3033.2342,3386.8793,3033.2342,3033.2342,
1/18/2025 12:40:00 AM,08DINGL_T1L1,N,N,N,3032.9353,3032.9353,3386.8793,3032.9353,3032.9353,
1/18/2025 12:40:00 AM,08DINGL_T1L2,N,N,N,3032.9353,3032.9353,3386.8793,3032.9353,3032.9353,
1/18/2025 12:40:00 AM,08DINGL_T1L3,N,N,N,3032.3374,3032.3374,3386.8793,3032.3374,3032.3374,
1/18/2025 12:40:00 AM,08DINGL_T1L4,N,N,N,3032.3374,3032.3374,3386.8793,3032.3374,3032.3374,
1/18/2025 12:40:00 AM,08DINGL_T2L1,N,N,N,3033.2342,3033.2342,3386.8793,3033.2342,3033.2342,
1/18/2025 12:40:00 AM,08DINGL_T2L2,N,N,N,3033.2342,3033.2342,3386.8793,3033.2342,3033.2342,
1/18/2025 12:40:00 AM,08GLOBAL_G01,N,N,N,3073.5896,3073.5896,3438.4455,3073.5896,3073.5896,
1/18/2025 12:40:00 AM,08NABASDPP_U01,N,N,N,3073.5896,3073.5896,3438.4455,3073.5896,3073.5896,
1/18/2025 12:40:00 AM,08NABASDPP_U02,N,N,N,3073.5896,3073.5896,3438.4455,3073.5896,3073.5896,
1/18/2025 12:40:00 AM,08NABAS_L01,N,N,N,3073.5896,3073.5896,3386.8793,3073.5896,3073.5896,
1/18/2025 12:40:00 AM,08NABAS_L02,N,N,N,3073.5896,3073.5896,3386.8793,3073.5896,3073.5896,
1/18/2025 12:40:00 AM,08NABAS_L03,N,N,N,3073.5896,3073.5896,3386.8793,3073.5896,3073.5896,
1/18/2025 12:40:00 AM,08NABAS_SS,N,N,N,3073.5896,3073.5896,3386.8793,3073.5896,3073.5896,
1/18/2025 12:40:00 AM,08PALM_G01,N,N,N,2985.1066,2985.1066,3336.8664,2985.1066,2985.1066,
1/18/2025 12:40:00 AM,08PALM_S01,N,N,N,2985.1066,2985.1066,3386.8793,2985.1066,2985.1066,
1/18/2025 12:40:00 AM,08PANIT_SS,N,N,N,3062.5292,3062.5292,3386.8793,3062.5292,3062.5292,
1/18/2025 12:40:00 AM,08PANIT_T1L1,N,N,N,3061.9314,3061.9314,3386.8793,3061.9314,3061.9314,
1/18/2025 12:40:00 AM,08PANIT_T2L2,N,N,N,3061.9314,3061.9314,3386.8793,3061.9314,3061.9314,
1/18/2025 12:40:00 AM,08PDPP1_U02,N,N,N,3033.2342,3033.2342,3382.3265,3033.2342,3033.2342,
1/18/2025 12:40:00 AM,08PDPP1_U03,N,N,N,3033.2342,3033.2342,3382.3265,3033.2342,3033.2342,
1/18/2025 12:40:00 AM,08PDPP1_U05,N,N,N,3033.2342,3033.2342,3382.3265,3033.2342,3033.2342,
1/18/2025 12:40:00 AM,08PDPP3_C,N,N,N,3033.2342,3033.2342,3382.3265,3033.2342,3033.2342,
1/18/2025 12:40:00 AM,08PDPP3_E,N,N,N,3033.2342,3033.2342,3382.3265,3033.2342,3033.2342,
1/18/2025 12:40:00 AM,08PDPP3_G,N,N,N,3033.2342,3033.2342,3382.3265,3033.2342,3033.2342,
1/18/2025 12:40:00 AM,08PDPP3_H,N,N,N,3033.2342,3033.2342,3382.3265,3033.2342,3033.2342,
1/18/2025 12:40:00 AM,08PDPP3_S01,N,N,N,3033.2342,3033.2342,3386.8793,3033.2342,3033.2342,
1/18/2025 12:40:00 AM,08PEDC_SS1,N,N,N,3018.5867,3018.5867,3386.8793,3018.5867,3018.5867,
1/18/2025 12:40:00 AM,08PEDC_SS2,N,N,N,3018.5867,3018.5867,3386.8793,3018.5867,3018.5867,
1/18/2025 12:40:00 AM,08PEDC_SS3,N,N,N,3018.5867,3018.5867,3386.8793,3018.5867,3018.5867,
1/18/2025 12:40:00 AM,08PEDC_T1L1,N,N,N,3018.5867,3018.5867,3386.8793,3018.5867,3018.5867,
1/18/2025 12:40:00 AM,08PEDC_T1L2,N,N,N,3018.8856,3018.8856,3386.8793,3018.8856,3018.8856,
1/18/2025 12:40:00 AM,08PEDC_U01,N,N,N,3018.5867,3018.5867,3317.9770,3018.5867,3018.5867,
1/18/2025 12:40:00 AM,08PEDC_U02,N,N,N,3018.5867,3018.5867,3328.3074,3018.5867,3018.5867,
1/18/2025 12:40:00 AM,08PEDC_U03,N,N,N,3018.5867,3018.5867,3424.1709,3018.5867,3018.5867,
1/18/2025 12:40:00 AM,08PWIND_G01,N,N,N,3073.5896,3073.5896,3437.0924,3073.5896,3073.5896,
1/18/2025 12:40:00 AM,08PWIND_G02,N,N,N,3073.5896,3073.5896,3358.5013,3073.5896,3073.5896,
1/18/2025 12:40:00 AM,08SLWIND_G01,N,N,N,3049.0774,3049.0774,3345.7644,3049.0774,3049.0774,
1/18/2025 12:40:00 AM,08SLWIND_L01,N,N,N,3049.0774,3049.0774,3386.8793,3049.0774,3049.0774,
1/18/2025 12:40:00 AM,08SNJOSE_L01,N,N,N,3048.7785,3048.7785,3386.8793,3048.7785,3048.7785,
1/18/2025 12:40:00 AM,08SNJOSE_L02,N,N,N,3048.7785,3048.7785,3386.8793,3048.7785,3048.7785,
1/18/2025 12:40:00 AM,08SNJOSE_L03,N,N,N,3048.7785,3048.7785,3386.8793,3048.7785,3048.7785,
1/18/2025 12:40:00 AM,08SNJOSE_SS,N,N,N,3049.6753,3049.6753,3386.8793,3049.6753,3049.6753,
1/18/2025 12:40:00 AM,08STBAR_SS1,N,N,N,3033.5331,3033.5331,3386.8793,3033.5331,3033.5331,
1/18/2025 12:40:00 AM,08STBAR_SS2,N,N,N,3033.8320,3033.8320,3386.8793,3033.8320,3033.8320,
1/18/2025 12:40:00 AM,08STBAR_SS3,N,N,N,3033.5331,3033.5331,3386.8793,3033.5331,3033.5331,
1/18/2025 12:40:00 AM,08STBAR_T1L1,N,N,N,3033.8320,3033.8320,3386.8793,3033.8320,3033.8320,
1/18/2025 12:40:00 AM,08STBAR_T2L2,N,N,N,3033.5331,3033.5331,3386.8793,3033.5331,3033.5331,
1/18/2025 12:40:00 AM,08STBPB1_U01,N,N,N,3033.8320,3033.8320,3374.1269,3033.8320,3033.8320,
1/18/2025 12:40:00 AM,08STBPB1_U02,N,N,N,3033.8320,3033.8320,3374.1269,3033.8320,3033.8320,
1/18/2025 12:40:00 AM,08STBPB1_U03,N,N,N,3033.8320,3033.8320,3374.1269,3033.8320,3033.8320,
1/18/2025 12:40:00 AM,08STBPB1_U04,N,N,N,3033.8320,3033.8320,3374.1269,3033.8320,3033.8320,
1/18/2025 12:40:00 AM,08SUWECO_G01,N,N,N,3033.5331,3033.5331,3385.6304,3033.5331,3033.5331,
1/18/2025 12:40:00 AM,08TIMBA_G01,N,N,N,3073.5896,3073.5896,3484.2899,3073.5896,3073.5896,
1/18/2025 12:40:00 AM,09AURORA_SS,N,N,N,3026.1295,3026.1295,3947.1833,3026.1295,3026.1295,
1/18/2025 12:40:00 AM,09CLB_T1L1,N,N,N,3026.7108,3026.7108,3947.1833,3026.7108,3026.7108,
1/18/2025 12:40:00 AM,09JIMDSL_U01,N,N,N,3026.7108,3026.7108,3119.0676,3026.7108,3026.7108,
1/18/2025 12:40:00 AM,09JIMDSL_U02,N,N,N,3026.7108,3026.7108,3119.0676,3026.7108,3026.7108,
1/18/2025 12:40:00 AM,09KAP_T1L1,N,N,N,3026.7108,3026.7108,3947.1833,3026.7108,3026.7108,
1/18/2025 12:40:00 AM,09LALA_SS,N,N,N,2955.2137,2955.2137,3947.1833,2955.2137,2955.2137,
1/18/2025 12:40:00 AM,09LIBPOWR_G01,N,N,N,3026.7108,3026.7108,3124.6630,3026.7108,3026.7108,
1/18/2025 12:40:00 AM,09MHY_T1L1,N,N,N,3026.7108,3026.7108,3947.1833,3026.7108,3026.7108,
1/18/2025 12:40:00 AM,09MLS_T1L1,N,N,N,3288.8668,3288.8668,3947.1833,3288.8668,3288.8668,
1/18/2025 12:40:00 AM,09NAGA_SS,N,N,N,3288.2856,3288.2856,3947.1833,3288.2856,3288.2856,
1/18/2025 12:40:00 AM,09PANABNK_U01,N,N,N,3026.7108,3026.7108,3119.0676,3026.7108,3026.7108,
1/18/2025 12:40:00 AM,09PANABNK_U02,N,N,N,3026.7108,3026.7108,3119.0676,3026.7108,3026.7108,
1/18/2025 12:40:00 AM,09PITOGO_SS,N,N,N,3483.5947,3483.5947,3947.1833,3483.5947,3483.5947,
1/18/2025 12:40:00 AM,09POLAN_SS,N,N,N,3063.3312,3063.3312,3947.1833,3063.3312,3063.3312,
1/18/2025 12:40:00 AM,09RXS_T2L1,N,N,N,3063.3312,3063.3312,3947.1833,3063.3312,3063.3312,
1/18/2025 12:40:00 AM,09SANGALI_BAT,N,N,N,3458.3092,3458.3092,3544.0576,3458.3092,3458.3092,
1/18/2025 12:40:00 AM,09SJG_T1L1,N,N,N,3482.7228,3482.7228,3947.1833,3482.7228,3482.7228,
1/18/2025 12:40:00 AM,09SML_T1L1,N,N,N,3026.7108,3026.7108,3947.1833,3026.7108,3026.7108,
1/18/2025 12:40:00 AM,09SRW_T1L1,N,N,N,3288.8668,3288.8668,3947.1833,3288.8668,3288.8668,
1/18/2025 12:40:00 AM,09TMG_T1L1,N,N,N,3482.7228,3482.7228,3947.1833,3482.7228,3482.7228,
1/18/2025 12:40:00 AM,09TMG_T2L1,N,N,N,3458.3092,3458.3092,3947.1833,3458.3092,3458.3092,
1/18/2025 12:40:00 AM,09TUL_T1L1,N,N,N,3482.7228,3482.7228,3947.1833,3482.7228,3482.7228,
1/18/2025 12:40:00 AM,09WMPC_S01,N,N,N,3458.3092,3458.3092,3947.1833,3458.3092,3458.3092,
1/18/2025 12:40:00 AM,09WMPC_U01,N,N,N,3458.3092,3458.3092,3544.0576,3458.3092,3458.3092,
1/18/2025 12:40:00 AM,09WMPC_U02,N,N,N,3458.3092,3458.3092,3544.0576,3458.3092,3458.3092,
1/18/2025 12:40:00 AM,09WMPC_U03,N,N,N,3458.3092,3458.3092,3544.0576,3458.3092,3458.3092,
1/18/2025 12:40:00 AM,09WMPC_U04,N,N,N,3458.3092,3458.3092,3544.0576,3458.3092,3458.3092,
1/18/2025 12:40:00 AM,09WMPC_U05,N,N,N,3458.3092,3458.3092,3544.0576,3458.3092,3458.3092,
1/18/2025 12:40:00 AM,09WMPC_U06,N,N,N,3458.3092,3458.3092,3544.0576,3458.3092,3458.3092,
1/18/2025 12:40:00 AM,09WMPC_U07,N,N,N,3458.3092,3458.3092,3544.0576,3458.3092,3458.3092,
1/18/2025 12:40:00 AM,09WMPC_U08,N,N,N,3458.3092,3458.3092,3544.0576,3458.3092,3458.3092,
1/18/2025 12:40:00 AM,09WMPC_U09,N,N,N,3458.3092,3458.3092,3544.0576,3458.3092,3458.3092,
1/18/2025 12:40:00 AM,09WMPC_U10,N,N,N,3458.3092,3458.3092,3544.0576,3458.3092,3458.3092,
1/18/2025 12:40:00 AM,09ZAMBO_SS,N,N,N,3458.3092,3458.3092,3947.1833,3458.3092,3458.3092,
1/18/2025 12:40:00 AM,09ZAMSAN_L01,N,N,N,3458.3092,3458.3092,3947.1833,3458.3092,3458.3092,
1/18/2025 12:40:00 AM,10AG6_T2L1,N,N,N,2880.5195,2880.5195,3947.1833,2880.5195,2880.5195,
1/18/2025 12:40:00 AM,10AGUS1_SS,N,N,N,2844.4804,2844.4804,3947.1833,2844.4804,2844.4804,
1/18/2025 12:40:00 AM,10AGUS1_U01,N,N,N,2844.4804,2844.4804,2925.8056,2844.4804,2844.4804,
1/18/2025 12:40:00 AM,10AGUS1_U02,N,N,N,2844.4804,2844.4804,2985.6507,2844.4804,2844.4804,
1/18/2025 12:40:00 AM,10AGUS2_SS,N,N,N,2850.2931,2850.2931,3947.1833,2850.2931,2850.2931,
1/18/2025 12:40:00 AM,10AGUS2_U01,N,N,N,2850.2931,2850.2931,2984.5315,2850.2931,2850.2931,
1/18/2025 12:40:00 AM,10AGUS2_U02,N,N,N,2850.2931,2850.2931,2968.7301,2850.2931,2850.2931,
1/18/2025 12:40:00 AM,10AGUS2_U03,N,N,N,2850.2931,2850.2931,2922.7417,2850.2931,2850.2931,
1/18/2025 12:40:00 AM,10AGUS4_SS,N,N,N,2878.7757,2878.7757,3947.1833,2878.7757,2878.7757,
1/18/2025 12:40:00 AM,10AGUS4_U01,N,N,N,2906.3864,2906.3864,2982.8962,2906.3864,2906.3864,
1/18/2025 12:40:00 AM,10AGUS4_U02,N,N,N,2878.7757,2878.7757,2979.6318,2878.7757,2878.7757,
1/18/2025 12:40:00 AM,10AGUS4_U03,N,N,N,2878.7757,2878.7757,2979.0234,2878.7757,2878.7757,
1/18/2025 12:40:00 AM,10AGUS5_SS,N,N,N,2881.1008,2881.1008,3947.1833,2881.1008,2881.1008,
1/18/2025 12:40:00 AM,10AGUS5_U01,N,N,N,2881.1008,2881.1008,2981.3230,2881.1008,2881.1008,
1/18/2025 12:40:00 AM,10AGUS5_U02,N,N,N,2881.1008,2881.1008,2979.46,2881.1008,2881.1008,
1/18/2025 12:40:00 AM,10AGUS6_SS,N,N,N,2871.5097,2871.5097,3947.1833,2871.5097,2871.5097,
1/18/2025 12:40:00 AM,10AGUS6_U01,N,N,N,2871.5097,2871.5097,2964.1976,2871.5097,2871.5097,
1/18/2025 12:40:00 AM,10AGUS6_U02,N,N,N,2871.5097,2871.5097,2967.7258,2871.5097,2871.5097,
1/18/2025 12:40:00 AM,10AGUS6_U03,N,N,N,2871.5097,2871.5097,2971.3960,2871.5097,2871.5097,
1/18/2025 12:40:00 AM,10AGUS6_U04,N,N,N,2871.5097,2871.5097,2982.7328,2871.5097,2871.5097,
1/18/2025 12:40:00 AM,10AGUS6_U05,N,N,N,2871.5097,2871.5097,3007.9166,2871.5097,2871.5097,
1/18/2025 12:40:00 AM,10AGUS7_U01,N,N,N,2871.5097,2871.5097,2980.9333,2871.5097,2871.5097,
1/18/2025 12:40:00 AM,10AGUS7_U02,N,N,N,2871.5097,2871.5097,2921.9191,2871.5097,2871.5097,
1/18/2025 12:40:00 AM,10BALOI_L01,N,N,N,2871.5097,2871.5097,3947.1833,2871.5097,2871.5097,
1/18/2025 12:40:00 AM,10BALOI_SS,N,N,N,2897.6672,2897.6672,3947.1833,2897.6672,2897.6672,
1/18/2025 12:40:00 AM,10BUR_T1L1,N,N,N,2871.5097,2871.5097,3947.1833,2871.5097,2871.5097,
1/18/2025 12:40:00 AM,10BUR_T1L2,N,N,N,2871.5097,2871.5097,3947.1833,2871.5097,2871.5097,
1/18/2025 12:40:00 AM,10GNPK_U01,N,N,N,2904.0613,2904.0613,3008.9429,2904.0613,2904.0613,
1/18/2025 12:40:00 AM,10GNPK_U02,N,N,N,2904.0613,2904.0613,2945.1113,2904.0613,2904.0613,
1/18/2025 12:40:00 AM,10GNPK_U03,N,N,N,2904.0613,2904.0613,3009.7996,2904.0613,2904.0613,
1/18/2025 12:40:00 AM,10GNPK_U04,N,N,N,2904.0613,2904.0613,3003.3334,2904.0613,2904.0613,
1/18/2025 12:40:00 AM,10IDP2_U01,N,N,N,2897.0859,2897.0859,2992.2787,2897.0859,2897.0859,
1/18/2025 12:40:00 AM,10IDP2_U02,N,N,N,2897.0859,2897.0859,2992.2787,2897.0859,2897.0859,
1/18/2025 12:40:00 AM,10IDP2_U03,N,N,N,2897.0859,2897.0859,2992.2787,2897.0859,2897.0859,
1/18/2025 12:40:00 AM,10IDP2_U04,N,N,N,2897.0859,2897.0859,2992.2787,2897.0859,2897.0859,
1/18/2025 12:40:00 AM,10IDP2_U05,N,N,N,2897.0859,2897.0859,2992.2787,2897.0859,2897.0859,
1/18/2025 12:40:00 AM,10IDP2_U06,N,N,N,2897.0859,2897.0859,2992.2787,2897.0859,2897.0859,
1/18/2025 12:40:00 AM,10IDP2_U07,N,N,N,2897.0859,2897.0859,2992.2787,2897.0859,2897.0859,
1/18/2025 12:40:00 AM,10IDPP_G01,N,N,N,2897.0859,2897.0859,2992.2787,2897.0859,2897.0859,
1/18/2025 12:40:00 AM,10IDPP_SS,N,N,N,2897.0859,2897.0859,3947.1833,2897.0859,2897.0859,
1/18/2025 12:40:00 AM,10KAUSWGN_SS,N,N,N,2904.3519,2904.3519,3947.1833,2904.3519,2904.3519,
1/18/2025 12:40:00 AM,10KAU_T1L1,N,N,N,2871.5097,2871.5097,3947.1833,2871.5097,2871.5097,
1/18/2025 12:40:00 AM,10KIW_T1L1,N,N,N,2871.5097,2871.5097,3947.1833,2871.5097,2871.5097,
1/18/2025 12:40:00 AM,10KIW_T2L1,N,N,N,2898.5391,2898.5391,3947.1833,2898.5391,2898.5391,
1/18/2025 12:40:00 AM,10LGAIT_SS,N,N,N,2898.5391,2898.5391,3947.1833,2898.5391,2898.5391,
1/18/2025 12:40:00 AM,10LIAN_G01,N,N,N,2871.5097,2871.5097,2973.7276,2871.5097,2871.5097,
1/18/2025 12:40:00 AM,10MCN_T1L1,N,N,N,2880.5195,2880.5195,3947.1833,2880.5195,2880.5195,
1/18/2025 12:40:00 AM,10MCR_T1L1,N,N,N,2880.5195,2880.5195,3947.1833,2880.5195,2880.5195,
1/18/2025 12:40:00 AM,10MCT_T1L1,N,N,N,2871.5097,2871.5097,3947.1833,2871.5097,2871.5097,
1/18/2025 12:40:00 AM,10MEGC_G01,N,N,N,2871.5097,2871.5097,2973.7276,2871.5097,2871.5097,
1/18/2025 12:40:00 AM,10MLN_T1L1,N,N,N,2844.7710,2844.7710,3947.1833,2844.7710,2844.7710,
1/18/2025 12:40:00 AM,10MPL_T1L1,N,N,N,2871.5097,2871.5097,3947.1833,2871.5097,2871.5097,
1/18/2025 12:40:00 AM,10MRW_T1L1,N,N,N,2844.7710,2844.7710,3947.1833,2844.7710,2844.7710,
1/18/2025 12:40:00 AM,10MRW_T2L1,N,N,N,2880.5195,2880.5195,3947.1833,2880.5195,2880.5195,
1/18/2025 12:40:00 AM,10NUN_T1L2,N,N,N,2906.3864,2906.3864,3947.1833,2906.3864,2906.3864,
1/18/2025 12:40:00 AM,10OPO_T1L1,N,N,N,2898.5391,2898.5391,3947.1833,2898.5391,2898.5391,
1/18/2025 12:40:00 AM,10PAT_T1L1,N,N,N,2898.5391,2898.5391,3947.1833,2898.5391,2898.5391,
1/18/2025 12:40:00 AM,10PGW_T1L1,N,N,N,2898.5391,2898.5391,3947.1833,2898.5391,2898.5391,
1/18/2025 12:40:00 AM,10PLT_T1L1,N,N,N,2897.0859,2897.0859,3947.1833,2897.0859,2897.0859,
1/18/2025 12:40:00 AM,10PLT_T2L1,N,N,N,2898.5391,2898.5391,3947.1833,2898.5391,2898.5391,
1/18/2025 12:40:00 AM,10PPEI_U01,N,N,N,2871.5097,2871.5097,2973.7276,2871.5097,2871.5097,
1/18/2025 12:40:00 AM,10SRZ_T1L1,N,N,N,2880.5195,2880.5195,3947.1833,2880.5195,2880.5195,
1/18/2025 12:40:00 AM,11CDO_T1L1,N,N,N,2927.8936,2927.8936,3947.1833,2927.8936,2927.8936,
1/18/2025 12:40:00 AM,11CRYSSUG_G01,N,N,N,2967.4205,2967.4205,3032.5122,2967.4205,2967.4205,
1/18/2025 12:40:00 AM,11FDC_SS,N,N,N,2892.4357,2892.4357,3947.1833,2892.4357,2892.4357,
1/18/2025 12:40:00 AM,11FDC_U01,N,N,N,2892.1451,2892.1451,2970.1169,2892.1451,2892.1451,
1/18/2025 12:40:00 AM,11FDC_U02,N,N,N,2892.1451,2892.1451,2963.4944,2892.1451,2892.1451,
1/18/2025 12:40:00 AM,11FDC_U03,N,N,N,2892.1451,2892.1451,2983.4810,2892.1451,2892.1451,
1/18/2025 12:40:00 AM,11FGBPC_G01,N,N,N,2911.3272,2911.3272,2983.2524,2911.3272,2911.3272,
1/18/2025 12:40:00 AM,11JASAAN_SS,N,N,N,2920.3370,2920.3370,3947.1833,2920.3370,2920.3370,
1/18/2025 12:40:00 AM,11JASA_BAT,N,N,N,2911.3272,2911.3272,2940.7077,2911.3272,2911.3272,
1/18/2025 12:40:00 AM,11KBSOL_G01,N,N,N,2991.2529,2991.2529,3052.7568,2991.2529,2991.2529,
1/18/2025 12:40:00 AM,11KEGMAR_G01,N,N,N,2967.4205,2967.4205,3032.5122,2967.4205,2967.4205,
1/18/2025 12:40:00 AM,11KIBAWE_SS,N,N,N,2991.2529,2991.2529,3947.1833,2991.2529,2991.2529,
1/18/2025 12:40:00 AM,11KIB_T1L1,N,N,N,2967.4205,2967.4205,3947.1833,2967.4205,2967.4205,
1/18/2025 12:40:00 AM,11KIB_T1L2,N,N,N,2967.4205,2967.4205,3947.1833,2967.4205,2967.4205,
1/18/2025 12:40:00 AM,11KIRAS_G01,N,N,N,2911.3272,2911.3272,2987.8965,2911.3272,2911.3272,
1/18/2025 12:40:00 AM,11KNG_T1L1,N,N,N,2911.3272,2911.3272,3947.1833,2911.3272,2911.3272,
1/18/2025 12:40:00 AM,11LAGUIN_SS,N,N,N,2906.0957,2906.0957,3947.1833,2906.0957,2906.0957,
1/18/2025 12:40:00 AM,11LBA_T1L1,N,N,N,2920.3370,2920.3370,3947.1833,2920.3370,2920.3370,
1/18/2025 12:40:00 AM,11LUN_T1L1,N,N,N,2911.3272,2911.3272,3947.1833,2911.3272,2911.3272,
1/18/2025 12:40:00 AM,11MAN1_S01,N,N,N,2909.2928,2909.2928,3947.1833,2909.2928,2909.2928,
1/18/2025 12:40:00 AM,11MAN2_S01,N,N,N,2909.2928,2909.2928,3947.1833,2909.2928,2909.2928,
1/18/2025 12:40:00 AM,11MANFOR_G01,N,N,N,2909.2928,2909.2928,2972.8547,2909.2928,2909.2928,
1/18/2025 12:40:00 AM,11MANFOR_G02,N,N,N,2909.2928,2909.2928,2972.7434,2909.2928,2909.2928,
1/18/2025 12:40:00 AM,11MANOLO_SS,N,N,N,2909.5834,2909.5834,3947.1833,2909.5834,2909.5834,
1/18/2025 12:40:00 AM,11MARAM_SS,N,N,N,2966.8392,2966.8392,3947.1833,2966.8392,2966.8392,
1/18/2025 12:40:00 AM,11MINBAL_G01,N,N,N,2911.3272,2911.3272,2983.8109,2911.3272,2911.3272,
1/18/2025 12:40:00 AM,11MINBU_G01,N,N,N,2911.3272,2911.3272,2989.9895,2911.3272,2911.3272,
1/18/2025 12:40:00 AM,11MLY_T1L1,N,N,N,2967.4205,2967.4205,3947.1833,2967.4205,2967.4205,
1/18/2025 12:40:00 AM,11MNCBLG_G01,N,N,N,2911.3272,2911.3272,2974.6040,2911.3272,2911.3272,
1/18/2025 12:40:00 AM,11MNRGY_G01,N,N,N,2911.3272,2911.3272,2987.8965,2911.3272,2911.3272,
1/18/2025 12:40:00 AM,11MNRGY_G02,N,N,N,2911.3272,2911.3272,2987.8965,2911.3272,2911.3272,
1/18/2025 12:40:00 AM,11MOR_T1L1,N,N,N,2927.8936,2927.8936,3947.1833,2927.8936,2927.8936,
1/18/2025 12:40:00 AM,11NAT_T1L1,N,N,N,2911.3272,2911.3272,3947.1833,2911.3272,2911.3272,
1/18/2025 12:40:00 AM,11NAT_T2L1,N,N,N,2911.3272,2911.3272,3947.1833,2911.3272,2911.3272,
1/18/2025 12:40:00 AM,11NBPC_G01,N,N,N,2967.4205,2967.4205,3032.5122,2967.4205,2967.4205,
1/18/2025 12:40:00 AM,11OPOL_SS,N,N,N,2927.8936,2927.8936,3947.1833,2927.8936,2927.8936,
1/18/2025 12:40:00 AM,11OPO_T1L1,N,N,N,2927.8936,2927.8936,3947.1833,2927.8936,2927.8936,
1/18/2025 12:40:00 AM,11PACERM_G01,N,N,N,2927.8936,2927.8936,3011.8620,2927.8936,2927.8936,
1/18/2025 12:40:00 AM,11PAL_T1L1,N,N,N,2991.2529,2991.2529,3947.1833,2991.2529,2991.2529,
1/18/2025 12:40:00 AM,11PG4_T1L1,N,N,N,2967.4205,2967.4205,3947.1833,2967.4205,2967.4205,
1/18/2025 12:40:00 AM,11PKBUK_G01,N,N,N,2911.3272,2911.3272,2987.8965,2911.3272,2911.3272,
1/18/2025 12:40:00 AM,11PKBUK_U01,N,N,N,2911.3272,2911.3272,2987.8965,2911.3272,2911.3272,
1/18/2025 12:40:00 AM,11PKBUK_U02,N,N,N,2911.3272,2911.3272,2987.8965,2911.3272,2911.3272,
1/18/2025 12:40:00 AM,11PULA4_U01,N,N,N,2967.1299,2967.1299,3020.9036,2967.1299,2967.1299,
1/18/2025 12:40:00 AM,11PULA4_U02,N,N,N,2967.1299,2967.1299,3037.8521,2967.1299,2967.1299,
1/18/2025 12:40:00 AM,11PULA4_U03,N,N,N,2966.8392,2966.8392,3031.65,2966.8392,2966.8392,
1/18/2025 12:40:00 AM,11SME_T1L1,N,N,N,2906.3864,2906.3864,3947.1833,2906.3864,2906.3864,
1/18/2025 12:40:00 AM,11SMH_T1L1,N,N,N,2906.3864,2906.3864,3947.1833,2906.3864,2906.3864,
1/18/2025 12:40:00 AM,11STEAG_U01,N,N,N,2906.0957,2906.0957,2989.0928,2906.0957,2906.0957,
1/18/2025 12:40:00 AM,11STEAG_U02,N,N,N,2906.0957,2906.0957,2988.9463,2906.0957,2906.0957,
1/18/2025 12:40:00 AM,11TAGOL_SS,N,N,N,2906.3864,2906.3864,3947.1833,2906.3864,2906.3864,
1/18/2025 12:40:00 AM,11VILLA_BAT,N,N,N,2906.3864,2906.3864,2983.0369,2906.3864,2906.3864,
1/18/2025 12:40:00 AM,11VILLA_L01,N,N,N,2906.3864,2906.3864,3947.1833,2906.3864,2906.3864,
1/18/2025 12:40:00 AM,11VILLA_SS,N,N,N,2914.2336,2914.2336,3947.1833,2914.2336,2914.2336,
1/18/2025 12:40:00 AM,12ALE_T1L1,N,N,N,3202.8378,3202.8378,3947.1833,3202.8378,3202.8378,
1/18/2025 12:40:00 AM,12ASIGA_G01,N,N,N,3112.1585,3112.1585,3174.4046,3112.1585,3112.1585,
1/18/2025 12:40:00 AM,12BAG_T1L1,N,N,N,3181.0399,3181.0399,3947.1833,3181.0399,3181.0399,
1/18/2025 12:40:00 AM,12BISLIG_SS,N,N,N,3181.0399,3181.0399,3947.1833,3181.0399,3181.0399,
1/18/2025 12:40:00 AM,12BUTUAN_SS,N,N,N,3112.1585,3112.1585,3947.1833,3112.1585,3112.1585,
1/18/2025 12:40:00 AM,12BUT_T2L1,N,N,N,3083.0947,3083.0947,3947.1833,3083.0947,3083.0947,
1/18/2025 12:40:00 AM,12BYG_T1L1,N,N,N,3112.1585,3112.1585,3947.1833,3112.1585,3112.1585,
1/18/2025 12:40:00 AM,12KEGGIN_G01,N,N,N,3083.0947,3083.0947,3155.0738,3083.0947,3083.0947,
1/18/2025 12:40:00 AM,12KEGTAN_G01,N,N,N,3202.8378,3202.8378,3270.1269,3202.8378,3202.8378,
1/18/2025 12:40:00 AM,12LKMAINIT_G01,N,N,N,3112.1585,3112.1585,3182.3702,3112.1585,3112.1585,
1/18/2025 12:40:00 AM,12LMO_T1L1,N,N,N,3112.1585,3112.1585,3947.1833,3112.1585,3112.1585,
1/18/2025 12:40:00 AM,12MAD_T1L1,N,N,N,3167.6705,3167.6705,3947.1833,3167.6705,3167.6705,
1/18/2025 12:40:00 AM,12NACSUR_G01,N,N,N,3167.6705,3167.6705,3237.6962,3167.6705,3167.6705,
1/18/2025 12:40:00 AM,12NASIP_SS,N,N,N,3083.0947,3083.0947,3947.1833,3083.0947,3083.0947,
1/18/2025 12:40:00 AM,12NAS_T1L1,N,N,N,3112.1585,3112.1585,3947.1833,3112.1585,3112.1585,
1/18/2025 12:40:00 AM,12PBA_T1L1,N,N,N,3181.0399,3181.0399,3947.1833,3181.0399,3181.0399,
1/18/2025 12:40:00 AM,12PKSFRA_U01,N,N,N,3202.8378,3202.8378,3270.1269,3202.8378,3202.8378,
1/18/2025 12:40:00 AM,12PKSFRA_U02,N,N,N,3202.8378,3202.8378,3270.1269,3202.8378,3202.8378,
1/18/2025 12:40:00 AM,12PLACER_SS,N,N,N,3167.9612,3167.9612,3947.1833,3167.9612,3167.9612,
1/18/2025 12:40:00 AM,12SFRAN_SS,N,N,N,3203.1284,3203.1284,3947.1833,3203.1284,3203.1284,
1/18/2025 12:40:00 AM,12SLU_T1L1,N,N,N,3083.0947,3083.0947,3947.1833,3083.0947,3083.0947,
1/18/2025 12:40:00 AM,12SNT_T1L1,N,N,N,3112.1585,3112.1585,3947.1833,3112.1585,3112.1585,
1/18/2025 12:40:00 AM,12STCRUZ_L01,N,N,N,3167.6705,3167.6705,3947.1833,3167.6705,3167.6705,
1/18/2025 12:40:00 AM,12SUR_T1L1,N,N,N,3167.6705,3167.6705,3947.1833,3167.6705,3167.6705,
1/18/2025 12:40:00 AM,12TBD_T1L1,N,N,N,2906.3864,2906.3864,3947.1833,2906.3864,2906.3864,
1/18/2025 12:40:00 AM,12TBO_T1L1,N,N,N,3181.0399,3181.0399,3947.1833,3181.0399,3181.0399,
1/18/2025 12:40:00 AM,12TDG_T1L1,N,N,N,3202.8378,3202.8378,3947.1833,3202.8378,3202.8378,
1/18/2025 12:40:00 AM,12THERMA2_SS,N,N,N,3083.0947,3083.0947,3947.1833,3083.0947,3083.0947,
1/18/2025 12:40:00 AM,12TM2_U01,N,N,N,3083.0947,3083.0947,3154.9971,3083.0947,3083.0947,
1/18/2025 12:40:00 AM,12TM2_U02,N,N,N,3083.0947,3083.0947,3154.9971,3083.0947,3083.0947,
1/18/2025 12:40:00 AM,12TRE_T1L1,N,N,N,3181.0399,3181.0399,3947.1833,3181.0399,3181.0399,
1/18/2025 12:40:00 AM,13ASU_T1L1,N,N,N,3112.7398,3112.7398,3947.1833,3112.7398,3112.7398,
1/18/2025 12:40:00 AM,13BAJ_T1L1,N,N,N,3014.7946,3014.7946,3947.1833,3014.7946,3014.7946,
1/18/2025 12:40:00 AM,13BNS_T1L1,N,N,N,3052.5776,3052.5776,3947.1833,3052.5776,3052.5776,
1/18/2025 12:40:00 AM,13BNY_T1L1,N,N,N,3095.8828,3095.8828,3947.1833,3095.8828,3095.8828,
1/18/2025 12:40:00 AM,13BUNAW_SS,N,N,N,2985.7307,2985.7307,3947.1833,2985.7307,2985.7307,
1/18/2025 12:40:00 AM,13CULAMAN_SS,N,N,N,2808.4412,2808.4412,3947.1833,2808.4412,2808.4412,
1/18/2025 12:40:00 AM,13DAVAO_SS,N,N,N,3014.7946,3014.7946,3947.1833,3014.7946,3014.7946,
1/18/2025 12:40:00 AM,13DAV_T1L1,N,N,N,2986.6026,2986.6026,3947.1833,2986.6026,2986.6026,
1/18/2025 12:40:00 AM,13DCPP_U01,N,N,N,2986.3120,2986.3120,3061.6375,2986.3120,2986.3120,
1/18/2025 12:40:00 AM,13DCPP_U02,N,N,N,2986.3120,2986.3120,3061.1217,2986.3120,2986.3120,
1/18/2025 12:40:00 AM,13DIGSOL_G01,N,N,N,3052.5776,3052.5776,3075.8383,3052.5776,3052.5776,
1/18/2025 12:40:00 AM,13DIG_T1L1,N,N,N,3014.7946,3014.7946,3947.1833,3014.7946,3014.7946,
1/18/2025 12:40:00 AM,13DIG_T2L1,N,N,N,3052.5776,3052.5776,3947.1833,3052.5776,3052.5776,
1/18/2025 12:40:00 AM,13DIG_T3L1,N,N,N,2986.6026,2986.6026,3947.1833,2986.6026,2986.6026,
1/18/2025 12:40:00 AM,13DLP_T1L1,N,N,N,3014.7946,3014.7946,3947.1833,3014.7946,3014.7946,
1/18/2025 12:40:00 AM,13DLP_T1L2,N,N,N,3014.7946,3014.7946,3947.1833,3014.7946,3014.7946,
1/18/2025 12:40:00 AM,13DLP_T1L3,N,N,N,3014.7946,3014.7946,3947.1833,3014.7946,3014.7946,
1/18/2025 12:40:00 AM,13DLP_T2L1,N,N,N,2997.3563,2997.3563,3947.1833,2997.3563,2997.3563,
1/18/2025 12:40:00 AM,13DRA_T1L1,N,N,N,2997.0656,2997.0656,3947.1833,2997.0656,2997.0656,
1/18/2025 12:40:00 AM,13DRA_T1L2,N,N,N,2997.0656,2997.0656,3947.1833,2997.0656,2997.0656,
1/18/2025 12:40:00 AM,13DSP_T1L1,N,N,N,3052.5776,3052.5776,3947.1833,3052.5776,3052.5776,
1/18/2025 12:40:00 AM,13DSR_T1L1,N,N,N,2809.0224,2809.0224,3947.1833,2809.0224,2809.0224,
1/18/2025 12:40:00 AM,13EUROH_G01,N,N,N,3112.7398,3112.7398,3177.4406,3112.7398,3112.7398,
1/18/2025 12:40:00 AM,13MACO_BAT,N,N,N,3095.8828,3095.8828,3239.7739,3095.8828,3095.8828,
1/18/2025 12:40:00 AM,13MACO_SS,N,N,N,3095.8828,3095.8828,3947.1833,3095.8828,3095.8828,
1/18/2025 12:40:00 AM,13MAGDBNK_G01,N,N,N,3095.8828,3095.8828,3159.8712,3095.8828,3095.8828,
1/18/2025 12:40:00 AM,13MAGDBNK_U01,N,N,N,3095.8828,3095.8828,3159.8712,3095.8828,3095.8828,
1/18/2025 12:40:00 AM,13MAGDBNK_U02,N,N,N,3095.8828,3095.8828,3159.8712,3095.8828,3095.8828,
1/18/2025 12:40:00 AM,13MAGDBNK_U03,N,N,N,3095.8828,3095.8828,3159.8712,3095.8828,3095.8828,
1/18/2025 12:40:00 AM,13MALITA_BAT,N,N,N,2809.0224,2809.0224,2955.5220,2809.0224,2809.0224,
1/18/2025 12:40:00 AM,13MATAN_SS,N,N,N,2846.5148,2846.5148,3947.1833,2846.5148,2846.5148,
1/18/2025 12:40:00 AM,13MATIBNK_G01,N,N,N,3095.8828,3095.8828,3159.8712,3095.8828,3095.8828,
1/18/2025 12:40:00 AM,13MON_T1L1,N,N,N,3112.7398,3112.7398,3947.1833,3112.7398,3112.7398,
1/18/2025 12:40:00 AM,13MPCDIG_G01,N,N,N,3052.5776,3052.5776,3075.8383,3052.5776,3052.5776,
1/18/2025 12:40:00 AM,13MSR_T1L1,N,N,N,3112.7398,3112.7398,3947.1833,3112.7398,3112.7398,
1/18/2025 12:40:00 AM,13NABUN_SS,N,N,N,3112.7398,3112.7398,3947.1833,3112.7398,3112.7398,
1/18/2025 12:40:00 AM,13PMA_T1L1,N,N,N,3052.5776,3052.5776,3947.1833,3052.5776,3052.5776,
1/18/2025 12:40:00 AM,13SIBULAN_G01,N,N,N,3014.7946,3014.7946,3069.3007,3014.7946,3014.7946,
1/18/2025 12:40:00 AM,13SMC_U01,N,N,N,2802.6284,2802.6284,2912.3141,2802.6284,2802.6284,
1/18/2025 12:40:00 AM,13SMC_U02,N,N,N,2802.6284,2802.6284,2867.5786,2802.6284,2802.6284,
1/18/2025 12:40:00 AM,13TALOM1_G01,N,N,N,3014.7946,3014.7946,3075.9586,3014.7946,3014.7946,
1/18/2025 12:40:00 AM,13TALOM23_G01,N,N,N,3014.7946,3014.7946,3067.2655,3014.7946,3014.7946,
1/18/2025 12:40:00 AM,13TGM_T1L1,N,N,N,3095.8828,3095.8828,3947.1833,3095.8828,3095.8828,
1/18/2025 12:40:00 AM,13THERMA1_SS,N,N,N,3095.8828,3095.8828,3947.1833,3095.8828,3095.8828,
1/18/2025 12:40:00 AM,13TM1_U01,N,N,N,3095.8828,3095.8828,3159.8712,3095.8828,3095.8828,
1/18/2025 12:40:00 AM,13TM1_U02,N,N,N,3095.8828,3095.8828,3159.8712,3095.8828,3095.8828,
1/18/2025 12:40:00 AM,13TORIL_SS,N,N,N,2983.9869,2983.9869,3947.1833,2983.9869,2983.9869,
1/18/2025 12:40:00 AM,13TUDAY2_G01,N,N,N,3014.7946,3014.7946,3074.4398,3014.7946,3014.7946,
1/18/2025 12:40:00 AM,14ALMADA_G01,N,N,N,3132.2126,3132.2126,3200.6089,3132.2126,3132.2126,
1/18/2025 12:40:00 AM,14ASTROSOL_G01,N,N,N,3150.2322,3150.2322,3147.7613,3150.2322,3150.2322,
1/18/2025 12:40:00 AM,14BGN_T1L1,N,N,N,3039.7895,3039.7895,3947.1833,3039.7895,3039.7895,
1/18/2025 12:40:00 AM,14BGN_T2L1,N,N,N,3195.5718,3195.5718,3947.1833,3195.5718,3195.5718,
1/18/2025 12:40:00 AM,14BIOGS_G01,N,N,N,3195.5718,3195.5718,3196.6768,3195.5718,3195.5718,
1/18/2025 12:40:00 AM,14BIOMS_U01,N,N,N,3195.5718,3195.5718,3196.6768,3195.5718,3195.5718,
1/18/2025 12:40:00 AM,14COTSUGR_G01,N,N,N,3039.7895,3039.7895,3042.6210,3039.7895,3039.7895,
1/18/2025 12:40:00 AM,14DSA_T1L1,N,N,N,3132.2126,3132.2126,3947.1833,3132.2126,3132.2126,
1/18/2025 12:40:00 AM,14DSA_T2L1,N,N,N,3195.5718,3195.5718,3947.1833,3195.5718,3195.5718,
1/18/2025 12:40:00 AM,14GENSAN_SS,N,N,N,3151.6854,3151.6854,3947.1833,3151.6854,3151.6854,
1/18/2025 12:40:00 AM,14GERBIO_G01,N,N,N,3195.5718,3195.5718,3196.6768,3195.5718,3195.5718,
1/18/2025 12:40:00 AM,14GLA_T1L1,N,N,N,3150.2322,3150.2322,3947.1833,3150.2322,3150.2322,
1/18/2025 12:40:00 AM,14KAMANGA_SS,N,N,N,3101.1143,3101.1143,3947.1833,3101.1143,3101.1143,
1/18/2025 12:40:00 AM,14KAM_L03,N,N,N,3150.2322,3150.2322,3947.1833,3150.2322,3150.2322,
1/18/2025 12:40:00 AM,14KIDAP_SS,N,N,N,3039.7895,3039.7895,3947.1833,3039.7895,3039.7895,
1/18/2025 12:40:00 AM,14KLN_T1L1,N,N,N,3195.5718,3195.5718,3947.1833,3195.5718,3195.5718,
1/18/2025 12:40:00 AM,14LAMSAN_G01,N,N,N,3132.2126,3132.2126,3193.3087,3132.2126,3132.2126,
1/18/2025 12:40:00 AM,14LLE_T1L1,N,N,N,3150.2322,3150.2322,3947.1833,3150.2322,3150.2322,
1/18/2025 12:40:00 AM,14MARBEL_U01,N,N,N,3195.5718,3195.5718,3196.6768,3195.5718,3195.5718,
1/18/2025 12:40:00 AM,14MID_T1L1,N,N,N,3132.2126,3132.2126,3947.1833,3132.2126,3132.2126,
1/18/2025 12:40:00 AM,14MTAPO_U01,N,N,N,3039.4989,3039.4989,3040.7627,3039.4989,3039.4989,
1/18/2025 12:40:00 AM,14MTAPO_U02,N,N,N,2906.3864,2906.3864,3036.3030,2906.3864,2906.3864,
1/18/2025 12:40:00 AM,14MTAPO_U03,N,N,N,3039.7895,3039.7895,3020.1577,3039.7895,3039.7895,
1/18/2025 12:40:00 AM,14NVSOL_G01,N,N,N,3195.5718,3195.5718,3196.6768,3195.5718,3195.5718,
1/18/2025 12:40:00 AM,14PKPSOC_G01,N,N,N,3150.2322,3150.2322,3147.7613,3150.2322,3150.2322,
1/18/2025 12:40:00 AM,14PTU_T1L1,N,N,N,3150.2322,3150.2322,3947.1833,3150.2322,3150.2322,
1/18/2025 12:40:00 AM,14SARANG_U01,N,N,N,3150.2322,3150.2322,3149.5153,3150.2322,3150.2322,
1/18/2025 12:40:00 AM,14SARANG_U02,N,N,N,3101.1143,3101.1143,3106.6792,3101.1143,3101.1143,
1/18/2025 12:40:00 AM,14SIGHYDRO_G01,N,N,N,3150.2322,3150.2322,3147.1723,3150.2322,3150.2322,
1/18/2025 12:40:00 AM,14SKU_T1L1,N,N,N,3132.2126,3132.2126,3947.1833,3132.2126,3132.2126,
1/18/2025 12:40:00 AM,14SMY_T1L1,N,N,N,3132.2126,3132.2126,3947.1833,3132.2126,3132.2126,
1/18/2025 12:40:00 AM,14SPGI_U01,N,N,N,3195.5718,3195.5718,3196.0874,3195.5718,3195.5718,
1/18/2025 12:40:00 AM,14SRL_T1L1,N,N,N,3195.5718,3195.5718,3947.1833,3195.5718,3195.5718,
1/18/2025 12:40:00 AM,14SULTAN_SS,N,N,N,3134.2471,3134.2471,3947.1833,3134.2471,3134.2471,
1/18/2025 12:40:00 AM,14SUPKOR_G01,N,N,N,3195.5718,3195.5718,3196.6768,3195.5718,3195.5718,
1/18/2025 12:40:00 AM,14TACSUR_L02,N,N,N,3195.5718,3195.5718,3947.1833,3195.5718,3195.5718,
1/18/2025 12:40:00 AM,14TACUR_SS,N,N,N,3195.5718,3195.5718,3947.1833,3195.5718,3195.5718,
1/18/2025 12:40:00 AM,14TIN_T1L1,N,N,N,3150.2322,3150.2322,3947.1833,3150.2322,3150.2322,
1/18/2025 12:40:00 AM,14TIN_T1L2,N,N,N,3150.2322,3150.2322,3947.1833,3150.2322,3150.2322,
EOF
