TIME_INTERVAL,RESOURCE_NAME,AP_FLAG,SEC_FLAG,PSM_FLAG,DIPC_PRICE,RTD_PRICE,ADMIN_PRICE,SEC_PRICE,PSM_PRICE,
8/28/2024 8:40:00 PM,01ACNPC_G01,N,N,N,3644.4911,3644.4911,13006.8962,3644.4911,3644.4911,
8/28/2024 8:40:00 PM,01AEC_L01,N,N,N,3647.4184,3647.4184,12902.4504,3647.4184,3647.4184,
8/28/2024 8:40:00 PM,01AMBUK_SS,N,N,N,3633.1478,3633.1478,12902.4504,3633.1478,3633.1478,
8/28/2024 8:40:00 PM,01AMBUK_T1L1,N,N,N,3633.1478,3633.1478,12902.4504,3633.1478,3633.1478,
8/28/2024 8:40:00 PM,01AMBUK_U01,N,N,N,3632.4160,3632.4160,13779.6339,3632.4160,3632.4160,
8/28/2024 8:40:00 PM,01AMBUK_U02,N,N,N,3632.4160,3632.4160,17645.4455,3632.4160,3632.4160,
8/28/2024 8:40:00 PM,01AMBUK_U03,N,N,N,3628.7569,3628.7569,14637.9792,3628.7569,3628.7569,
8/28/2024 8:40:00 PM,01AMPHAW_G01,N,N,N,3640.8320,3640.8320,13271.1468,3640.8320,3640.8320,
8/28/2024 8:40:00 PM,01ANDA_G01,N,N,N,3647.4184,3647.4184,13411.7006,3647.4184,3647.4184,
8/28/2024 8:40:00 PM,01ANGAT_A,N,N,N,3619.9750,3619.9750,13226.9789,3619.9750,3619.9750,
8/28/2024 8:40:00 PM,01ANGAT_M,N,N,N,3623.6341,3623.6341,15606.7437,3623.6341,3623.6341,
8/28/2024 8:40:00 PM,01ANGAT_SS,N,N,N,3625.4637,3625.4637,12902.4504,3625.4637,3625.4637,
8/28/2024 8:40:00 PM,01ANGAT_T5L1,N,N,N,3659.1276,3659.1276,12902.4504,3659.1276,3659.1276,
8/28/2024 8:40:00 PM,01APEC_G01,N,N,N,3647.4184,3647.4184,14049.7958,3647.4184,3647.4184,
8/28/2024 8:40:00 PM,01ARAYSOL_G01,N,N,N,3647.4184,3647.4184,13413.0181,3647.4184,3647.4184,
8/28/2024 8:40:00 PM,01ARAYSOL_G02,N,N,N,3647.4184,3647.4184,13413.0181,3647.4184,3647.4184,
8/28/2024 8:40:00 PM,01ARMSOL_G01,N,N,N,3644.4911,3644.4911,13411.9469,3644.4911,3644.4911,
8/28/2024 8:40:00 PM,01BAKSIP_G01,N,N,N,3640.8320,3640.8320,13162.6657,3640.8320,3640.8320,
8/28/2024 8:40:00 PM,01BAKUN_G01,N,N,N,3645.5889,3645.5889,13394.7129,3645.5889,3645.5889,
8/28/2024 8:40:00 PM,01BAKUN_SS,N,N,N,3645.9548,3645.9548,12902.4504,3645.9548,3645.9548,
8/28/2024 8:40:00 PM,01BALNEO_L01,N,N,N,3582.6519,3582.6519,12902.4504,3582.6519,3582.6519,
8/28/2024 8:40:00 PM,01BALNEO_L02,N,N,N,3582.6519,3582.6519,12902.4504,3582.6519,3582.6519,
8/28/2024 8:40:00 PM,01BALNEO_SS,N,N,N,3571.6745,3571.6745,12902.4504,3571.6745,3571.6745,
8/28/2024 8:40:00 PM,01BALSIK_SS,N,N,N,3527.3990,3527.3990,12902.4504,3527.3990,3527.3990,
8/28/2024 8:40:00 PM,01BALWIND_G01,N,N,N,3736.3352,3736.3352,7067.2431,3736.3352,3736.3352,
8/28/2024 8:40:00 PM,01BANTAY_SS,N,N,N,3781.3425,3781.3425,12902.4504,3781.3425,3781.3425,
8/28/2024 8:40:00 PM,01BATAAN_SS,N,N,N,3446.8982,3446.8982,12902.4504,3446.8982,3446.8982,
8/28/2024 8:40:00 PM,01BAUANG_GS1,N,N,N,3631.6842,3631.6842,12755.3969,3631.6842,3631.6842,
8/28/2024 8:40:00 PM,01BAUANG_GS2,N,N,N,3631.6842,3631.6842,24241.7556,3631.6842,3631.6842,
8/28/2024 8:40:00 PM,01BAUANG_GS3,N,N,N,3631.6842,3631.6842,24241.7556,3631.6842,3631.6842,
8/28/2024 8:40:00 PM,01BAUANG_SS,N,N,N,3640.1002,3640.1002,12902.4504,3640.1002,3640.1002,
8/28/2024 8:40:00 PM,01BAUAN_T1L1,N,N,N,3642.6616,3642.6616,12902.4504,3642.6616,3642.6616,
8/28/2024 8:40:00 PM,01BAUAN_T1L2,N,N,N,3642.6616,3642.6616,12902.4504,3642.6616,3642.6616,
8/28/2024 8:40:00 PM,01BAUAN_T1L3,N,N,N,3643.0275,3643.0275,12902.4504,3643.0275,3643.0275,
8/28/2024 8:40:00 PM,01BAUAN_T2L1,N,N,N,3642.6616,3642.6616,12902.4504,3642.6616,3642.6616,
8/28/2024 8:40:00 PM,01BAUAN_T2L2,N,N,N,3641.1979,3641.1979,12902.4504,3641.1979,3641.1979,
8/28/2024 8:40:00 PM,01BCNOT_SS,N,N,N,3665.7141,3665.7141,12902.4504,3665.7141,3665.7141,
8/28/2024 8:40:00 PM,01BCNOT_T1L1,N,N,N,3666.4459,3666.4459,12902.4504,3666.4459,3666.4459,
8/28/2024 8:40:00 PM,01BCNOT_T1L2,N,N,N,3666.4459,3666.4459,12902.4504,3666.4459,3666.4459,
8/28/2024 8:40:00 PM,01BINENG_G01,N,N,N,3640.8320,3640.8320,13724.9072,3640.8320,3640.8320,
8/28/2024 8:40:00 PM,01BINGA_SS,N,N,N,3625.8296,3625.8296,12902.4504,3625.8296,3625.8296,
8/28/2024 8:40:00 PM,01BINGA_T1L1,N,N,N,3626.5614,3626.5614,12902.4504,3626.5614,3626.5614,
8/28/2024 8:40:00 PM,01BINGA_U01,N,N,N,3625.8296,3625.8296,16055.6827,3625.8296,3625.8296,
8/28/2024 8:40:00 PM,01BINGA_U02,N,N,N,3625.8296,3625.8296,15749.7274,3625.8296,3625.8296,
8/28/2024 8:40:00 PM,01BINGA_U03,N,N,N,3625.8296,3625.8296,13964.0617,3625.8296,3625.8296,
8/28/2024 8:40:00 PM,01BINGA_U04,N,N,N,3624,3624,17356.2542,3624,3624,
8/28/2024 8:40:00 PM,01BNTAY_T1L1,N,N,N,3780.9766,3780.9766,12902.4504,3780.9766,3780.9766,
8/28/2024 8:40:00 PM,01BNTAY_T1L2,N,N,N,3780.9766,3780.9766,12902.4504,3780.9766,3780.9766,
8/28/2024 8:40:00 PM,01BNTAY_T1L3,N,N,N,3780.9766,3780.9766,12902.4504,3780.9766,3780.9766,
8/28/2024 8:40:00 PM,01BOSUNG_G01,N,N,N,3750.6058,3750.6058,13453.5755,3750.6058,3750.6058,
8/28/2024 8:40:00 PM,01BOTOLAN_SS,N,N,N,3557.7698,3557.7698,12902.4504,3557.7698,3557.7698,
8/28/2024 8:40:00 PM,01BOTOL_T1L1,N,N,N,3565.4540,3565.4540,12902.4504,3565.4540,3565.4540,
8/28/2024 8:40:00 PM,01BOTOL_T1L2,N,N,N,3565.4540,3565.4540,12902.4504,3565.4540,3565.4540,
8/28/2024 8:40:00 PM,01BPC_T1L1,N,N,N,3447.2641,3447.2641,12902.4504,3447.2641,3447.2641,
8/28/2024 8:40:00 PM,01BPC_T2L2,N,N,N,3447.2641,3447.2641,12902.4504,3447.2641,3447.2641,
8/28/2024 8:40:00 PM,01BPPC_SS,N,N,N,3631.6842,3631.6842,12902.4504,3631.6842,3631.6842,
8/28/2024 8:40:00 PM,01BT2020_G01,N,N,N,3524.8376,3524.8376,9140.6673,3524.8376,3524.8376,
8/28/2024 8:40:00 PM,01BT2020_G02,N,N,N,3524.8376,3524.8376,12939.6373,3524.8376,3524.8376,
8/28/2024 8:40:00 PM,01BTNSOL_G01,N,N,N,3448.7278,3448.7278,12609.5181,3448.7278,3448.7278,
8/28/2024 8:40:00 PM,01BTPP_T3L1,N,N,N,3448.7278,3448.7278,12902.4504,3448.7278,3448.7278,
8/28/2024 8:40:00 PM,01BTPP_T3L2,N,N,N,3448.7278,3448.7278,12902.4504,3448.7278,3448.7278,
8/28/2024 8:40:00 PM,01BTPP_T3L3,N,N,N,3448.7278,3448.7278,12902.4504,3448.7278,3448.7278,
8/28/2024 8:40:00 PM,01BTPP_T3L4,N,N,N,3448.7278,3448.7278,12902.4504,3448.7278,3448.7278,
8/28/2024 8:40:00 PM,01BTPP_T3L5,N,N,N,3448.7278,3448.7278,12902.4504,3448.7278,3448.7278,
8/28/2024 8:40:00 PM,01BTPP_T4L1,N,N,N,3659.1276,3659.1276,12902.4504,3659.1276,3659.1276,
8/28/2024 8:40:00 PM,01BTSOLEN_BAT,N,N,N,3448.7278,3448.7278,12609.5181,3448.7278,3448.7278,
8/28/2024 8:40:00 PM,01BTSOLEN_G01,N,N,N,3448.7278,3448.7278,12609.5181,3448.7278,3448.7278,
8/28/2024 8:40:00 PM,01BULSOL_G01,N,N,N,3672.6664,3672.6664,13506.5365,3672.6664,3672.6664,
8/28/2024 8:40:00 PM,01BURGOS_G01,N,N,N,3734.1397,3734.1397,8629.1730,3734.1397,3734.1397,
8/28/2024 8:40:00 PM,01BURGOS_G02,N,N,N,3750.6058,3750.6058,13453.5755,3750.6058,3750.6058,
8/28/2024 8:40:00 PM,01BURGOS_G03,N,N,N,3750.6058,3750.6058,13453.5755,3750.6058,3750.6058,
8/28/2024 8:40:00 PM,01BURGOS_SS,N,N,N,3734.1397,3734.1397,12902.4504,3734.1397,3734.1397,
8/28/2024 8:40:00 PM,01BUTAO_G01,N,N,N,3593.9952,3593.9952,9390.1188,3593.9952,3593.9952,
8/28/2024 8:40:00 PM,01BYOMB_DID,N,N,N,3685.4733,3685.4733,12902.4504,3685.4733,3685.4733,
8/28/2024 8:40:00 PM,01BYOMB_SS,N,N,N,3684.0097,3684.0097,12902.4504,3684.0097,3684.0097,
8/28/2024 8:40:00 PM,01BYOMB_T1L1,N,N,N,3688.0347,3688.0347,12902.4504,3688.0347,3688.0347,
8/28/2024 8:40:00 PM,01BYOMB_T1L2,N,N,N,3685.4733,3685.4733,12902.4504,3685.4733,3685.4733,
8/28/2024 8:40:00 PM,01BYOMB_T1L3,N,N,N,3688.0347,3688.0347,12902.4504,3688.0347,3688.0347,
8/28/2024 8:40:00 PM,01CABSOL_G01,N,N,N,3708.1599,3708.1599,13640.5719,3708.1599,3708.1599,
8/28/2024 8:40:00 PM,01CAGBIO_G01,N,N,N,3786.0994,3786.0994,13690.7677,3786.0994,3786.0994,
8/28/2024 8:40:00 PM,01CAGYSOL_G01,N,N,N,3844.2795,3844.2795,14024.3175,3844.2795,3844.2795,
8/28/2024 8:40:00 PM,01CALIBUNK_G01,N,N,N,3647.4184,3647.4184,13413.0181,3647.4184,3647.4184,
8/28/2024 8:40:00 PM,01CAPRIS_G01,N,N,N,3735.6034,3735.6034,7840.6294,3735.6034,3735.6034,
8/28/2024 8:40:00 PM,01CAPRIS_G02,N,N,N,3735.6034,3735.6034,7058.7509,3735.6034,3735.6034,
8/28/2024 8:40:00 PM,01CASECN_G01,N,N,N,3489.3441,3489.3441,14752.3409,3489.3441,3489.3441,
8/28/2024 8:40:00 PM,01CASECN_SS,N,N,N,3489.3441,3489.3441,12902.4504,3489.3441,3489.3441,
8/28/2024 8:40:00 PM,01CAYBSOL_G01,N,N,N,3520.0808,3520.0808,12864.6523,3520.0808,3520.0808,
8/28/2024 8:40:00 PM,01CBNTU_SS,N,N,N,3709.2577,3709.2577,12902.4504,3709.2577,3709.2577,
8/28/2024 8:40:00 PM,01CBNTU_T1L1,N,N,N,3708.8918,3708.8918,12902.4504,3708.8918,3708.8918,
8/28/2024 8:40:00 PM,01CBNTU_T1L3,N,N,N,3708.8918,3708.8918,12902.4504,3708.8918,3708.8918,
8/28/2024 8:40:00 PM,01CBNTU_T2L1,N,N,N,3708.8918,3708.8918,12902.4504,3708.8918,3708.8918,
8/28/2024 8:40:00 PM,01CBNTU_T2L2,N,N,N,3708.1599,3708.1599,12902.4504,3708.1599,3708.1599,
8/28/2024 8:40:00 PM,01CBN_CELCOR,N,N,N,3708.1599,3708.1599,12902.4504,3708.1599,3708.1599,
8/28/2024 8:40:00 PM,01CIP2_G01,N,N,N,3666.4459,3666.4459,24506.1748,3666.4459,3666.4459,
8/28/2024 8:40:00 PM,01CLARK_L01,N,N,N,3659.1276,3659.1276,12902.4504,3659.1276,3659.1276,
8/28/2024 8:40:00 PM,01CLARK_L02,N,N,N,3659.1276,3659.1276,12902.4504,3659.1276,3659.1276,
8/28/2024 8:40:00 PM,01CLARK_L03,N,N,N,3644.4911,3644.4911,12902.4504,3644.4911,3644.4911,
8/28/2024 8:40:00 PM,01CLARK_L04,N,N,N,3645.5889,3645.5889,12902.4504,3645.5889,3645.5889,
8/28/2024 8:40:00 PM,01CLARK_SS,N,N,N,3644.4911,3644.4911,12902.4504,3644.4911,3644.4911,
8/28/2024 8:40:00 PM,01CLARK_T1L1,N,N,N,3644.4911,3644.4911,12902.4504,3644.4911,3644.4911,
8/28/2024 8:40:00 PM,01CLARK_T1L2,N,N,N,3659.1276,3659.1276,12902.4504,3659.1276,3659.1276,
8/28/2024 8:40:00 PM,01CLARK_T2L1,N,N,N,3646.3207,3646.3207,12902.4504,3646.3207,3646.3207,
8/28/2024 8:40:00 PM,01CLASOL_G01,N,N,N,3644.4911,3644.4911,13395.4682,3644.4911,3644.4911,
8/28/2024 8:40:00 PM,01CLEANG_G01,N,N,N,3524.8376,3524.8376,12939.6373,3524.8376,3524.8376,
8/28/2024 8:40:00 PM,01CNCEP_BAT,N,N,N,3644.1252,3644.1252,13411.2462,3644.1252,3644.1252,
8/28/2024 8:40:00 PM,01CNCEP_CAT,N,N,N,3644.1252,3644.1252,12902.4504,3644.1252,3644.1252,
8/28/2024 8:40:00 PM,01CNCEP_DAP2,N,N,N,3644.1252,3644.1252,12902.4504,3644.1252,3644.1252,
8/28/2024 8:40:00 PM,01CNCEP_SS,N,N,N,3638.2706,3638.2706,12902.4504,3638.2706,3638.2706,
8/28/2024 8:40:00 PM,01CNCEP_T1L3,N,N,N,3638.2706,3638.2706,12902.4504,3638.2706,3638.2706,
8/28/2024 8:40:00 PM,01CNCEP_TEI,N,N,N,3644.4911,3644.4911,12902.4504,3644.4911,3644.4911,
8/28/2024 8:40:00 PM,01CN_TRELC1,N,N,N,3644.4911,3644.4911,12902.4504,3644.4911,3644.4911,
8/28/2024 8:40:00 PM,01CN_TRELC2,N,N,N,3644.1252,3644.1252,12902.4504,3644.1252,3644.1252,
8/28/2024 8:40:00 PM,01CONSOL_G01,N,N,N,3644.1252,3644.1252,13411.2462,3644.1252,3644.1252,
8/28/2024 8:40:00 PM,01CRUZD_MECO,N,N,N,3672.6664,3672.6664,12902.4504,3672.6664,3672.6664,
8/28/2024 8:40:00 PM,01CRUZD_SS,N,N,N,3669.7391,3669.7391,12902.4504,3669.7391,3669.7391,
8/28/2024 8:40:00 PM,01CRUZD_T2L1,N,N,N,3672.6664,3672.6664,12902.4504,3672.6664,3672.6664,
8/28/2024 8:40:00 PM,01CURIM_SS,N,N,N,3773.6583,3773.6583,12902.4504,3773.6583,3773.6583,
8/28/2024 8:40:00 PM,01CURIM_T1L1,N,N,N,3775.1220,3775.1220,12902.4504,3775.1220,3775.1220,
8/28/2024 8:40:00 PM,01CURIM_T1L2,N,N,N,3775.1220,3775.1220,12902.4504,3775.1220,3775.1220,
8/28/2024 8:40:00 PM,01CURSOL_G02,N,N,N,3775.1220,3775.1220,13547.6825,3775.1220,3775.1220,
8/28/2024 8:40:00 PM,01DALSOL_G01,N,N,N,3644.4911,3644.4911,13411.9469,3644.4911,3644.4911,
8/28/2024 8:40:00 PM,01DUHAT_SS,N,N,N,3674.4960,3674.4960,12902.4504,3674.4960,3674.4960,
8/28/2024 8:40:00 PM,01DUHAT_T1L1,N,N,N,3684.7415,3684.7415,12902.4504,3684.7415,3684.7415,
8/28/2024 8:40:00 PM,01EHVSJ_SS,N,N,N,3603.8748,3603.8748,12902.4504,3603.8748,3603.8748,
8/28/2024 8:40:00 PM,01EHVSM_SS,N,N,N,3561.4289,3561.4289,12902.4504,3561.4289,3561.4289,
8/28/2024 8:40:00 PM,01GAMU_BAT,N,N,N,3792.6858,3792.6858,13835.9247,3792.6858,3792.6858,
8/28/2024 8:40:00 PM,01GAMU_BATL,N,N,N,3792.6858,3792.6858,12902.4504,3792.6858,3792.6858,
8/28/2024 8:40:00 PM,01GAMU_SS,N,N,N,3786.0994,3786.0994,12902.4504,3786.0994,3786.0994,
8/28/2024 8:40:00 PM,01GAMU_T1L1,N,N,N,3792.6858,3792.6858,12902.4504,3792.6858,3792.6858,
8/28/2024 8:40:00 PM,01GAMU_T1L2,N,N,N,3786.0994,3786.0994,12902.4504,3786.0994,3786.0994,
8/28/2024 8:40:00 PM,01GFII_G01,N,N,N,3792.6858,3792.6858,13835.9247,3792.6858,3792.6858,
8/28/2024 8:40:00 PM,01GIFT_G01,N,N,N,3708.8918,3708.8918,13623.1280,3708.8918,3708.8918,
8/28/2024 8:40:00 PM,01GIFT_G02,N,N,N,3708.8918,3708.8918,16260.2178,3708.8918,3708.8918,
8/28/2024 8:40:00 PM,01GIGSOL_G01,N,N,N,3565.4540,3565.4540,13056.7461,3565.4540,3565.4540,
8/28/2024 8:40:00 PM,01GNPD_SS,N,N,N,3495.1987,3495.1987,12902.4504,3495.1987,3495.1987,
8/28/2024 8:40:00 PM,01GNPD_U01,N,N,N,3464.0961,3464.0961,12848.74,3464.0961,3464.0961,
8/28/2024 8:40:00 PM,01GNPD_U02,N,N,N,3467.0234,3467.0234,9558.6694,3467.0234,3467.0234,
8/28/2024 8:40:00 PM,01GRGOLD_G01,N,N,N,3708.8918,3708.8918,14505.1044,3708.8918,3708.8918,
8/28/2024 8:40:00 PM,01HANJI_SS,N,N,N,3543.1333,3543.1333,12902.4504,3543.1333,3543.1333,
8/28/2024 8:40:00 PM,01HANJI_T1L1,N,N,N,3543.4992,3543.4992,12902.4504,3543.4992,3543.4992,
8/28/2024 8:40:00 PM,01HANJI_T2L1,N,N,N,3543.1333,3543.1333,12902.4504,3543.1333,3543.1333,
8/28/2024 8:40:00 PM,01HERMO_FBL,N,N,N,3524.8376,3524.8376,12902.4504,3524.8376,3524.8376,
8/28/2024 8:40:00 PM,01HERMO_SS,N,N,N,3521.5444,3521.5444,12902.4504,3521.5444,3521.5444,
8/28/2024 8:40:00 PM,01HERMO_T1L1,N,N,N,3524.8376,3524.8376,12902.4504,3524.8376,3524.8376,
8/28/2024 8:40:00 PM,01HERMO_T1L2,N,N,N,3524.8376,3524.8376,12902.4504,3524.8376,3524.8376,
8/28/2024 8:40:00 PM,01HERMO_T1L3,N,N,N,3659.1276,3659.1276,12902.4504,3659.1276,3659.1276,
8/28/2024 8:40:00 PM,01HERMO_T1L4,N,N,N,3524.8376,3524.8376,12902.4504,3524.8376,3524.8376,
8/28/2024 8:40:00 PM,01HYPGRN_G01,N,N,N,3684.7415,3684.7415,13603.0596,3684.7415,3684.7415,
8/28/2024 8:40:00 PM,01IBEC_G01,N,N,N,3717.6737,3717.6737,13383.8275,3717.6737,3717.6737,
8/28/2024 8:40:00 PM,01IBULAO_G01,N,N,N,3688.0347,3688.0347,13646.7231,3688.0347,3688.0347,
8/28/2024 8:40:00 PM,01IPOWER_G01,N,N,N,3708.8918,3708.8918,13663.6404,3708.8918,3708.8918,
8/28/2024 8:40:00 PM,01IPOWER_G02,N,N,N,3708.8918,3708.8918,25528.9285,3708.8918,3708.8918,
8/28/2024 8:40:00 PM,01KDAM_SS,N,N,N,3534.3514,3534.3514,12902.4504,3534.3514,3534.3514,
8/28/2024 8:40:00 PM,01LAMAO_BAT,N,N,N,3439.9459,3439.9459,12570.1806,3439.9459,3439.9459,
8/28/2024 8:40:00 PM,01LAMAO_SS,N,N,N,3440.3118,3440.3118,12902.4504,3440.3118,3440.3118,
8/28/2024 8:40:00 PM,01LAOAG_SS,N,N,N,3746.9467,3746.9467,12902.4504,3746.9467,3746.9467,
8/28/2024 8:40:00 PM,01LAOAG_T1L1,N,N,N,3751.3376,3751.3376,12902.4504,3751.3376,3751.3376,
8/28/2024 8:40:00 PM,01LAOAG_T1L2,N,N,N,3751.3376,3751.3376,12902.4504,3751.3376,3751.3376,
8/28/2024 8:40:00 PM,01LAOAG_T2L2,N,N,N,3750.6058,3750.6058,12902.4504,3750.6058,3750.6058,
8/28/2024 8:40:00 PM,01LAOSOL_G01,N,N,N,3520.0808,3520.0808,12864.6523,3520.0808,3520.0808,
8/28/2024 8:40:00 PM,01LAOSOL_SS,N,N,N,3520.0808,3520.0808,12902.4504,3520.0808,3520.0808,
8/28/2024 8:40:00 PM,01LASUER_U01,N,N,N,3786.0994,3786.0994,18279.5897,3786.0994,3786.0994,
8/28/2024 8:40:00 PM,01LATRI_SS,N,N,N,3636.0751,3636.0751,12902.4504,3636.0751,3636.0751,
8/28/2024 8:40:00 PM,01LATRI_T1L1,N,N,N,3640.8320,3640.8320,12902.4504,3640.8320,3640.8320,
8/28/2024 8:40:00 PM,01LATRI_T2L1,N,N,N,3640.8320,3640.8320,12902.4504,3640.8320,3640.8320,
8/28/2024 8:40:00 PM,01LATRI_T2L2,N,N,N,3640.8320,3640.8320,12902.4504,3640.8320,3640.8320,
8/28/2024 8:40:00 PM,01LATRI_T2L3,N,N,N,3640.8320,3640.8320,12902.4504,3640.8320,3640.8320,
8/28/2024 8:40:00 PM,01LAT_BENECO,N,N,N,3640.8320,3640.8320,12902.4504,3640.8320,3640.8320,
8/28/2024 8:40:00 PM,01LAT_PHILEX,N,N,N,3640.8320,3640.8320,12902.4504,3640.8320,3640.8320,
8/28/2024 8:40:00 PM,01LBRDR_SS,N,N,N,3520.8126,3520.8126,12902.4504,3520.8126,3520.8126,
8/28/2024 8:40:00 PM,01LBR_CNPELC,N,N,N,3659.1276,3659.1276,12902.4504,3659.1276,3659.1276,
8/28/2024 8:40:00 PM,01LBR_DECORP,N,N,N,3523.0081,3523.0081,12902.4504,3523.0081,3523.0081,
8/28/2024 8:40:00 PM,01LBR_PNELC1,N,N,N,3523.3740,3523.3740,12902.4504,3523.3740,3523.3740,
8/28/2024 8:40:00 PM,01LIMAY_BAT,N,N,N,3448.7278,3448.7278,10436.3177,3448.7278,3448.7278,
8/28/2024 8:40:00 PM,01LIMAY_SS,N,N,N,3446.8982,3446.8982,12902.4504,3446.8982,3446.8982,
8/28/2024 8:40:00 PM,01LIMAY_U01,N,N,N,3446.8982,3446.8982,10867.6216,3446.8982,3446.8982,
8/28/2024 8:40:00 PM,01LIMAY_U02,N,N,N,3446.8982,3446.8982,11013.7069,3446.8982,3446.8982,
8/28/2024 8:40:00 PM,01LIMAY_U03,N,N,N,3446.8982,3446.8982,8459.7376,3446.8982,3446.8982,
8/28/2024 8:40:00 PM,01LIMAY_U04,N,N,N,3446.8982,3446.8982,12599.4929,3446.8982,3446.8982,
8/28/2024 8:40:00 PM,01LIMAY_U05,N,N,N,3446.8982,3446.8982,8112.7207,3446.8982,3446.8982,
8/28/2024 8:40:00 PM,01LIMAY_U06,N,N,N,3446.8982,3446.8982,12599.4929,3446.8982,3446.8982,
8/28/2024 8:40:00 PM,01LIMAY_U07,N,N,N,3446.8982,3446.8982,12599.4929,3446.8982,3446.8982,
8/28/2024 8:40:00 PM,01LIMAY_U08,N,N,N,3446.8982,3446.8982,12599.4929,3446.8982,3446.8982,
8/28/2024 8:40:00 PM,01MAEC_G01,N,N,N,3775.1220,3775.1220,13547.6825,3775.1220,3775.1220,
8/28/2024 8:40:00 PM,01MAEC_S01,N,N,N,3775.1220,3775.1220,12902.4504,3775.1220,3775.1220,
8/28/2024 8:40:00 PM,01MAGAPIT_BAT,N,N,N,3844.2795,3844.2795,14024.3175,3844.2795,3844.2795,
8/28/2024 8:40:00 PM,01MAGAT_BAT,N,N,N,3701.9394,3701.9394,13519.1951,3701.9394,3701.9394,
8/28/2024 8:40:00 PM,01MAGAT_SS,N,N,N,3701.9394,3701.9394,12902.4504,3701.9394,3701.9394,
8/28/2024 8:40:00 PM,01MAGAT_U01,N,N,N,3701.9394,3701.9394,13416.8158,3701.9394,3701.9394,
8/28/2024 8:40:00 PM,01MAGAT_U02,N,N,N,3701.9394,3701.9394,14581.8527,3701.9394,3701.9394,
8/28/2024 8:40:00 PM,01MAGAT_U03,N,N,N,3701.9394,3701.9394,13780.0437,3701.9394,3701.9394,
8/28/2024 8:40:00 PM,01MAGAT_U04,N,N,N,3701.9394,3701.9394,14423.6308,3701.9394,3701.9394,
8/28/2024 8:40:00 PM,01MALOL_SS,N,N,N,3615.2181,3615.2181,12902.4504,3615.2181,3615.2181,
8/28/2024 8:40:00 PM,01MALOL_T1L1,N,N,N,3628.3910,3628.3910,12902.4504,3628.3910,3628.3910,
8/28/2024 8:40:00 PM,01MARIS_U01,N,N,N,3717.6737,3717.6737,14069.7685,3717.6737,3717.6737,
8/28/2024 8:40:00 PM,01MARIS_U02,N,N,N,3717.6737,3717.6737,14355.3843,3717.6737,3717.6737,
8/28/2024 8:40:00 PM,01MARSOL_G01,N,N,N,3430.7981,3430.7981,12536.7045,3430.7981,3430.7981,
8/28/2024 8:40:00 PM,01MARVEL_AUX,N,N,N,3428.6026,3428.6026,12902.4504,3428.6026,3428.6026,
8/28/2024 8:40:00 PM,01MARVEL_G01,N,N,N,3427.5048,3427.5048,12531.2576,3427.5048,3427.5048,
8/28/2024 8:40:00 PM,01MARVEL_G02,N,N,N,3427.5048,3427.5048,12502.0411,3427.5048,3427.5048,
8/28/2024 8:40:00 PM,01MARVEL_SS,N,N,N,3428.6026,3428.6026,12902.4504,3428.6026,3428.6026,
8/28/2024 8:40:00 PM,01MASIWA_G01,N,N,N,3708.8918,3708.8918,13640.8439,3708.8918,3708.8918,
8/28/2024 8:40:00 PM,01MASIWA_SS,N,N,N,3708.8918,3708.8918,12902.4504,3708.8918,3708.8918,
8/28/2024 8:40:00 PM,01MATUNO_G01,N,N,N,3685.4733,3685.4733,13412.1732,3685.4733,3685.4733,
8/28/2024 8:40:00 PM,01MEXICO_SS,N,N,N,3642.6616,3642.6616,12902.4504,3642.6616,3642.6616,
8/28/2024 8:40:00 PM,01MEX_AEC,N,N,N,3643.3934,3643.3934,12902.4504,3643.3934,3643.3934,
8/28/2024 8:40:00 PM,01MEX_CISP,N,N,N,3647.4184,3647.4184,12902.4504,3647.4184,3647.4184,
8/28/2024 8:40:00 PM,01MEX_CLARK1,N,N,N,3647.4184,3647.4184,12902.4504,3647.4184,3647.4184,
8/28/2024 8:40:00 PM,01MEX_CLARK2,N,N,N,3647.4184,3647.4184,12902.4504,3647.4184,3647.4184,
8/28/2024 8:40:00 PM,01MEX_CND,N,N,N,3647.4184,3647.4184,12902.4504,3647.4184,3647.4184,
8/28/2024 8:40:00 PM,01MEX_L01,N,N,N,3647.4184,3647.4184,12902.4504,3647.4184,3647.4184,
8/28/2024 8:40:00 PM,01MEX_MIC,N,N,N,3643.3934,3643.3934,12902.4504,3643.3934,3643.3934,
8/28/2024 8:40:00 PM,01MEX_PELCO1,N,N,N,3647.4184,3647.4184,12902.4504,3647.4184,3647.4184,
8/28/2024 8:40:00 PM,01MEX_PIMP,N,N,N,3647.4184,3647.4184,12902.4504,3647.4184,3647.4184,
8/28/2024 8:40:00 PM,01MEX_SFLAPC,N,N,N,3647.4184,3647.4184,12902.4504,3647.4184,3647.4184,
8/28/2024 8:40:00 PM,01MEX_SKK,N,N,N,3643.3934,3643.3934,12902.4504,3643.3934,3643.3934,
8/28/2024 8:40:00 PM,01MPGC_SS,N,N,N,3492.6373,3492.6373,12902.4504,3492.6373,3492.6373,
8/28/2024 8:40:00 PM,01MPGC_U01,N,N,N,3477.2690,3477.2690,12775.7230,3477.2690,3477.2690,
8/28/2024 8:40:00 PM,01MPGC_U02,N,N,N,3477.2690,3477.2690,12786.0803,3477.2690,3477.2690,
8/28/2024 8:40:00 PM,01MPGC_U03,N,N,N,3476.9031,3476.9031,24102.2377,3476.9031,3476.9031,
8/28/2024 8:40:00 PM,01MPGC_U04,N,N,N,3492.6373,3492.6373,12775.6023,3492.6373,3492.6373,
8/28/2024 8:40:00 PM,01MRVEL_T1L1,N,N,N,3430.7981,3430.7981,12902.4504,3430.7981,3430.7981,
8/28/2024 8:40:00 PM,01MSINLO_BAT,N,N,N,3375.1793,3375.1793,12455.2212,3375.1793,3375.1793,
8/28/2024 8:40:00 PM,01MSINLO_G01,N,N,N,3373.3498,3373.3498,12381.5730,3373.3498,3373.3498,
8/28/2024 8:40:00 PM,01MSINLO_G02,N,N,N,3373.3498,3373.3498,8567.2377,3373.3498,3373.3498,
8/28/2024 8:40:00 PM,01MSINLO_G03,N,N,N,3372.9838,3372.9838,12239.5378,3372.9838,3372.9838,
8/28/2024 8:40:00 PM,01MSINLO_SS,N,N,N,3375.1793,3375.1793,12902.4504,3375.1793,3375.1793,
8/28/2024 8:40:00 PM,01NIABAL_G01,N,N,N,3717.6737,3717.6737,13463.5695,3717.6737,3717.6737,
8/28/2024 8:40:00 PM,01NMHC_G01,N,N,N,3640.8320,3640.8320,13740.6048,3640.8320,3640.8320,
8/28/2024 8:40:00 PM,01NMHC_G03,N,N,N,3640.8320,3640.8320,13110.5338,3640.8320,3640.8320,
8/28/2024 8:40:00 PM,01NSNMN_L01,N,N,N,3659.1276,3659.1276,12902.4504,3659.1276,3659.1276,
8/28/2024 8:40:00 PM,01NSNMN_L02,N,N,N,3659.1276,3659.1276,12902.4504,3659.1276,3659.1276,
8/28/2024 8:40:00 PM,01NSNMN_SS,N,N,N,3572.0404,3572.0404,12902.4504,3572.0404,3572.0404,
8/28/2024 8:40:00 PM,01NSNMN_T1L1,N,N,N,3659.1276,3659.1276,12902.4504,3659.1276,3659.1276,
8/28/2024 8:40:00 PM,01NWIND_G01,N,N,N,3750.6058,3750.6058,10867.8869,3750.6058,3750.6058,
8/28/2024 8:40:00 PM,01NWIND_G02,N,N,N,3750.6058,3750.6058,10444.7988,3750.6058,3750.6058,
8/28/2024 8:40:00 PM,01NWIND_L01,N,N,N,3750.6058,3750.6058,12902.4504,3750.6058,3750.6058,
8/28/2024 8:40:00 PM,01OLONG_SS,N,N,N,3536.9128,3536.9128,12902.4504,3536.9128,3536.9128,
8/28/2024 8:40:00 PM,01OLONG_T1L1,N,N,N,3541.6696,3541.6696,12902.4504,3541.6696,3541.6696,
8/28/2024 8:40:00 PM,01OLONG_T2L2,N,N,N,3541.6696,3541.6696,12902.4504,3541.6696,3541.6696,
8/28/2024 8:40:00 PM,01OLONG_T3L3,N,N,N,3541.6696,3541.6696,12902.4504,3541.6696,3541.6696,
8/28/2024 8:40:00 PM,01PAGCAP_L01,N,N,N,3735.6034,3735.6034,12902.4504,3735.6034,3735.6034,
8/28/2024 8:40:00 PM,01PAGUD_SS,N,N,N,3735.6034,3735.6034,12902.4504,3735.6034,3735.6034,
8/28/2024 8:40:00 PM,01PASQSOL_G01,N,N,N,3746.9467,3746.9467,13442.9634,3746.9467,3746.9467,
8/28/2024 8:40:00 PM,01PAVGSOL_G01,N,N,N,3448.7278,3448.7278,12609.5181,3448.7278,3448.7278,
8/28/2024 8:40:00 PM,01PETRON_G01,N,N,N,3446.8982,3446.8982,12599.4929,3446.8982,3446.8982,
8/28/2024 8:40:00 PM,01PETSOL_G01,N,N,N,3644.1252,3644.1252,13411.2462,3644.1252,3644.1252,
8/28/2024 8:40:00 PM,01PETSOL_G02,N,N,N,3644.1252,3644.1252,13411.2462,3644.1252,3644.1252,
8/28/2024 8:40:00 PM,01PNTBNG_SS,N,N,N,3651.4435,3651.4435,12902.4504,3651.4435,3651.4435,
8/28/2024 8:40:00 PM,01PNTBNG_U01,N,N,N,3651.4435,3651.4435,13419.1721,3651.4435,3651.4435,
8/28/2024 8:40:00 PM,01PNTBNG_U02,N,N,N,3651.4435,3651.4435,13419.1721,3651.4435,3651.4435,
8/28/2024 8:40:00 PM,01RASLAG_G01,N,N,N,3647.4184,3647.4184,13413.0181,3647.4184,3647.4184,
8/28/2024 8:40:00 PM,01RASLAG_G02,N,N,N,3647.4184,3647.4184,13413.0181,3647.4184,3647.4184,
8/28/2024 8:40:00 PM,01RASLAG_G03,N,N,N,3647.4184,3647.4184,13413.0181,3647.4184,3647.4184,
8/28/2024 8:40:00 PM,01SABANG_G01,N,N,N,3640.8320,3640.8320,14774.7584,3640.8320,3640.8320,
8/28/2024 8:40:00 PM,01SANMIGSOL_G01,N,N,N,3672.6664,3672.6664,13506.5365,3672.6664,3672.6664,
8/28/2024 8:40:00 PM,01SE_ABRECO,N,N,N,3718.7714,3718.7714,12902.4504,3718.7714,3718.7714,
8/28/2024 8:40:00 PM,01SHIZEN_L01,N,N,N,3565.4540,3565.4540,12902.4504,3565.4540,3565.4540,
8/28/2024 8:40:00 PM,01SLANGN_G01,N,N,N,3640.8320,3640.8320,13202.4987,3640.8320,3640.8320,
8/28/2024 8:40:00 PM,01SMBELL_G01,N,N,N,3688.0347,3688.0347,11266.7391,3688.0347,3688.0347,
8/28/2024 8:40:00 PM,01SMC_G01,N,N,N,3659.1276,3659.1276,13261.4407,3659.1276,3659.1276,
8/28/2024 8:40:00 PM,01SMC_G02,N,N,N,3438.8481,3438.8481,12581.7212,3438.8481,3438.8481,
8/28/2024 8:40:00 PM,01SMC_G03,N,N,N,3438.8481,3438.8481,10881.9194,3438.8481,3438.8481,
8/28/2024 8:40:00 PM,01SMC_G04,N,N,N,3423.4798,3423.4798,12522.7799,3423.4798,3423.4798,
8/28/2024 8:40:00 PM,01SMC_SS,N,N,N,3659.1276,3659.1276,12902.4504,3659.1276,3659.1276,
8/28/2024 8:40:00 PM,01SMC_SS2,N,N,N,3438.8481,3438.8481,12902.4504,3438.8481,3438.8481,
8/28/2024 8:40:00 PM,01SMC_SS3,N,N,N,3438.8481,3438.8481,12902.4504,3438.8481,3438.8481,
8/28/2024 8:40:00 PM,01SMC_SS4,N,N,N,3423.4798,3423.4798,12902.4504,3423.4798,3423.4798,
8/28/2024 8:40:00 PM,01SNEST_SS,N,N,N,3711.0872,3711.0872,12902.4504,3711.0872,3711.0872,
8/28/2024 8:40:00 PM,01SNEST_T3L1,N,N,N,3724.9919,3724.9919,12902.4504,3724.9919,3724.9919,
8/28/2024 8:40:00 PM,01SNEST_T3L2,N,N,N,3724.9919,3724.9919,12902.4504,3724.9919,3724.9919,
8/28/2024 8:40:00 PM,01SNJOSE_L01,N,N,N,3639.7342,3639.7342,12902.4504,3639.7342,3639.7342,
8/28/2024 8:40:00 PM,01SNJOSE_SS,N,N,N,3630.5864,3630.5864,12902.4504,3630.5864,3630.5864,
8/28/2024 8:40:00 PM,01SNJOS_CAM,N,N,N,3639.7342,3639.7342,12902.4504,3639.7342,3639.7342,
8/28/2024 8:40:00 PM,01SNJOS_T1L1,N,N,N,3634.9774,3634.9774,12902.4504,3634.9774,3634.9774,
8/28/2024 8:40:00 PM,01SNJOS_T1L2,N,N,N,3678.8869,3678.8869,12902.4504,3678.8869,3678.8869,
8/28/2024 8:40:00 PM,01SNJOS_T1L3,N,N,N,3639.3683,3639.3683,12902.4504,3639.3683,3639.3683,
8/28/2024 8:40:00 PM,01SNMAN_BAT,N,N,N,3593.9952,3593.9952,13216.5287,3593.9952,3593.9952,
8/28/2024 8:40:00 PM,01SNMAN_LYO,N,N,N,3593.9952,3593.9952,12902.4504,3593.9952,3593.9952,
8/28/2024 8:40:00 PM,01SNMAN_SS,N,N,N,3572.7722,3572.7722,12902.4504,3572.7722,3572.7722,
8/28/2024 8:40:00 PM,01SNMAN_T1L2,N,N,N,3593.9952,3593.9952,12902.4504,3593.9952,3593.9952,
8/28/2024 8:40:00 PM,01SNMARSOL_G01,N,N,N,3521.1785,3521.1785,12919.8445,3521.1785,3521.1785,
8/28/2024 8:40:00 PM,01SNMAR_SS,N,N,N,3521.1785,3521.1785,12902.4504,3521.1785,3521.1785,
8/28/2024 8:40:00 PM,01SNM_PNELC3,N,N,N,3593.9952,3593.9952,12902.4504,3593.9952,3593.9952,
8/28/2024 8:40:00 PM,01SNTGO_SS,N,N,N,3717.3078,3717.3078,12902.4504,3717.3078,3717.3078,
8/28/2024 8:40:00 PM,01SNTGO_T1L1,N,N,N,3717.6737,3717.6737,12902.4504,3717.6737,3717.6737,
8/28/2024 8:40:00 PM,01SNTGO_T1L2,N,N,N,3717.6737,3717.6737,12902.4504,3717.6737,3717.6737,
8/28/2024 8:40:00 PM,01SNTGO_T1L3,N,N,N,3717.6737,3717.6737,12902.4504,3717.6737,3717.6737,
8/28/2024 8:40:00 PM,01SNTGO_T2L1,N,N,N,3717.6737,3717.6737,12902.4504,3717.6737,3717.6737,
8/28/2024 8:40:00 PM,01SNTGO_T2L2,N,N,N,3717.6737,3717.6737,12902.4504,3717.6737,3717.6737,
8/28/2024 8:40:00 PM,01SPABUL_G01,N,N,N,3672.6664,3672.6664,13506.5365,3672.6664,3672.6664,
8/28/2024 8:40:00 PM,01SROQUE_SS,N,N,N,3566.1858,3566.1858,12902.4504,3566.1858,3566.1858,
8/28/2024 8:40:00 PM,01SROQUE_U01,N,N,N,3561.7948,3561.7948,5408.6696,3561.7948,3561.7948,
8/28/2024 8:40:00 PM,01SROQUE_U02,N,N,N,3566.1858,3566.1858,16409.2216,3566.1858,3566.1858,
8/28/2024 8:40:00 PM,01SROQUE_U03,N,N,N,3563.2585,3563.2585,10853.1609,3563.2585,3563.2585,
8/28/2024 8:40:00 PM,01SUAL_G01,N,N,N,3497.7601,3497.7601,12743.4558,3497.7601,3497.7601,
8/28/2024 8:40:00 PM,01SUAL_G02,N,N,N,3505.0784,3505.0784,12681.8210,3505.0784,3505.0784,
8/28/2024 8:40:00 PM,01SUAL_T3L1,N,N,N,3507.6397,3507.6397,12902.4504,3507.6397,3507.6397,
8/28/2024 8:40:00 PM,01SUBIC_T3L1,N,N,N,3531.79,3531.79,12902.4504,3531.79,3531.79,
8/28/2024 8:40:00 PM,01SUBIC_T3L2,N,N,N,3531.79,3531.79,12902.4504,3531.79,3531.79,
8/28/2024 8:40:00 PM,01SUBSOL_G01,N,N,N,3531.79,3531.79,12918.3285,3531.79,3531.79,
8/28/2024 8:40:00 PM,01SUPSOL_G01,N,N,N,3531.79,3531.79,12918.3285,3531.79,3531.79,
8/28/2024 8:40:00 PM,01S_ENRO_G01,N,N,N,3531.79,3531.79,24084.6008,3531.79,3531.79,
8/28/2024 8:40:00 PM,01S_ENRO_SS,N,N,N,3531.79,3531.79,12902.4504,3531.79,3531.79,
8/28/2024 8:40:00 PM,01TERASU_G01,N,N,N,3644.4911,3644.4911,13411.9469,3644.4911,3644.4911,
8/28/2024 8:40:00 PM,01TGEGA_SS,N,N,N,3841.7181,3841.7181,12902.4504,3841.7181,3841.7181,
8/28/2024 8:40:00 PM,01TGEGA_T1L1,N,N,N,3844.2795,3844.2795,12902.4504,3844.2795,3844.2795,
8/28/2024 8:40:00 PM,01TG_CGELCO1,N,N,N,3844.2795,3844.2795,12902.4504,3844.2795,3844.2795,
8/28/2024 8:40:00 PM,01TG_CGELCO2,N,N,N,3844.2795,3844.2795,12902.4504,3844.2795,3844.2795,
8/28/2024 8:40:00 PM,01TG_ISELCO2,N,N,N,3844.2795,3844.2795,12902.4504,3844.2795,3844.2795,
8/28/2024 8:40:00 PM,01TPCBUNK_G01,N,N,N,3644.4911,3644.4911,14573.4274,3644.4911,3644.4911,
8/28/2024 8:40:00 PM,01TRASU_L01,N,N,N,3644.4911,3644.4911,12902.4504,3644.4911,3644.4911,
8/28/2024 8:40:00 PM,01TRUSTBIO_G01,N,N,N,3647.4184,3647.4184,13413.0181,3647.4184,3647.4184,
8/28/2024 8:40:00 PM,01TRUSTSOL_G01,N,N,N,3647.4184,3647.4184,13413.0181,3647.4184,3647.4184,
8/28/2024 8:40:00 PM,01T_ASIA_G01,N,N,N,3638.6365,3638.6365,25025.0352,3638.6365,3638.6365,
8/28/2024 8:40:00 PM,01T_ASI_T3L1,N,N,N,3638.6365,3638.6365,12902.4504,3638.6365,3638.6365,
8/28/2024 8:40:00 PM,01UPPC_G01,N,N,N,3647.4184,3647.4184,13413.0181,3647.4184,3647.4184,
8/28/2024 8:40:00 PM,01VSGRIP_G01,N,N,N,3708.8918,3708.8918,13607.2182,3708.8918,3708.8918,
8/28/2024 8:40:00 PM,01YHGRN_G01,N,N,N,3524.8376,3524.8376,12939.6373,3524.8376,3524.8376,
8/28/2024 8:40:00 PM,01ZAMSOL_G01,N,N,N,3565.4540,3565.4540,24463.7680,3565.4540,3565.4540,
8/28/2024 8:40:00 PM,02ARANE_T1L1,N,N,N,3701.5735,3701.5735,12902.4504,3701.5735,3701.5735,
8/28/2024 8:40:00 PM,02BALNT_T1L1,N,N,N,3675.9596,3675.9596,12902.4504,3675.9596,3675.9596,
8/28/2024 8:40:00 PM,02DOLOR_T1L1,N,N,N,3696.0848,3696.0848,12902.4504,3696.0848,3696.0848,
8/28/2024 8:40:00 PM,02ECOPRK_G01,N,N,N,3675.9596,3675.9596,13534.8169,3675.9596,3675.9596,
8/28/2024 8:40:00 PM,02ECOTAGA_G01,N,N,N,3675.9596,3675.9596,13534.8169,3675.9596,3675.9596,
8/28/2024 8:40:00 PM,02MMPP_G01,N,N,N,3675.9596,3675.9596,13534.8169,3675.9596,3675.9596,
8/28/2024 8:40:00 PM,02PACO_T1L1,N,N,N,3706.6963,3706.6963,12902.4504,3706.6963,3706.6963,
8/28/2024 8:40:00 PM,02PNGEA_G01,N,N,N,3675.9596,3675.9596,13534.8169,3675.9596,3675.9596,
8/28/2024 8:40:00 PM,02PNGYSOL_G01,N,N,N,3696.0848,3696.0848,13597.3162,3696.0848,3696.0848,
8/28/2024 8:40:00 PM,02SMNRTH_G01,N,N,N,3675.9596,3675.9596,13534.8169,3675.9596,3675.9596,
8/28/2024 8:40:00 PM,02SUCAT_T1L1,N,N,N,3679.6187,3679.6187,12902.4504,3679.6187,3679.6187,
8/28/2024 8:40:00 PM,02TMOBIL_G01,N,N,N,3675.9596,3675.9596,13534.8169,3675.9596,3675.9596,
8/28/2024 8:40:00 PM,02TMOBIL_G02,N,N,N,3675.9596,3675.9596,13534.8169,3675.9596,3675.9596,
8/28/2024 8:40:00 PM,02TMOBIL_G03,N,N,N,3675.9596,3675.9596,13534.8169,3675.9596,3675.9596,
8/28/2024 8:40:00 PM,02TMOBIL_G04,N,N,N,3675.9596,3675.9596,13534.8169,3675.9596,3675.9596,
8/28/2024 8:40:00 PM,02VALSOL_G01,N,N,N,3675.9596,3675.9596,13534.8169,3675.9596,3675.9596,
8/28/2024 8:40:00 PM,02ZAPOT_SS,N,N,N,3659.1276,3659.1276,12902.4504,3659.1276,3659.1276,
8/28/2024 8:40:00 PM,02ZAPOT_T1L1,N,N,N,3665.7141,3665.7141,12902.4504,3665.7141,3665.7141,
8/28/2024 8:40:00 PM,03ADISOL_G01,N,N,N,3554.1107,3554.1107,12967.2682,3554.1107,3554.1107,
8/28/2024 8:40:00 PM,03ALMNOS_BAT1,N,N,N,3660.9572,3660.9572,13283.7846,3660.9572,3660.9572,
8/28/2024 8:40:00 PM,03ALMNOS_BAT2,N,N,N,3660.9572,3660.9572,13283.7846,3660.9572,3660.9572,
8/28/2024 8:40:00 PM,03AMADEO_T1L1,N,N,N,3620.3409,3620.3409,12902.4504,3620.3409,3620.3409,
8/28/2024 8:40:00 PM,03AVION_SS,N,N,N,3649.2480,3649.2480,12902.4504,3649.2480,3649.2480,
8/28/2024 8:40:00 PM,03AVION_U01,N,N,N,3648.8821,3648.8821,12940.3689,3648.8821,3648.8821,
8/28/2024 8:40:00 PM,03AVION_U02,N,N,N,3648.8821,3648.8821,12971.9353,3648.8821,3648.8821,
8/28/2024 8:40:00 PM,03AWOC_G01,N,N,N,3696.0848,3696.0848,8555.3540,3696.0848,3696.0848,
8/28/2024 8:40:00 PM,03BACMAN_SS,N,N,N,3417.6252,3417.6252,12902.4504,3417.6252,3417.6252,
8/28/2024 8:40:00 PM,03BACMAN_U01,N,N,N,3402.2569,3402.2569,13449.3411,3402.2569,3402.2569,
8/28/2024 8:40:00 PM,03BACMAN_U02,N,N,N,3402.2569,3402.2569,13208.4661,3402.2569,3402.2569,
8/28/2024 8:40:00 PM,03BACMAN_U03,N,N,N,3416.5275,3416.5275,12811.6361,3416.5275,3416.5275,
8/28/2024 8:40:00 PM,03BALUG_G01,N,N,N,3683.2779,3683.2779,13282.1791,3683.2779,3683.2779,
8/28/2024 8:40:00 PM,03BART_G01,N,N,N,3486.0509,3486.0509,12986.9222,3486.0509,3486.0509,
8/28/2024 8:40:00 PM,03BATAN_SS,N,N,N,3655.4685,3655.4685,12902.4504,3655.4685,3655.4685,
8/28/2024 8:40:00 PM,03BATAN_T1L2,N,N,N,3658.7617,3658.7617,12902.4504,3658.7617,3658.7617,
8/28/2024 8:40:00 PM,03BATAN_T2L2,N,N,N,3656.9321,3656.9321,12902.4504,3656.9321,3656.9321,
8/28/2024 8:40:00 PM,03BAT_BTLEC2,N,N,N,3659.4935,3659.4935,12902.4504,3659.4935,3659.4935,
8/28/2024 8:40:00 PM,03BAT_LIP01,N,N,N,3659.4935,3659.4935,12902.4504,3659.4935,3659.4935,
8/28/2024 8:40:00 PM,03BAT_LIP02,N,N,N,3659.4935,3659.4935,12902.4504,3659.4935,3659.4935,
8/28/2024 8:40:00 PM,03BAT_MECO,N,N,N,3659.4935,3659.4935,12902.4504,3659.4935,3659.4935,
8/28/2024 8:40:00 PM,03BAT_MECO1,N,N,N,3659.4935,3659.4935,12902.4504,3659.4935,3659.4935,
8/28/2024 8:40:00 PM,03BAT_MECO2,N,N,N,3659.4935,3659.4935,12902.4504,3659.4935,3659.4935,
8/28/2024 8:40:00 PM,03BAT_ROS01,N,N,N,3659.4935,3659.4935,12902.4504,3659.4935,3659.4935,
8/28/2024 8:40:00 PM,03BAT_T1L1,N,N,N,3658.7617,3658.7617,12902.4504,3658.7617,3658.7617,
8/28/2024 8:40:00 PM,03BAT_T2L1,N,N,N,3656.9321,3656.9321,12902.4504,3656.9321,3656.9321,
8/28/2024 8:40:00 PM,03BBEC_G01,N,N,N,3486.0509,3486.0509,12988.0223,3486.0509,3486.0509,
8/28/2024 8:40:00 PM,03BINAN_SS,N,N,N,3655.4685,3655.4685,12902.4504,3655.4685,3655.4685,
8/28/2024 8:40:00 PM,03BINAN_T1L1,N,N,N,3660.9572,3660.9572,12902.4504,3660.9572,3660.9572,
8/28/2024 8:40:00 PM,03BOTOCA_G01,N,N,N,3683.2779,3683.2779,13424.5125,3683.2779,3683.2779,
8/28/2024 8:40:00 PM,03BOTOCA_L01,N,N,N,3683.2779,3683.2779,12902.4504,3683.2779,3683.2779,
8/28/2024 8:40:00 PM,03BOTOCA_SS,N,N,N,3683.2779,3683.2779,12902.4504,3683.2779,3683.2779,
8/28/2024 8:40:00 PM,03CADPI_G01,N,N,N,3554.1107,3554.1107,12967.2682,3554.1107,3554.1107,
8/28/2024 8:40:00 PM,03CALACA_G01,N,N,N,3542.4015,3542.4015,9264.9628,3542.4015,3542.4015,
8/28/2024 8:40:00 PM,03CALACA_G02,N,N,N,3550.8174,3550.8174,9208.7384,3550.8174,3550.8174,
8/28/2024 8:40:00 PM,03CALAMBA_L01,N,N,N,3668.2754,3668.2754,12902.4504,3668.2754,3668.2754,
8/28/2024 8:40:00 PM,03CALAMBA_SS,N,N,N,3661.6890,3661.6890,12902.4504,3661.6890,3661.6890,
8/28/2024 8:40:00 PM,03CALAU_SS,N,N,N,3689.4984,3689.4984,12902.4504,3689.4984,3689.4984,
8/28/2024 8:40:00 PM,03CALAU_T1L1,N,N,N,3696.8166,3696.8166,12902.4504,3696.8166,3696.8166,
8/28/2024 8:40:00 PM,03CALIRY_G01,N,N,N,3683.2779,3683.2779,13424.5125,3683.2779,3683.2779,
8/28/2024 8:40:00 PM,03CALIRY_SS,N,N,N,3683.2779,3683.2779,12902.4504,3683.2779,3683.2779,
8/28/2024 8:40:00 PM,03CALIRY_SS1,N,N,N,3683.2779,3683.2779,12902.4504,3683.2779,3683.2779,
8/28/2024 8:40:00 PM,03CALIR_TAL1,N,N,N,3683.2779,3683.2779,12902.4504,3683.2779,3683.2779,
8/28/2024 8:40:00 PM,03CALI_FLECO,N,N,N,3683.2779,3683.2779,12902.4504,3683.2779,3683.2779,
8/28/2024 8:40:00 PM,03CALSOL_G01,N,N,N,3554.1107,3554.1107,12967.2682,3554.1107,3554.1107,
8/28/2024 8:40:00 PM,03CLABSOL_G01,N,N,N,3486.4168,3486.4168,12987.4873,3486.4168,3486.4168,
8/28/2024 8:40:00 PM,03CLACA_SS,N,N,N,3611.1931,3611.1931,12902.4504,3611.1931,3611.1931,
8/28/2024 8:40:00 PM,03CLA_BCNOT,N,N,N,3551.5493,3551.5493,12902.4504,3551.5493,3551.5493,
8/28/2024 8:40:00 PM,03CLA_BTLEC1,N,N,N,3554.1107,3554.1107,12902.4504,3554.1107,3554.1107,
8/28/2024 8:40:00 PM,03CLA_STLCOR,N,N,N,3554.1107,3554.1107,12902.4504,3554.1107,3554.1107,
8/28/2024 8:40:00 PM,03CLA_T1L1,N,N,N,3554.1107,3554.1107,12902.4504,3554.1107,3554.1107,
8/28/2024 8:40:00 PM,03CLBATO_G01,N,N,N,3696.8166,3696.8166,13420.6553,3696.8166,3696.8166,
8/28/2024 8:40:00 PM,03COLASI_G01,N,N,N,3572.4063,3572.4063,13231.6627,3572.4063,3572.4063,
8/28/2024 8:40:00 PM,03DARAG_SS,N,N,N,3450.1914,3450.1914,12902.4504,3450.1914,3450.1914,
8/28/2024 8:40:00 PM,03DARAG_T1L1,N,N,N,3659.1276,3659.1276,12902.4504,3659.1276,3659.1276,
8/28/2024 8:40:00 PM,03DAR_ALECO,N,N,N,3454.5824,3454.5824,12902.4504,3454.5824,3454.5824,
8/28/2024 8:40:00 PM,03DAR_SRECO2,N,N,N,3456.0460,3456.0460,12902.4504,3456.0460,3456.0460,
8/28/2024 8:40:00 PM,03DAR_STDOM,N,N,N,3454.5824,3454.5824,12902.4504,3454.5824,3454.5824,
8/28/2024 8:40:00 PM,03DASMA_L01,N,N,N,3637.1729,3637.1729,12902.4504,3637.1729,3637.1729,
8/28/2024 8:40:00 PM,03DASMA_SS,N,N,N,3622.1704,3622.1704,12902.4504,3622.1704,3622.1704,
8/28/2024 8:40:00 PM,03EERI_G01,N,N,N,3546.0606,3546.0606,12954.6765,3546.0606,3546.0606,
8/28/2024 8:40:00 PM,03EERI_G02,N,N,N,3546.0606,3546.0606,5389.6880,3546.0606,3546.0606,
8/28/2024 8:40:00 PM,03EERI_G03,N,N,N,3546.0606,3546.0606,13188.7339,3546.0606,3546.0606,
8/28/2024 8:40:00 PM,03EERI_L01,N,N,N,3546.0606,3546.0606,12902.4504,3546.0606,3546.0606,
8/28/2024 8:40:00 PM,03EERI_SS,N,N,N,3546.0606,3546.0606,12902.4504,3546.0606,3546.0606,
8/28/2024 8:40:00 PM,03GUMAC_SS,N,N,N,3628.7569,3628.7569,12902.4504,3628.7569,3628.7569,
8/28/2024 8:40:00 PM,03GUMAC_T1L1,N,N,N,3632.0501,3632.0501,12902.4504,3632.0501,3632.0501,
8/28/2024 8:40:00 PM,03GUMAC_T1L2,N,N,N,3632.0501,3632.0501,12902.4504,3632.0501,3632.0501,
8/28/2024 8:40:00 PM,03GUMAC_T1L3,N,N,N,3632.0501,3632.0501,12902.4504,3632.0501,3632.0501,
8/28/2024 8:40:00 PM,03GUMAC_T1L4,N,N,N,3632.0501,3632.0501,12902.4504,3632.0501,3632.0501,
8/28/2024 8:40:00 PM,03ILI500_SS,N,N,N,3546.0606,3546.0606,12902.4504,3546.0606,3546.0606,
8/28/2024 8:40:00 PM,03ILIJAN_G01,N,N,N,3544.5969,3544.5969,12414.0045,3544.5969,3544.5969,
8/28/2024 8:40:00 PM,03ILIJAN_G02,N,N,N,3544.9628,3544.9628,13896.2274,3544.9628,3544.9628,
8/28/2024 8:40:00 PM,03ILIJAN_SS,N,N,N,3544.5969,3544.5969,12902.4504,3544.5969,3544.5969,
8/28/2024 8:40:00 PM,03ILIJAN_SS2,N,N,N,3544.9628,3544.9628,12902.4504,3544.9628,3544.9628,
8/28/2024 8:40:00 PM,03INARI_G01,N,N,N,3486.4168,3486.4168,12934.6153,3486.4168,3486.4168,
8/28/2024 8:40:00 PM,03INGRID_GS1,N,N,N,3679.6187,3679.6187,17545.7480,3679.6187,3679.6187,
8/28/2024 8:40:00 PM,03INGRID_GS2,N,N,N,3679.6187,3679.6187,17640.9426,3679.6187,3679.6187,
8/28/2024 8:40:00 PM,03INGRID_GS3,N,N,N,3679.6187,3679.6187,11094.7776,3679.6187,3679.6187,
8/28/2024 8:40:00 PM,03INGRID_GS4,N,N,N,3679.6187,3679.6187,16832.0102,3679.6187,3679.6187,
8/28/2024 8:40:00 PM,03INGRID_GS5,N,N,N,3679.6187,3679.6187,9366.0270,3679.6187,3679.6187,
8/28/2024 8:40:00 PM,03INGRID_GS6,N,N,N,3679.6187,3679.6187,16303.2854,3679.6187,3679.6187,
8/28/2024 8:40:00 PM,03KAL_E_T1L1,N,N,N,3669.7391,3669.7391,12902.4504,3669.7391,3669.7391,
8/28/2024 8:40:00 PM,03KAL_G01,N,N,N,3667.9095,3667.9095,13357.5314,3667.9095,3667.9095,
8/28/2024 8:40:00 PM,03KAL_G02,N,N,N,3667.9095,3667.9095,13357.5314,3667.9095,3667.9095,
8/28/2024 8:40:00 PM,03KAL_G03,N,N,N,3664.9822,3664.9822,12438.6037,3664.9822,3664.9822,
8/28/2024 8:40:00 PM,03KAL_G04,N,N,N,3667.9095,3667.9095,11786.0846,3667.9095,3667.9095,
8/28/2024 8:40:00 PM,03KAL_SS,N,N,N,3667.9095,3667.9095,12902.4504,3667.9095,3667.9095,
8/28/2024 8:40:00 PM,03LABO_SS,N,N,N,3567.6494,3567.6494,12902.4504,3567.6494,3567.6494,
8/28/2024 8:40:00 PM,03LABO_T1L1,N,N,N,3572.4063,3572.4063,12902.4504,3572.4063,3572.4063,
8/28/2024 8:40:00 PM,03LABO_T1L2,N,N,N,3659.1276,3659.1276,12902.4504,3659.1276,3659.1276,
8/28/2024 8:40:00 PM,03LMHP_G01,N,N,N,3462.2666,3462.2666,12686.3048,3462.2666,3462.2666,
8/28/2024 8:40:00 PM,03LUMBAN_BAT,N,N,N,3669.7391,3669.7391,13367.2520,3669.7391,3669.7391,
8/28/2024 8:40:00 PM,03LUMBAN_BATL,N,N,N,3669.7391,3669.7391,12902.4504,3669.7391,3669.7391,
8/28/2024 8:40:00 PM,03LUMBAN_SS,N,N,N,3667.9095,3667.9095,12902.4504,3667.9095,3667.9095,
8/28/2024 8:40:00 PM,03LWERLAB_G01,N,N,N,3665.3481,3665.3481,13994.6385,3665.3481,3665.3481,
8/28/2024 8:40:00 PM,03MAJAY_G01,N,N,N,3683.2779,3683.2779,13447.1743,3683.2779,3683.2779,
8/28/2024 8:40:00 PM,03MAKBA_T3L1,N,N,N,3660.9572,3660.9572,12902.4504,3660.9572,3660.9572,
8/28/2024 8:40:00 PM,03MAKBA_T3L2,N,N,N,3659.1276,3659.1276,12902.4504,3659.1276,3659.1276,
8/28/2024 8:40:00 PM,03MALAYA_G01,N,N,N,3679.6187,3679.6187,13470.3582,3679.6187,3679.6187,
8/28/2024 8:40:00 PM,03MALAYA_G02,N,N,N,3659.1276,3659.1276,13243.1521,3659.1276,3659.1276,
8/28/2024 8:40:00 PM,03MEC_G01,N,N,N,3637.1729,3637.1729,13308.9114,3637.1729,3637.1729,
8/28/2024 8:40:00 PM,03MGI_G02,N,N,N,3696.8166,3696.8166,13482.9939,3696.8166,3696.8166,
8/28/2024 8:40:00 PM,03MGPP_G01,N,N,N,3696.8166,3696.8166,13493.1696,3696.8166,3696.8166,
8/28/2024 8:40:00 PM,03MKBNA_SS,N,N,N,3659.1276,3659.1276,12902.4504,3659.1276,3659.1276,
8/28/2024 8:40:00 PM,03MKBNB_SS,N,N,N,3658.3958,3658.3958,12902.4504,3658.3958,3658.3958,
8/28/2024 8:40:00 PM,03MKBNC_SS,N,N,N,3659.1276,3659.1276,12902.4504,3659.1276,3659.1276,
8/28/2024 8:40:00 PM,03MKBND_SS,N,N,N,3657.6640,3657.6640,12902.4504,3657.6640,3657.6640,
8/28/2024 8:40:00 PM,03MKBNE_SS,N,N,N,3660.9572,3660.9572,12902.4504,3660.9572,3660.9572,
8/28/2024 8:40:00 PM,03MKBN_A,N,N,N,3637.1729,3637.1729,13224.6612,3637.1729,3637.1729,
8/28/2024 8:40:00 PM,03MKBN_B,N,N,N,3653.6389,3653.6389,13302.9870,3653.6389,3653.6389,
8/28/2024 8:40:00 PM,03MKBN_C,N,N,N,3659.1276,3659.1276,13243.1521,3659.1276,3659.1276,
8/28/2024 8:40:00 PM,03MKBN_D,N,N,N,3654.0048,3654.0048,12823.6192,3654.0048,3654.0048,
8/28/2024 8:40:00 PM,03MKBN_E,N,N,N,3660.9572,3660.9572,13298.0025,3660.9572,3660.9572,
8/28/2024 8:40:00 PM,03MKBN_SLACE,N,N,N,3660.9572,3660.9572,12902.4504,3660.9572,3660.9572,
8/28/2024 8:40:00 PM,03MLAYA_L01,N,N,N,3679.6187,3679.6187,12902.4504,3679.6187,3679.6187,
8/28/2024 8:40:00 PM,03MLAYA_SS,N,N,N,3679.6187,3679.6187,12902.4504,3679.6187,3679.6187,
8/28/2024 8:40:00 PM,03MLAYA_SS1,N,N,N,3679.6187,3679.6187,12902.4504,3679.6187,3679.6187,
8/28/2024 8:40:00 PM,03MLAYA_T2L1,N,N,N,3679.6187,3679.6187,12902.4504,3679.6187,3679.6187,
8/28/2024 8:40:00 PM,03MLAYA_T2L2,N,N,N,3659.1276,3659.1276,12902.4504,3659.1276,3659.1276,
8/28/2024 8:40:00 PM,03NAG_CSRC2B,N,N,N,3486.4168,3486.4168,12902.4504,3486.4168,3486.4168,
8/28/2024 8:40:00 PM,03NAG_CSRCO1,N,N,N,3486.4168,3486.4168,12902.4504,3486.4168,3486.4168,
8/28/2024 8:40:00 PM,03NAG_CSRCO2,N,N,N,3486.4168,3486.4168,12902.4504,3486.4168,3486.4168,
8/28/2024 8:40:00 PM,03NAG_CSRCO3,N,N,N,3486.0509,3486.0509,12902.4504,3486.0509,3486.0509,
8/28/2024 8:40:00 PM,03NAG_CSRCO4,N,N,N,3486.0509,3486.0509,12902.4504,3486.0509,3486.0509,
8/28/2024 8:40:00 PM,03NAG_SS,N,N,N,3485.6850,3485.6850,12902.4504,3485.6850,3485.6850,
8/28/2024 8:40:00 PM,03ORMAT_G01,N,N,N,3660.9572,3660.9572,13565.9562,3660.9572,3660.9572,
8/28/2024 8:40:00 PM,03ORMAT_SS,N,N,N,3660.9572,3660.9572,12902.4504,3660.9572,3660.9572,
8/28/2024 8:40:00 PM,03PAGBIL_G01,N,N,N,3513.8603,3513.8603,12863.9726,3513.8603,3513.8603,
8/28/2024 8:40:00 PM,03PAGBIL_G02,N,N,N,3512.7625,3512.7625,12806.2219,3512.7625,3512.7625,
8/28/2024 8:40:00 PM,03PAGBIL_G03,N,N,N,3512.3966,3512.3966,12973.7556,3512.3966,3512.3966,
8/28/2024 8:40:00 PM,03PAGEHV_SS,N,N,N,3535.8150,3535.8150,12902.4504,3535.8150,3535.8150,
8/28/2024 8:40:00 PM,03PALAK_G01,N,N,N,3696.8166,3696.8166,13351.6283,3696.8166,3696.8166,
8/28/2024 8:40:00 PM,03PALAYAN_G01,N,N,N,3417.6252,3417.6252,13233.0847,3417.6252,3417.6252,
8/28/2024 8:40:00 PM,03PGBIL_SS,N,N,N,3513.8603,3513.8603,12902.4504,3513.8603,3513.8603,
8/28/2024 8:40:00 PM,03PGBIL_SS1,N,N,N,3513.8603,3513.8603,12902.4504,3513.8603,3513.8603,
8/28/2024 8:40:00 PM,03PGBIL_SS2,N,N,N,3513.8603,3513.8603,12902.4504,3513.8603,3513.8603,
8/28/2024 8:40:00 PM,03QPPL_G01,N,N,N,3462.2666,3462.2666,12668.4123,3462.2666,3462.2666,
8/28/2024 8:40:00 PM,03QPPL_SU1,N,N,N,3462.2666,3462.2666,12902.4504,3462.2666,3462.2666,
8/28/2024 8:40:00 PM,03QPPL_T5L1,N,N,N,3462.2666,3462.2666,12902.4504,3462.2666,3462.2666,
8/28/2024 8:40:00 PM,03RCBMI_G01,N,N,N,3656.9321,3656.9321,13122.4680,3656.9321,3656.9321,
8/28/2024 8:40:00 PM,03RCBMI_G02,N,N,N,3656.9321,3656.9321,24655.8461,3656.9321,3656.9321,
8/28/2024 8:40:00 PM,03SBPL_G01,N,N,N,3462.2666,3462.2666,12687.9619,3462.2666,3462.2666,
8/28/2024 8:40:00 PM,03SBPL_L01,N,N,N,3462.2666,3462.2666,12902.4504,3462.2666,3462.2666,
8/28/2024 8:40:00 PM,03SLPGC_G01,N,N,N,3659.1276,3659.1276,11292.8090,3659.1276,3659.1276,
8/28/2024 8:40:00 PM,03SLPGC_G02,N,N,N,3533.9855,3533.9855,12904.6484,3533.9855,3533.9855,
8/28/2024 8:40:00 PM,03SLPGC_SS,N,N,N,3551.5493,3551.5493,12902.4504,3551.5493,3551.5493,
8/28/2024 8:40:00 PM,03SLTEC_G01,N,N,N,3659.1276,3659.1276,13243.1521,3659.1276,3659.1276,
8/28/2024 8:40:00 PM,03SLTEC_G02,N,N,N,3550.8174,3550.8174,12903.7599,3550.8174,3550.8174,
8/28/2024 8:40:00 PM,03SLTEC_SS,N,N,N,3551.5493,3551.5493,12902.4504,3551.5493,3551.5493,
8/28/2024 8:40:00 PM,03SNGAB_G01,N,N,N,3649.6139,3649.6139,12987.2497,3649.6139,3649.6139,
8/28/2024 8:40:00 PM,03SNGAB_S01,N,N,N,3649.6139,3649.6139,12902.4504,3649.6139,3649.6139,
8/28/2024 8:40:00 PM,03SOLACE_G01,N,N,N,3660.9572,3660.9572,13283.7846,3660.9572,3660.9572,
8/28/2024 8:40:00 PM,03STA-RI_G01,N,N,N,3515.6898,3515.6898,15218.2445,3515.6898,3515.6898,
8/28/2024 8:40:00 PM,03STA-RI_G02,N,N,N,3659.1276,3659.1276,13243.1521,3659.1276,3659.1276,
8/28/2024 8:40:00 PM,03STA-RI_G03,N,N,N,3524.8376,3524.8376,12999.8353,3524.8376,3524.8376,
8/28/2024 8:40:00 PM,03STA-RI_G04,N,N,N,3524.8376,3524.8376,12993.6105,3524.8376,3524.8376,
8/28/2024 8:40:00 PM,03STA-RI_G05,N,N,N,3648.8821,3648.8821,13057.6717,3648.8821,3648.8821,
8/28/2024 8:40:00 PM,03STA-RI_G06,N,N,N,3648.8821,3648.8821,13062.4005,3648.8821,3648.8821,
8/28/2024 8:40:00 PM,03STAR_SS1,N,N,N,3515.6898,3515.6898,12902.4504,3515.6898,3515.6898,
8/28/2024 8:40:00 PM,03STAR_SS2,N,N,N,3659.1276,3659.1276,12902.4504,3659.1276,3659.1276,
8/28/2024 8:40:00 PM,03STAR_SS3,N,N,N,3524.8376,3524.8376,12902.4504,3524.8376,3524.8376,
8/28/2024 8:40:00 PM,03STAR_SS4,N,N,N,3524.8376,3524.8376,12902.4504,3524.8376,3524.8376,
8/28/2024 8:40:00 PM,03STAR_SS5,N,N,N,3648.8821,3648.8821,12902.4504,3648.8821,3648.8821,
8/28/2024 8:40:00 PM,03STAR_SS6,N,N,N,3648.8821,3648.8821,12902.4504,3648.8821,3648.8821,
8/28/2024 8:40:00 PM,03STROS_T1L1,N,N,N,3660.9572,3660.9572,12902.4504,3660.9572,3660.9572,
8/28/2024 8:40:00 PM,03TAYAB_SS,N,N,N,3540.9378,3540.9378,12902.4504,3540.9378,3540.9378,
8/28/2024 8:40:00 PM,03TAYAB_T1L1,N,N,N,3539.4742,3539.4742,12902.4504,3539.4742,3539.4742,
8/28/2024 8:40:00 PM,03TAYAB_T1L2,N,N,N,3539.4742,3539.4742,12902.4504,3539.4742,3539.4742,
8/28/2024 8:40:00 PM,03TGPP_G01,N,N,N,3464.8279,3464.8279,13126.0794,3464.8279,3464.8279,
8/28/2024 8:40:00 PM,03TGPP_L01,N,N,N,3464.8279,3464.8279,12902.4504,3464.8279,3464.8279,
8/28/2024 8:40:00 PM,03TIBAG_G01,N,N,N,3639.0024,3639.0024,13360.2019,3639.0024,3639.0024,
8/28/2024 8:40:00 PM,03TIWIA_SS,N,N,N,3466.2916,3466.2916,12902.4504,3466.2916,3466.2916,
8/28/2024 8:40:00 PM,03TIWIC_L01,N,N,N,3659.1276,3659.1276,12902.4504,3659.1276,3659.1276,
8/28/2024 8:40:00 PM,03TIWIC_SS,N,N,N,3466.6575,3466.6575,12902.4504,3466.6575,3466.6575,
8/28/2024 8:40:00 PM,03TIWI_A,N,N,N,3465.9257,3465.9257,13059.8691,3465.9257,3465.9257,
8/28/2024 8:40:00 PM,03TIWI_C,N,N,N,3465.5598,3465.5598,12872.7574,3465.5598,3465.5598,
8/28/2024 8:40:00 PM,03UPLAB_G01,N,N,N,3669.7391,3669.7391,13372.8478,3669.7391,3669.7391,
8/28/2024 8:40:00 PM,04BABAT_SS,N,N,N,3883.4321,3883.4321,12902.4504,3883.4321,3883.4321,
8/28/2024 8:40:00 PM,04BABAT_T1L1,N,N,N,3884.1640,3884.1640,12902.4504,3884.1640,3884.1640,
8/28/2024 8:40:00 PM,04BAGLI_T1L1,N,N,N,3887.8231,3887.8231,12902.4504,3887.8231,3887.8231,
8/28/2024 8:40:00 PM,04BAGLI_T1L2,N,N,N,3887.8231,3887.8231,12902.4504,3887.8231,3887.8231,
8/28/2024 8:40:00 PM,04BILGPP_G01,N,N,N,3726.0897,3726.0897,14038.3742,3726.0897,3726.0897,
8/28/2024 8:40:00 PM,04CLBYBNK_G01,N,N,N,3987.3514,3987.3514,15403.5256,3987.3514,3987.3514,
8/28/2024 8:40:00 PM,04CLBYOG_L02,N,N,N,3987.3514,3987.3514,12902.4504,3987.3514,3987.3514,
8/28/2024 8:40:00 PM,04CLBYOG_SS,N,N,N,3987.7173,3987.7173,12902.4504,3987.7173,3987.7173,
8/28/2024 8:40:00 PM,04IASMOD_G01,N,N,N,3740.7262,3740.7262,13853.3686,3740.7262,3740.7262,
8/28/2024 8:40:00 PM,04IASMOD_G02,N,N,N,3740.7262,3740.7262,10216.2910,3740.7262,3740.7262,
8/28/2024 8:40:00 PM,04IASMOD_G03,N,N,N,3740.7262,3740.7262,13640.1509,3740.7262,3740.7262,
8/28/2024 8:40:00 PM,04IASMOD_G04,N,N,N,3740.7262,3740.7262,16058.9172,3740.7262,3740.7262,
8/28/2024 8:40:00 PM,04IASMOD_G05,N,N,N,3740.7262,3740.7262,13852.8872,3740.7262,3740.7262,
8/28/2024 8:40:00 PM,04IASMOD_G06,N,N,N,3740.7262,3740.7262,16534.0322,3740.7262,3740.7262,
8/28/2024 8:40:00 PM,04ISABE_SS,N,N,N,3740.7262,3740.7262,12902.4504,3740.7262,3740.7262,
8/28/2024 8:40:00 PM,04ISABE_T1L1,N,N,N,3740.7262,3740.7262,12902.4504,3740.7262,3740.7262,
8/28/2024 8:40:00 PM,04ISABE_T2L1,N,N,N,3740.7262,3740.7262,12902.4504,3740.7262,3740.7262,
8/28/2024 8:40:00 PM,04ISABE_T3L1,N,N,N,3740.7262,3740.7262,12902.4504,3740.7262,3740.7262,
8/28/2024 8:40:00 PM,04ISABE_T4L2,N,N,N,3740.7262,3740.7262,12902.4504,3740.7262,3740.7262,
8/28/2024 8:40:00 PM,04ISABE_T5L2,N,N,N,3740.7262,3740.7262,12902.4504,3740.7262,3740.7262,
8/28/2024 8:40:00 PM,04LEYTE_A,N,N,N,3721.3328,3721.3328,15183.1117,3721.3328,3721.3328,
8/28/2024 8:40:00 PM,04LEYTE_S01,N,N,N,3721.3328,3721.3328,12902.4504,3721.3328,3721.3328,
8/28/2024 8:40:00 PM,04LGPP_G01,N,N,N,3701.5735,3701.5735,14634.9135,3701.5735,3701.5735,
8/28/2024 8:40:00 PM,04MAASI_SS,N,N,N,3787.1971,3787.1971,12902.4504,3787.1971,3787.1971,
8/28/2024 8:40:00 PM,04MAASI_T1L1,N,N,N,3788.6607,3788.6607,12902.4504,3788.6607,3788.6607,
8/28/2024 8:40:00 PM,04MAASI_T2L2,N,N,N,3788.6607,3788.6607,12902.4504,3788.6607,3788.6607,
8/28/2024 8:40:00 PM,04ORMOC_BAT,N,N,N,3726.0897,3726.0897,14489.8896,3726.0897,3726.0897,
8/28/2024 8:40:00 PM,04ORMOC_SS,N,N,N,3723.8942,3723.8942,12902.4504,3723.8942,3723.8942,
8/28/2024 8:40:00 PM,04ORMOC_T2L1,N,N,N,3726.0897,3726.0897,12902.4504,3726.0897,3726.0897,
8/28/2024 8:40:00 PM,04ORMOC_T2L2,N,N,N,3726.0897,3726.0897,12902.4504,3726.0897,3726.0897,
8/28/2024 8:40:00 PM,04PARA_SS,N,N,N,3952.2237,3952.2237,12902.4504,3952.2237,3952.2237,
8/28/2024 8:40:00 PM,04PHSOL_G01,N,N,N,3726.0897,3726.0897,14489.8896,3726.0897,3726.0897,
8/28/2024 8:40:00 PM,04SEPSOL_G01,N,N,N,3726.0897,3726.0897,14489.8896,3726.0897,3726.0897,
8/28/2024 8:40:00 PM,04SNAGU_L01,N,N,N,3987.3514,3987.3514,12902.4504,3987.3514,3987.3514,
8/28/2024 8:40:00 PM,04STAR_SS,N,N,N,3887.8231,3887.8231,12902.4504,3887.8231,3887.8231,
8/28/2024 8:40:00 PM,04TABAN_SS,N,N,N,3716.5759,3716.5759,12902.4504,3716.5759,3716.5759,
8/28/2024 8:40:00 PM,04TABAN_T1L1,N,N,N,3659.1276,3659.1276,12902.4504,3659.1276,3659.1276,
8/28/2024 8:40:00 PM,04TAFT_G01,N,N,N,4052.8498,4052.8498,16781.4442,4052.8498,4052.8498,
8/28/2024 8:40:00 PM,04TONGO_T2L2,N,N,N,3703.0372,3703.0372,12902.4504,3703.0372,3703.0372,
8/28/2024 8:40:00 PM,04UTH_G01,N,N,N,4037.4814,4037.4814,14385.6326,4037.4814,4037.4814,
8/28/2024 8:40:00 PM,04WRIGH_T1L1,N,N,N,3952.2237,3952.2237,12902.4504,3952.2237,3952.2237,
8/28/2024 8:40:00 PM,04WRIGH_T2L2,N,N,N,4053.2157,4053.2157,12902.4504,4053.2157,4053.2157,
8/28/2024 8:40:00 PM,05BANIL_T1L1,N,N,N,3690.9620,3690.9620,12902.4504,3690.9620,3690.9620,
8/28/2024 8:40:00 PM,05BANIL_T1L2,N,N,N,3691.3279,3691.3279,12902.4504,3691.3279,3691.3279,
8/28/2024 8:40:00 PM,05BANIL_T1L3,N,N,N,3690.2302,3690.2302,12902.4504,3690.2302,3690.2302,
8/28/2024 8:40:00 PM,05CALUNG_CEP,N,N,N,3625.4637,3625.4637,12902.4504,3625.4637,3625.4637,
8/28/2024 8:40:00 PM,05CARMENDPP_U01,N,N,N,3638.2706,3638.2706,14527.0977,3638.2706,3638.2706,
8/28/2024 8:40:00 PM,05CARMENDPP_U02,N,N,N,3638.2706,3638.2706,14527.0977,3638.2706,3638.2706,
8/28/2024 8:40:00 PM,05CARMENDPP_U03,N,N,N,3638.2706,3638.2706,14527.0977,3638.2706,3638.2706,
8/28/2024 8:40:00 PM,05CARMENDPP_U04,N,N,N,3638.2706,3638.2706,14527.0977,3638.2706,3638.2706,
8/28/2024 8:40:00 PM,05CDPPI_SS1,N,N,N,3659.1276,3659.1276,12902.4504,3659.1276,3659.1276,
8/28/2024 8:40:00 PM,05CDPPI_SS2,N,N,N,3659.1276,3659.1276,12902.4504,3659.1276,3659.1276,
8/28/2024 8:40:00 PM,05CEBU_SS,N,N,N,3674.13,3674.13,12902.4504,3674.13,3674.13,
8/28/2024 8:40:00 PM,05CEDC_SS,N,N,N,3619.6090,3619.6090,12902.4504,3619.6090,3619.6090,
8/28/2024 8:40:00 PM,05CEDC_U01,N,N,N,3619.2431,3619.2431,14671.8733,3619.2431,3619.2431,
8/28/2024 8:40:00 PM,05CEDC_U02,N,N,N,3619.2431,3619.2431,14682.1968,3619.2431,3619.2431,
8/28/2024 8:40:00 PM,05CEDC_U03,N,N,N,3619.2431,3619.2431,14440.3920,3619.2431,3619.2431,
8/28/2024 8:40:00 PM,05CEMEX_L01,N,N,N,3659.1276,3659.1276,12902.4504,3659.1276,3659.1276,
8/28/2024 8:40:00 PM,05COLON_L01,N,N,N,3659.8595,3659.8595,12902.4504,3659.8595,3659.8595,
8/28/2024 8:40:00 PM,05COMPS_SS,N,N,N,3701.5735,3701.5735,12902.4504,3701.5735,3701.5735,
8/28/2024 8:40:00 PM,05COMPS_T1L1,N,N,N,3703.4031,3703.4031,12902.4504,3703.4031,3703.4031,
8/28/2024 8:40:00 PM,05COMPS_T2L2,N,N,N,3703.4031,3703.4031,12902.4504,3703.4031,3703.4031,
8/28/2024 8:40:00 PM,05CPPC_U01,N,N,N,3688.0347,3688.0347,18694.9926,3688.0347,3688.0347,
8/28/2024 8:40:00 PM,05CPPC_U02,N,N,N,3688.0347,3688.0347,11810.6975,3688.0347,3688.0347,
8/28/2024 8:40:00 PM,05CPPC_U03,N,N,N,3688.0347,3688.0347,14158.7634,3688.0347,3688.0347,
8/28/2024 8:40:00 PM,05CPPC_U04,N,N,N,3688.0347,3688.0347,11810.6975,3688.0347,3688.0347,
8/28/2024 8:40:00 PM,05CPPC_U05,N,N,N,3688.0347,3688.0347,11810.6975,3688.0347,3688.0347,
8/28/2024 8:40:00 PM,05CPPC_U06,N,N,N,3688.0347,3688.0347,14216.7155,3688.0347,3688.0347,
8/28/2024 8:40:00 PM,05CPPC_U07,N,N,N,3688.0347,3688.0347,11810.6975,3688.0347,3688.0347,
8/28/2024 8:40:00 PM,05CPPC_U08,N,N,N,3688.0347,3688.0347,11810.6975,3688.0347,3688.0347,
8/28/2024 8:40:00 PM,05CPPC_U09,N,N,N,3688.0347,3688.0347,11810.6975,3688.0347,3688.0347,
8/28/2024 8:40:00 PM,05CPPC_U10,N,N,N,3688.0347,3688.0347,11810.6975,3688.0347,3688.0347,
8/28/2024 8:40:00 PM,05DAANB_SS,N,N,N,3711.8191,3711.8191,12902.4504,3711.8191,3711.8191,
8/28/2024 8:40:00 PM,05DMAN_SS,N,N,N,3613.3885,3613.3885,12902.4504,3613.3885,3613.3885,
8/28/2024 8:40:00 PM,05DMA_L01,N,N,N,3599.8498,3599.8498,12902.4504,3599.8498,3599.8498,
8/28/2024 8:40:00 PM,05EAUC_U01,N,N,N,3721.6987,3721.6987,14820.4930,3721.6987,3721.6987,
8/28/2024 8:40:00 PM,05EAUC_U02,N,N,N,3721.6987,3721.6987,11904.4611,3721.6987,3721.6987,
8/28/2024 8:40:00 PM,05EAUC_U03,N,N,N,3721.6987,3721.6987,12165.0846,3721.6987,3721.6987,
8/28/2024 8:40:00 PM,05EAUC_U04,N,N,N,3721.6987,3721.6987,8192.1031,3721.6987,3721.6987,
8/28/2024 8:40:00 PM,05KSPC_G01,N,N,N,3656.2003,3656.2003,14030.2364,3656.2003,3656.2003,
8/28/2024 8:40:00 PM,05KSPC_G02,N,N,N,3656.2003,3656.2003,14598.0241,3656.2003,3656.2003,
8/28/2024 8:40:00 PM,05KSPC_SS1,N,N,N,3656.2003,3656.2003,12902.4504,3656.2003,3656.2003,
8/28/2024 8:40:00 PM,05KSPC_SS2,N,N,N,3656.2003,3656.2003,12902.4504,3656.2003,3656.2003,
8/28/2024 8:40:00 PM,05LAPU_SS,N,N,N,3718.0396,3718.0396,12902.4504,3718.0396,3718.0396,
8/28/2024 8:40:00 PM,05MCTAN_T1L1,N,N,N,3721.6987,3721.6987,12902.4504,3721.6987,3721.6987,
8/28/2024 8:40:00 PM,05MNDUE_SS,N,N,N,3713.6486,3713.6486,12902.4504,3713.6486,3713.6486,
8/28/2024 8:40:00 PM,05MNDUE_T1L1,N,N,N,3716.5759,3716.5759,12902.4504,3716.5759,3716.5759,
8/28/2024 8:40:00 PM,05MNDUE_T1L2,N,N,N,3716.5759,3716.5759,12902.4504,3716.5759,3716.5759,
8/28/2024 8:40:00 PM,05MNDUE_T1L4,N,N,N,3716.5759,3716.5759,12902.4504,3716.5759,3716.5759,
8/28/2024 8:40:00 PM,05MNDUE_T1L5,N,N,N,3716.5759,3716.5759,12902.4504,3716.5759,3716.5759,
8/28/2024 8:40:00 PM,05NAGA_T1L1,N,N,N,3659.1276,3659.1276,12902.4504,3659.1276,3659.1276,
8/28/2024 8:40:00 PM,05NAGA_T2L2,N,N,N,3659.1276,3659.1276,12902.4504,3659.1276,3659.1276,
8/28/2024 8:40:00 PM,05NAGLES_L01,N,N,N,3666.8118,3666.8118,12902.4504,3666.8118,3666.8118,
8/28/2024 8:40:00 PM,05NNAGVE_L01,N,N,N,3659.1276,3659.1276,12902.4504,3659.1276,3659.1276,
8/28/2024 8:40:00 PM,05NNAGVE_L02,N,N,N,3659.1276,3659.1276,12902.4504,3659.1276,3659.1276,
8/28/2024 8:40:00 PM,05QUIOT_T1L1,N,N,N,3688.0347,3688.0347,12902.4504,3688.0347,3688.0347,
8/28/2024 8:40:00 PM,05SAMB_L01,N,N,N,3484.5872,3484.5872,12902.4504,3484.5872,3484.5872,
8/28/2024 8:40:00 PM,05SAMB_L02,N,N,N,3659.1276,3659.1276,12902.4504,3659.1276,3659.1276,
8/28/2024 8:40:00 PM,05SAMB_SS,N,N,N,3484.2213,3484.2213,12902.4504,3484.2213,3484.2213,
8/28/2024 8:40:00 PM,05TALATR1_SS,N,N,N,3625.4637,3625.4637,12902.4504,3625.4637,3625.4637,
8/28/2024 8:40:00 PM,05TALAV_SS,N,N,N,3625.0977,3625.0977,12902.4504,3625.0977,3625.0977,
8/28/2024 8:40:00 PM,05TALAV_T1L1,N,N,N,3625.4637,3625.4637,12902.4504,3625.4637,3625.4637,
8/28/2024 8:40:00 PM,05TALIS_T1L1,N,N,N,3659.1276,3659.1276,12902.4504,3659.1276,3659.1276,
8/28/2024 8:40:00 PM,05THVI_SS1,N,N,N,3632.7819,3632.7819,12902.4504,3632.7819,3632.7819,
8/28/2024 8:40:00 PM,05THVI_SS2,N,N,N,3633.1478,3633.1478,12902.4504,3633.1478,3633.1478,
8/28/2024 8:40:00 PM,05THVI_U01,N,N,N,3632.7819,3632.7819,14987.6611,3632.7819,3632.7819,
8/28/2024 8:40:00 PM,05THVI_U02,N,N,N,3633.1478,3633.1478,14382.1199,3633.1478,3633.1478,
8/28/2024 8:40:00 PM,05TOLEDO_BAT,N,N,N,3625.4637,3625.4637,14476.5687,3625.4637,3625.4637,
8/28/2024 8:40:00 PM,05TOLSOL_G01,N,N,N,3625.4637,3625.4637,14476.8617,3625.4637,3625.4637,
8/28/2024 8:40:00 PM,05TOL_CARMEN,N,N,N,3638.2706,3638.2706,12902.4504,3638.2706,3638.2706,
8/28/2024 8:40:00 PM,05TPC_G01,N,N,N,3638.2706,3638.2706,14527.0977,3638.2706,3638.2706,
8/28/2024 8:40:00 PM,05TPC_G02,N,N,N,3638.2706,3638.2706,14197.7831,3638.2706,3638.2706,
8/28/2024 8:40:00 PM,05TPC_L01,N,N,N,3638.2706,3638.2706,12902.4504,3638.2706,3638.2706,
8/28/2024 8:40:00 PM,05TPC_S01,N,N,N,3638.2706,3638.2706,12902.4504,3638.2706,3638.2706,
8/28/2024 8:40:00 PM,05TPC_S02,N,N,N,3638.2706,3638.2706,12902.4504,3638.2706,3638.2706,
8/28/2024 8:40:00 PM,05TPVI_U01,N,N,N,3659.1276,3659.1276,11719.2780,3659.1276,3659.1276,
8/28/2024 8:40:00 PM,05TPVI_U02,N,N,N,3659.1276,3659.1276,11719.2780,3659.1276,3659.1276,
8/28/2024 8:40:00 PM,05TPVI_U03,N,N,N,3659.1276,3659.1276,11719.2780,3659.1276,3659.1276,
8/28/2024 8:40:00 PM,05TPVI_U04,N,N,N,3659.1276,3659.1276,11719.2780,3659.1276,3659.1276,
8/28/2024 8:40:00 PM,05TPVI_U05,N,N,N,3659.1276,3659.1276,11719.2780,3659.1276,3659.1276,
8/28/2024 8:40:00 PM,05TPVI_U06,N,N,N,3659.1276,3659.1276,11719.2780,3659.1276,3659.1276,
8/28/2024 8:40:00 PM,06AMLAN_SS,N,N,N,3407.3796,3407.3796,12902.4504,3407.3796,3407.3796,
8/28/2024 8:40:00 PM,06AMLAN_T1L1,N,N,N,3411.7706,3411.7706,12902.4504,3411.7706,3411.7706,
8/28/2024 8:40:00 PM,06AMLAN_T2L2,N,N,N,3411.7706,3411.7706,12902.4504,3411.7706,3411.7706,
8/28/2024 8:40:00 PM,06AMLA_G01,N,N,N,3411.7706,3411.7706,14254.4633,3411.7706,3411.7706,
8/28/2024 8:40:00 PM,06BACOL_SS,N,N,N,3686.9370,3686.9370,12902.4504,3686.9370,3686.9370,
8/28/2024 8:40:00 PM,06BACOL_T1L1,N,N,N,3685.1074,3685.1074,12902.4504,3685.1074,3685.1074,
8/28/2024 8:40:00 PM,06BACOL_T1L2,N,N,N,3685.1074,3685.1074,12902.4504,3685.1074,3685.1074,
8/28/2024 8:40:00 PM,06BACOL_T2L2,N,N,N,3685.1074,3685.1074,12902.4504,3685.1074,3685.1074,
8/28/2024 8:40:00 PM,06BACOL_T3L3,N,N,N,3685.1074,3685.1074,12902.4504,3685.1074,3685.1074,
8/28/2024 8:40:00 PM,06BBGPP_G01,N,N,N,3686.2052,3686.2052,16557.6395,3686.2052,3686.2052,
8/28/2024 8:40:00 PM,06BBGPP_L01,N,N,N,3686.2052,3686.2052,12902.4504,3686.2052,3686.2052,
8/28/2024 8:40:00 PM,06BCLBAS_LD1,N,N,N,3685.1074,3685.1074,12902.4504,3685.1074,3685.1074,
8/28/2024 8:40:00 PM,06BCL_SS,N,N,N,3688.0347,3688.0347,12902.4504,3688.0347,3688.0347,
8/28/2024 8:40:00 PM,06BISCOM_G01,N,N,N,3702.3053,3702.3053,14683.9911,3702.3053,3702.3053,
8/28/2024 8:40:00 PM,06CABI_G01,N,N,N,3411.7706,3411.7706,14254.4633,3411.7706,3411.7706,
8/28/2024 8:40:00 PM,06CADIZL_SS,N,N,N,3667.5436,3667.5436,12902.4504,3667.5436,3667.5436,
8/28/2024 8:40:00 PM,06CADIZL_T1L1,N,N,N,3667.1777,3667.1777,12902.4504,3667.1777,3667.1777,
8/28/2024 8:40:00 PM,06CADIZL_T1L2,N,N,N,3667.1777,3667.1777,12902.4504,3667.1777,3667.1777,
8/28/2024 8:40:00 PM,06CADIZL_T1L3,N,N,N,3667.1777,3667.1777,12902.4504,3667.1777,3667.1777,
8/28/2024 8:40:00 PM,06CADIZL_T1L4,N,N,N,3667.1777,3667.1777,12902.4504,3667.1777,3667.1777,
8/28/2024 8:40:00 PM,06CARSOL_G01,N,N,N,3685.1074,3685.1074,14799.9044,3685.1074,3685.1074,
8/28/2024 8:40:00 PM,06CAY_SS,N,N,N,3650.7116,3650.7116,12902.4504,3650.7116,3650.7116,
8/28/2024 8:40:00 PM,06CENPRI_U01,N,N,N,3685.1074,3685.1074,16577.2653,3685.1074,3685.1074,
8/28/2024 8:40:00 PM,06CENPRI_U02,N,N,N,3685.1074,3685.1074,16577.2653,3685.1074,3685.1074,
8/28/2024 8:40:00 PM,06CENPRI_U03,N,N,N,3685.1074,3685.1074,16577.2653,3685.1074,3685.1074,
8/28/2024 8:40:00 PM,06CENPRI_U04,N,N,N,3685.1074,3685.1074,14799.4956,3685.1074,3685.1074,
8/28/2024 8:40:00 PM,06CENPRI_U05,N,N,N,3685.1074,3685.1074,16576.2076,3685.1074,3685.1074,
8/28/2024 8:40:00 PM,06CLTRAVA_SS,N,N,N,3650.7116,3650.7116,12902.4504,3650.7116,3650.7116,
8/28/2024 8:40:00 PM,06FFHC_G01,N,N,N,3667.1777,3667.1777,14714.3064,3667.1777,3667.1777,
8/28/2024 8:40:00 PM,06GAHIT_SS,N,N,N,3677.4233,3677.4233,12902.4504,3677.4233,3677.4233,
8/28/2024 8:40:00 PM,06HELIOS_G01,N,N,N,3667.5436,3667.5436,14710.7020,3667.5436,3667.5436,
8/28/2024 8:40:00 PM,06HELIOS_S01,N,N,N,3667.5436,3667.5436,12902.4504,3667.5436,3667.5436,
8/28/2024 8:40:00 PM,06HPCO_G01,N,N,N,3659.1276,3659.1276,14610.9532,3659.1276,3659.1276,
8/28/2024 8:40:00 PM,06HPCO_G02,N,N,N,3659.1276,3659.1276,14610.9532,3659.1276,3659.1276,
8/28/2024 8:40:00 PM,06KABAN_BAT,N,N,N,3710.3554,3710.3554,16141.0568,3710.3554,3710.3554,
8/28/2024 8:40:00 PM,06KABAN_L01,N,N,N,3710.3554,3710.3554,12902.4504,3710.3554,3710.3554,
8/28/2024 8:40:00 PM,06KABAN_SS,N,N,N,3710.3554,3710.3554,12902.4504,3710.3554,3710.3554,
8/28/2024 8:40:00 PM,06KABAN_T1L1,N,N,N,3702.3053,3702.3053,12902.4504,3702.3053,3702.3053,
8/28/2024 8:40:00 PM,06KABAN_T2L2,N,N,N,3702.3053,3702.3053,12902.4504,3702.3053,3702.3053,
8/28/2024 8:40:00 PM,06MABIN_SS,N,N,N,3413.2342,3413.2342,12902.4504,3413.2342,3413.2342,
8/28/2024 8:40:00 PM,06MABIN_T1L1,N,N,N,3414.3320,3414.3320,12902.4504,3414.3320,3414.3320,
8/28/2024 8:40:00 PM,06MABIN_T2L2,N,N,N,3414.3320,3414.3320,12902.4504,3414.3320,3414.3320,
8/28/2024 8:40:00 PM,06MANSOL_G01,N,N,N,3667.1777,3667.1777,14714.3064,3667.1777,3667.1777,
8/28/2024 8:40:00 PM,06MNTSOL_G01,N,N,N,3411.7706,3411.7706,14254.4633,3411.7706,3411.7706,
8/28/2024 8:40:00 PM,06NASULO_G01,N,N,N,3370.0565,3370.0565,14076.5045,3370.0565,3370.0565,
8/28/2024 8:40:00 PM,06NTNEGB_G01,N,N,N,3659.1276,3659.1276,14610.9532,3659.1276,3659.1276,
8/28/2024 8:40:00 PM,06PAL1A_G01,N,N,N,3372.6179,3372.6179,13745.7901,3372.6179,3372.6179,
8/28/2024 8:40:00 PM,06PAL1A_SS,N,N,N,3374.4475,3374.4475,12902.4504,3374.4475,3374.4475,
8/28/2024 8:40:00 PM,06PAL2A_U01,N,N,N,3370.4225,3370.4225,14190.4106,3370.4225,3370.4225,
8/28/2024 8:40:00 PM,06PAL2A_U02,N,N,N,3370.4225,3370.4225,14092.5497,3370.4225,3370.4225,
8/28/2024 8:40:00 PM,06PAL2A_U03,N,N,N,3370.4225,3370.4225,14002.3075,3370.4225,3370.4225,
8/28/2024 8:40:00 PM,06PAL2A_U04,N,N,N,3659.1276,3659.1276,18332.8303,3659.1276,3659.1276,
8/28/2024 8:40:00 PM,06PGPP2_SS,N,N,N,3371.8861,3371.8861,12902.4504,3371.8861,3371.8861,
8/28/2024 8:40:00 PM,06SACASL_G01,N,N,N,3651.0775,3651.0775,14601.1504,3651.0775,3651.0775,
8/28/2024 8:40:00 PM,06SACASL_G02,N,N,N,3651.0775,3651.0775,14601.1504,3651.0775,3651.0775,
8/28/2024 8:40:00 PM,06SACSUN_G01,N,N,N,3651.0775,3651.0775,14597.4706,3651.0775,3651.0775,
8/28/2024 8:40:00 PM,06SCBE_G01,N,N,N,3667.1777,3667.1777,14714.3064,3667.1777,3667.1777,
8/28/2024 8:40:00 PM,06SCBIOP_G01,N,N,N,3659.1276,3659.1276,14610.9532,3659.1276,3659.1276,
8/28/2024 8:40:00 PM,06SLYSOL_G01,N,N,N,3685.1074,3685.1074,14799.9044,3685.1074,3685.1074,
8/28/2024 8:40:00 PM,06SNCARLOS_SS,N,N,N,3651.0775,3651.0775,12902.4504,3651.0775,3651.0775,
8/28/2024 8:40:00 PM,06STNEGB_G01,N,N,N,3659.1276,3659.1276,14610.9532,3659.1276,3659.1276,
8/28/2024 8:40:00 PM,06URC_G01,N,N,N,3414.3320,3414.3320,14454.2069,3414.3320,3414.3320,
8/28/2024 8:40:00 PM,06VMC_G01,N,N,N,3659.1276,3659.1276,14610.9532,3659.1276,3659.1276,
8/28/2024 8:40:00 PM,06VMC_G02,N,N,N,3685.1074,3685.1074,14799.9044,3685.1074,3685.1074,
8/28/2024 8:40:00 PM,07BDPP_U01,N,N,N,3638.6365,3638.6365,22858.8893,3638.6365,3638.6365,
8/28/2024 8:40:00 PM,07BDPP_U02,N,N,N,3638.6365,3638.6365,30949.5227,3638.6365,3638.6365,
8/28/2024 8:40:00 PM,07BDPP_U03,N,N,N,3638.6365,3638.6365,24368.6856,3638.6365,3638.6365,
8/28/2024 8:40:00 PM,07BDPP_U04,N,N,N,3638.6365,3638.6365,17724.8456,3638.6365,3638.6365,
8/28/2024 8:40:00 PM,07BOHOL_T1L1,N,N,N,3775.1220,3775.1220,12902.4504,3775.1220,3775.1220,
8/28/2024 8:40:00 PM,07BOHOL_T4L4,N,N,N,3775.1220,3775.1220,12902.4504,3775.1220,3775.1220,
8/28/2024 8:40:00 PM,07COREL_T1L1,N,N,N,3638.6365,3638.6365,12902.4504,3638.6365,3638.6365,
8/28/2024 8:40:00 PM,07COREL_T1L2,N,N,N,3638.6365,3638.6365,12902.4504,3638.6365,3638.6365,
8/28/2024 8:40:00 PM,07COREL_T1L3,N,N,N,3638.6365,3638.6365,12902.4504,3638.6365,3638.6365,
8/28/2024 8:40:00 PM,07CRA_SS,N,N,N,3659.1276,3659.1276,12902.4504,3659.1276,3659.1276,
8/28/2024 8:40:00 PM,07JANOPO_G01,N,N,N,3638.6365,3638.6365,20169.2452,3638.6365,3638.6365,
8/28/2024 8:40:00 PM,07LOBOC_G01,N,N,N,3638.6365,3638.6365,20192.0869,3638.6365,3638.6365,
8/28/2024 8:40:00 PM,07LOBOC_G02,N,N,N,3638.6365,3638.6365,20883.8322,3638.6365,3638.6365,
8/28/2024 8:40:00 PM,07SEVILL_G01,N,N,N,3638.6365,3638.6365,21026.4624,3638.6365,3638.6365,
8/28/2024 8:40:00 PM,07TPLPB4_U01,N,N,N,3774.7561,3774.7561,20109.6677,3774.7561,3774.7561,
8/28/2024 8:40:00 PM,07TPLPB4_U02,N,N,N,3774.7561,3774.7561,22722.7280,3774.7561,3774.7561,
8/28/2024 8:40:00 PM,07TPLPB4_U03,N,N,N,3774.7561,3774.7561,19688.9934,3774.7561,3774.7561,
8/28/2024 8:40:00 PM,07TPLPB4_U04,N,N,N,3774.7561,3774.7561,24863.1567,3774.7561,3774.7561,
8/28/2024 8:40:00 PM,07UBAY_BAT,N,N,N,3775.1220,3775.1220,19854.3896,3775.1220,3775.1220,
8/28/2024 8:40:00 PM,07UBAY_T1L1,N,N,N,3775.1220,3775.1220,12902.4504,3775.1220,3775.1220,
8/28/2024 8:40:00 PM,07UBAY_T2L2,N,N,N,3775.1220,3775.1220,12902.4504,3775.1220,3775.1220,
8/28/2024 8:40:00 PM,07UBAY_T3L3,N,N,N,3774.7561,3774.7561,12902.4504,3774.7561,3774.7561,
8/28/2024 8:40:00 PM,08BANTAP_L01,N,N,N,3794.5153,3794.5153,12902.4504,3794.5153,3794.5153,
8/28/2024 8:40:00 PM,08BARO_SS,N,N,N,3677.0574,3677.0574,12902.4504,3677.0574,3677.0574,
8/28/2024 8:40:00 PM,08BARTAC_L01,N,N,N,3659.1276,3659.1276,12902.4504,3659.1276,3659.1276,
8/28/2024 8:40:00 PM,08BARTAC_SS,N,N,N,3677.0574,3677.0574,12902.4504,3677.0574,3677.0574,
8/28/2024 8:40:00 PM,08BVISTA_L01,N,N,N,3801.1018,3801.1018,12902.4504,3801.1018,3801.1018,
8/28/2024 8:40:00 PM,08BVISTA_L02,N,N,N,3801.1018,3801.1018,12902.4504,3801.1018,3801.1018,
8/28/2024 8:40:00 PM,08CASA_G01,N,N,N,3719.5032,3719.5032,14985.9120,3719.5032,3719.5032,
8/28/2024 8:40:00 PM,08CASA_G02,N,N,N,3719.5032,3719.5032,14985.9120,3719.5032,3719.5032,
8/28/2024 8:40:00 PM,08CONCP_T1L1,N,N,N,3648.8821,3648.8821,12902.4504,3648.8821,3648.8821,
8/28/2024 8:40:00 PM,08COSMO_G01,N,N,N,3725.7237,3725.7237,15019.4276,3725.7237,3725.7237,
8/28/2024 8:40:00 PM,08DINGL_SS,N,N,N,3719.5032,3719.5032,12902.4504,3719.5032,3719.5032,
8/28/2024 8:40:00 PM,08DINGL_T1L1,N,N,N,3719.5032,3719.5032,12902.4504,3719.5032,3719.5032,
8/28/2024 8:40:00 PM,08DINGL_T1L2,N,N,N,3719.5032,3719.5032,12902.4504,3719.5032,3719.5032,
8/28/2024 8:40:00 PM,08DINGL_T1L3,N,N,N,3718.7714,3718.7714,12902.4504,3718.7714,3718.7714,
8/28/2024 8:40:00 PM,08DINGL_T1L4,N,N,N,3718.7714,3718.7714,12902.4504,3718.7714,3718.7714,
8/28/2024 8:40:00 PM,08DINGL_T2L1,N,N,N,3719.5032,3719.5032,12902.4504,3719.5032,3719.5032,
8/28/2024 8:40:00 PM,08DINGL_T2L2,N,N,N,3719.5032,3719.5032,12902.4504,3719.5032,3719.5032,
8/28/2024 8:40:00 PM,08GLOBAL_G01,N,N,N,3831.1066,3831.1066,15746.6809,3831.1066,3831.1066,
8/28/2024 8:40:00 PM,08NABASDPP_U01,N,N,N,3831.1066,3831.1066,15746.6809,3831.1066,3831.1066,
8/28/2024 8:40:00 PM,08NABASDPP_U02,N,N,N,3831.1066,3831.1066,15746.6809,3831.1066,3831.1066,
8/28/2024 8:40:00 PM,08NABAS_L01,N,N,N,3831.1066,3831.1066,12902.4504,3831.1066,3831.1066,
8/28/2024 8:40:00 PM,08NABAS_L02,N,N,N,3831.1066,3831.1066,12902.4504,3831.1066,3831.1066,
8/28/2024 8:40:00 PM,08NABAS_L03,N,N,N,3831.1066,3831.1066,12902.4504,3831.1066,3831.1066,
8/28/2024 8:40:00 PM,08NABAS_SS,N,N,N,3831.4725,3831.4725,12902.4504,3831.4725,3831.4725,
8/28/2024 8:40:00 PM,08PALM_G01,N,N,N,3649.2480,3649.2480,11153.8270,3649.2480,3649.2480,
8/28/2024 8:40:00 PM,08PALM_S01,N,N,N,3649.2480,3649.2480,12902.4504,3649.2480,3649.2480,
8/28/2024 8:40:00 PM,08PANIT_SS,N,N,N,3783.9039,3783.9039,12902.4504,3783.9039,3783.9039,
8/28/2024 8:40:00 PM,08PANIT_T1L1,N,N,N,3783.1721,3783.1721,12902.4504,3783.1721,3783.1721,
8/28/2024 8:40:00 PM,08PANIT_T2L2,N,N,N,3783.1721,3783.1721,12902.4504,3783.1721,3783.1721,
8/28/2024 8:40:00 PM,08PDPP1_U02,N,N,N,3719.5032,3719.5032,19087.4746,3719.5032,3719.5032,
8/28/2024 8:40:00 PM,08PDPP1_U03,N,N,N,3719.5032,3719.5032,17703.9214,3719.5032,3719.5032,
8/28/2024 8:40:00 PM,08PDPP1_U05,N,N,N,3719.5032,3719.5032,12024.0097,3719.5032,3719.5032,
8/28/2024 8:40:00 PM,08PDPP3_C,N,N,N,3719.5032,3719.5032,25593.7860,3719.5032,3719.5032,
8/28/2024 8:40:00 PM,08PDPP3_E,N,N,N,3719.5032,3719.5032,18096.9297,3719.5032,3719.5032,
8/28/2024 8:40:00 PM,08PDPP3_G,N,N,N,3719.5032,3719.5032,14985.5031,3719.5032,3719.5032,
8/28/2024 8:40:00 PM,08PDPP3_H,N,N,N,3719.5032,3719.5032,18055.7938,3719.5032,3719.5032,
8/28/2024 8:40:00 PM,08PDPP3_S01,N,N,N,3719.5032,3719.5032,12902.4504,3719.5032,3719.5032,
8/28/2024 8:40:00 PM,08PEDC_SS1,N,N,N,3661.6890,3661.6890,12902.4504,3661.6890,3661.6890,
8/28/2024 8:40:00 PM,08PEDC_SS2,N,N,N,3661.6890,3661.6890,12902.4504,3661.6890,3661.6890,
8/28/2024 8:40:00 PM,08PEDC_SS3,N,N,N,3661.3231,3661.3231,12902.4504,3661.3231,3661.3231,
8/28/2024 8:40:00 PM,08PEDC_T1L1,N,N,N,3662.0549,3662.0549,12902.4504,3662.0549,3662.0549,
8/28/2024 8:40:00 PM,08PEDC_T1L2,N,N,N,3662.7868,3662.7868,12902.4504,3662.7868,3662.7868,
8/28/2024 8:40:00 PM,08PEDC_U01,N,N,N,3661.6890,3661.6890,14920.8112,3661.6890,3661.6890,
8/28/2024 8:40:00 PM,08PEDC_U02,N,N,N,3661.6890,3661.6890,14903.6387,3661.6890,3661.6890,
8/28/2024 8:40:00 PM,08PEDC_U03,N,N,N,3661.3231,3661.3231,14723.0764,3661.3231,3661.3231,
8/28/2024 8:40:00 PM,08PWIND_G01,N,N,N,3831.1066,3831.1066,11489.2338,3831.1066,3831.1066,
8/28/2024 8:40:00 PM,08PWIND_G02,N,N,N,3831.1066,3831.1066,10593.4795,3831.1066,3831.1066,
8/28/2024 8:40:00 PM,08SLWIND_G01,N,N,N,3801.1018,3801.1018,12119.4350,3801.1018,3801.1018,
8/28/2024 8:40:00 PM,08SLWIND_L01,N,N,N,3801.1018,3801.1018,12902.4504,3801.1018,3801.1018,
8/28/2024 8:40:00 PM,08SNJOSE_L01,N,N,N,3725.7237,3725.7237,12902.4504,3725.7237,3725.7237,
8/28/2024 8:40:00 PM,08SNJOSE_L02,N,N,N,3725.7237,3725.7237,12902.4504,3725.7237,3725.7237,
8/28/2024 8:40:00 PM,08SNJOSE_L03,N,N,N,3725.7237,3725.7237,12902.4504,3725.7237,3725.7237,
8/28/2024 8:40:00 PM,08STBAR_SS1,N,N,N,3704.5008,3704.5008,12902.4504,3704.5008,3704.5008,
8/28/2024 8:40:00 PM,08STBAR_SS2,N,N,N,3704.1349,3704.1349,12902.4504,3704.1349,3704.1349,
8/28/2024 8:40:00 PM,08STBAR_SS3,N,N,N,3703.7690,3703.7690,12902.4504,3703.7690,3703.7690,
8/28/2024 8:40:00 PM,08STBAR_T1L1,N,N,N,3704.1349,3704.1349,12902.4504,3704.1349,3704.1349,
8/28/2024 8:40:00 PM,08STBAR_T2L2,N,N,N,3703.7690,3703.7690,12902.4504,3703.7690,3703.7690,
8/28/2024 8:40:00 PM,08STBPB1_U01,N,N,N,3704.1349,3704.1349,11964.2354,3704.1349,3704.1349,
8/28/2024 8:40:00 PM,08STBPB1_U02,N,N,N,3704.1349,3704.1349,5421.1432,3704.1349,3704.1349,
8/28/2024 8:40:00 PM,08STBPB1_U03,N,N,N,3704.1349,3704.1349,14895.0796,3704.1349,3704.1349,
8/28/2024 8:40:00 PM,08STBPB1_U04,N,N,N,3704.1349,3704.1349,25406.6969,3704.1349,3704.1349,
8/28/2024 8:40:00 PM,08SUWECO_G01,N,N,N,3703.7690,3703.7690,14196.6111,3703.7690,3703.7690,
8/28/2024 8:40:00 PM,08TIMBA_G01,N,N,N,3831.1066,3831.1066,14447.2571,3831.1066,3831.1066,
8/28/2024 8:40:00 PM,09AURORA_SS,N,N,N,3357.5631,3357.5631,4216.9890,3357.5631,3357.5631,
8/28/2024 8:40:00 PM,09CLB_T1L1,N,N,N,3358.8433,3358.8433,4216.9890,3358.8433,3358.8433,
8/28/2024 8:40:00 PM,09JIMDSL_U01,N,N,N,3358.8433,3358.8433,3368.3974,3358.8433,3358.8433,
8/28/2024 8:40:00 PM,09JIMDSL_U02,N,N,N,3358.8433,3358.8433,3368.3974,3358.8433,3358.8433,
8/28/2024 8:40:00 PM,09KAP_T1L1,N,N,N,3358.8433,3358.8433,4216.9890,3358.8433,3358.8433,
8/28/2024 8:40:00 PM,09LALA_SS,N,N,N,3260.9103,3260.9103,4216.9890,3260.9103,3260.9103,
8/28/2024 8:40:00 PM,09LIBPOWR_G01,N,N,N,3358.8433,3358.8433,3358.7574,3358.8433,3358.8433,
8/28/2024 8:40:00 PM,09MHY_T1L1,N,N,N,3358.8433,3358.8433,4216.9890,3358.8433,3358.8433,
8/28/2024 8:40:00 PM,09MLS_T1L1,N,N,N,3717.9307,3717.9307,4216.9890,3717.9307,3717.9307,
8/28/2024 8:40:00 PM,09NAGA_SS,N,N,N,3716.0104,3716.0104,4216.9890,3716.0104,3716.0104,
8/28/2024 8:40:00 PM,09PANABNK_U01,N,N,N,3358.8433,3358.8433,3368.3974,3358.8433,3358.8433,
8/28/2024 8:40:00 PM,09PANABNK_U02,N,N,N,3358.8433,3358.8433,3368.3974,3358.8433,3358.8433,
8/28/2024 8:40:00 PM,09PITOGO_SS,N,N,N,3966.6035,3966.6035,4216.9890,3966.6035,3966.6035,
8/28/2024 8:40:00 PM,09POLAN_SS,N,N,N,3415.1707,3415.1707,4216.9890,3415.1707,3415.1707,
8/28/2024 8:40:00 PM,09RXS_T2L1,N,N,N,3415.8108,3415.8108,4216.9890,3415.8108,3415.8108,
8/28/2024 8:40:00 PM,09SANGALI_BAT,N,N,N,3931.7189,3931.7189,3989.1080,3931.7189,3931.7189,
8/28/2024 8:40:00 PM,09SJG_T1L1,N,N,N,3965.6434,3965.6434,4216.9890,3965.6434,3965.6434,
8/28/2024 8:40:00 PM,09SML_T1L1,N,N,N,3358.8433,3358.8433,4216.9890,3358.8433,3358.8433,
8/28/2024 8:40:00 PM,09SRW_T1L1,N,N,N,3717.9307,3717.9307,4216.9890,3717.9307,3717.9307,
8/28/2024 8:40:00 PM,09TMG_T1L1,N,N,N,3965.6434,3965.6434,4216.9890,3965.6434,3965.6434,
8/28/2024 8:40:00 PM,09TMG_T2L1,N,N,N,3931.7189,3931.7189,4216.9890,3931.7189,3931.7189,
8/28/2024 8:40:00 PM,09TUL_T1L1,N,N,N,3965.6434,3965.6434,4216.9890,3965.6434,3965.6434,
8/28/2024 8:40:00 PM,09WMPC_S01,N,N,N,3931.7189,3931.7189,4216.9890,3931.7189,3931.7189,
8/28/2024 8:40:00 PM,09WMPC_U01,N,N,N,3931.7189,3931.7189,3953.5177,3931.7189,3931.7189,
8/28/2024 8:40:00 PM,09WMPC_U02,N,N,N,3931.7189,3931.7189,3989.1080,3931.7189,3931.7189,
8/28/2024 8:40:00 PM,09WMPC_U03,N,N,N,3931.7189,3931.7189,3989.1080,3931.7189,3931.7189,
8/28/2024 8:40:00 PM,09WMPC_U04,N,N,N,3931.7189,3931.7189,3989.1080,3931.7189,3931.7189,
8/28/2024 8:40:00 PM,09WMPC_U05,N,N,N,3931.7189,3931.7189,3989.1080,3931.7189,3931.7189,
8/28/2024 8:40:00 PM,09WMPC_U06,N,N,N,3931.7189,3931.7189,3989.1080,3931.7189,3931.7189,
8/28/2024 8:40:00 PM,09WMPC_U07,N,N,N,3931.7189,3931.7189,3989.1080,3931.7189,3931.7189,
8/28/2024 8:40:00 PM,09WMPC_U08,N,N,N,3931.7189,3931.7189,3989.1080,3931.7189,3931.7189,
8/28/2024 8:40:00 PM,09WMPC_U09,N,N,N,3931.7189,3931.7189,3989.1080,3931.7189,3931.7189,
8/28/2024 8:40:00 PM,09WMPC_U10,N,N,N,3931.7189,3931.7189,3938.5877,3931.7189,3931.7189,
8/28/2024 8:40:00 PM,09ZAMBO_SS,N,N,N,3931.7189,3931.7189,4216.9890,3931.7189,3931.7189,
8/28/2024 8:40:00 PM,09ZAMSAN_L01,N,N,N,3931.7189,3931.7189,4216.9890,3931.7189,3931.7189,
8/28/2024 8:40:00 PM,10AG6_T2L1,N,N,N,3161.3772,3161.3772,4216.9890,3161.3772,3161.3772,
8/28/2024 8:40:00 PM,10AGUS1_SS,N,N,N,3126.4926,3126.4926,4216.9890,3126.4926,3126.4926,
8/28/2024 8:40:00 PM,10AGUS1_U01,N,N,N,3126.4926,3126.4926,3133.7925,3126.4926,3126.4926,
8/28/2024 8:40:00 PM,10AGUS1_U02,N,N,N,3126.4926,3126.4926,3131.5717,3126.4926,3126.4926,
8/28/2024 8:40:00 PM,10AGUS2_SS,N,N,N,3131.2932,3131.2932,4216.9890,3131.2932,3131.2932,
8/28/2024 8:40:00 PM,10AGUS2_U01,N,N,N,3131.2932,3131.2932,3134.2934,3131.2932,3131.2932,
8/28/2024 8:40:00 PM,10AGUS2_U02,N,N,N,3131.2932,3131.2932,3138.3758,3131.2932,3131.2932,
8/28/2024 8:40:00 PM,10AGUS2_U03,N,N,N,3131.2932,3131.2932,3119.3182,3131.2932,3131.2932,
8/28/2024 8:40:00 PM,10AGUS4_SS,N,N,N,3158.8169,3158.8169,4216.9890,3158.8169,3158.8169,
8/28/2024 8:40:00 PM,10AGUS4_U01,N,N,N,3158.8169,3158.8169,3158.9706,3158.8169,3158.8169,
8/28/2024 8:40:00 PM,10AGUS4_U02,N,N,N,3158.8169,3158.8169,3157.9108,3158.8169,3158.8169,
8/28/2024 8:40:00 PM,10AGUS4_U03,N,N,N,3158.8169,3158.8169,3159.0642,3158.8169,3158.8169,
8/28/2024 8:40:00 PM,10AGUS5_SS,N,N,N,3162.3373,3162.3373,4216.9890,3162.3373,3162.3373,
8/28/2024 8:40:00 PM,10AGUS5_U01,N,N,N,3162.3373,3162.3373,3160.2381,3162.3373,3162.3373,
8/28/2024 8:40:00 PM,10AGUS5_U02,N,N,N,3162.3373,3162.3373,3158.8922,3162.3373,3162.3373,
8/28/2024 8:40:00 PM,10AGUS6_SS,N,N,N,3152.4160,3152.4160,4216.9890,3152.4160,3152.4160,
8/28/2024 8:40:00 PM,10AGUS6_U01,N,N,N,3152.4160,3152.4160,3149.3641,3152.4160,3152.4160,
8/28/2024 8:40:00 PM,10AGUS6_U02,N,N,N,3152.4160,3152.4160,3156.5266,3152.4160,3152.4160,
8/28/2024 8:40:00 PM,10AGUS6_U03,N,N,N,3152.4160,3152.4160,3161.2617,3152.4160,3152.4160,
8/28/2024 8:40:00 PM,10AGUS6_U04,N,N,N,3152.4160,3152.4160,3155.0690,3152.4160,3152.4160,
8/28/2024 8:40:00 PM,10AGUS6_U05,N,N,N,3152.4160,3152.4160,3134.9621,3152.4160,3152.4160,
8/28/2024 8:40:00 PM,10AGUS7_U01,N,N,N,3152.4160,3152.4160,3152.3270,3152.4160,3152.4160,
8/28/2024 8:40:00 PM,10AGUS7_U02,N,N,N,3152.4160,3152.4160,3152.9137,3152.4160,3152.4160,
8/28/2024 8:40:00 PM,10BALOI_L01,N,N,N,3152.4160,3152.4160,4216.9890,3152.4160,3152.4160,
8/28/2024 8:40:00 PM,10BALOI_SS,N,N,N,3182.50,3182.50,4216.9890,3182.50,3182.50,
8/28/2024 8:40:00 PM,10BUR_T1L1,N,N,N,3152.4160,3152.4160,4216.9890,3152.4160,3152.4160,
8/28/2024 8:40:00 PM,10BUR_T1L2,N,N,N,3152.4160,3152.4160,4216.9890,3152.4160,3152.4160,
8/28/2024 8:40:00 PM,10GNPK_U01,N,N,N,3182.50,3182.50,3196.1311,3182.50,3182.50,
8/28/2024 8:40:00 PM,10GNPK_U02,N,N,N,3182.50,3182.50,3196.0786,3182.50,3182.50,
8/28/2024 8:40:00 PM,10GNPK_U03,N,N,N,3200.4224,3200.4224,3196.6136,3200.4224,3200.4224,
8/28/2024 8:40:00 PM,10GNPK_U04,N,N,N,3182.50,3182.50,3201.5636,3182.50,3182.50,
8/28/2024 8:40:00 PM,10IDPP_G01,N,N,N,3188.5808,3188.5808,3186.0106,3188.5808,3188.5808,
8/28/2024 8:40:00 PM,10IDPP_SS,N,N,N,3188.5808,3188.5808,4216.9890,3188.5808,3188.5808,
8/28/2024 8:40:00 PM,10KAUSWGN_SS,N,N,N,3188.9008,3188.9008,4216.9890,3188.9008,3188.9008,
8/28/2024 8:40:00 PM,10KAU_T1L1,N,N,N,3200.4224,3200.4224,4216.9890,3200.4224,3200.4224,
8/28/2024 8:40:00 PM,10KIW_T1L1,N,N,N,3152.4160,3152.4160,4216.9890,3152.4160,3152.4160,
8/28/2024 8:40:00 PM,10KIW_T2L1,N,N,N,3190.1810,3190.1810,4216.9890,3190.1810,3190.1810,
8/28/2024 8:40:00 PM,10LGAIT_SS,N,N,N,3189.8610,3189.8610,4216.9890,3189.8610,3189.8610,
8/28/2024 8:40:00 PM,10LIAN_G01,N,N,N,3200.4224,3200.4224,3100.4850,3200.4224,3200.4224,
8/28/2024 8:40:00 PM,10MCN_T1L1,N,N,N,3161.3772,3161.3772,4216.9890,3161.3772,3161.3772,
8/28/2024 8:40:00 PM,10MCR_T1L1,N,N,N,3161.3772,3161.3772,4216.9890,3161.3772,3161.3772,
8/28/2024 8:40:00 PM,10MCT_T1L1,N,N,N,3152.4160,3152.4160,4216.9890,3152.4160,3152.4160,
8/28/2024 8:40:00 PM,10MEGC_G01,N,N,N,3152.4160,3152.4160,3158.0448,3152.4160,3152.4160,
8/28/2024 8:40:00 PM,10MLN_T1L1,N,N,N,3127.1327,3127.1327,4216.9890,3127.1327,3127.1327,
8/28/2024 8:40:00 PM,10MPL_T1L1,N,N,N,3152.4160,3152.4160,4216.9890,3152.4160,3152.4160,
8/28/2024 8:40:00 PM,10MRW_T1L1,N,N,N,3127.1327,3127.1327,4216.9890,3127.1327,3127.1327,
8/28/2024 8:40:00 PM,10MRW_T2L1,N,N,N,3161.3772,3161.3772,4216.9890,3161.3772,3161.3772,
8/28/2024 8:40:00 PM,10NUN_T1L2,N,N,N,3152.4160,3152.4160,4216.9890,3152.4160,3152.4160,
8/28/2024 8:40:00 PM,10OPO_T1L1,N,N,N,3190.1810,3190.1810,4216.9890,3190.1810,3190.1810,
8/28/2024 8:40:00 PM,10PAT_T1L1,N,N,N,3190.1810,3190.1810,4216.9890,3190.1810,3190.1810,
8/28/2024 8:40:00 PM,10PGW_T1L1,N,N,N,3190.1810,3190.1810,4216.9890,3190.1810,3190.1810,
8/28/2024 8:40:00 PM,10PLT_T1L1,N,N,N,3188.5808,3188.5808,4216.9890,3188.5808,3188.5808,
8/28/2024 8:40:00 PM,10PLT_T2L1,N,N,N,3190.1810,3190.1810,4216.9890,3190.1810,3190.1810,
8/28/2024 8:40:00 PM,10PPEI_U01,N,N,N,3152.4160,3152.4160,3192.3048,3152.4160,3152.4160,
8/28/2024 8:40:00 PM,10SRZ_T1L1,N,N,N,3161.3772,3161.3772,4216.9890,3161.3772,3161.3772,
8/28/2024 8:40:00 PM,11CDO_T1L1,N,N,N,3227.6260,3227.6260,4216.9890,3227.6260,3227.6260,
8/28/2024 8:40:00 PM,11CRYSSUG_G01,N,N,N,3276.5924,3276.5924,3288.2913,3276.5924,3276.5924,
8/28/2024 8:40:00 PM,11FDC_SS,N,N,N,3187.6207,3187.6207,4216.9890,3187.6207,3187.6207,
8/28/2024 8:40:00 PM,11FDC_U01,N,N,N,3200.4224,3200.4224,3162.2308,3200.4224,3200.4224,
8/28/2024 8:40:00 PM,11FDC_U02,N,N,N,3183.7802,3183.7802,3162.4711,3183.7802,3183.7802,
8/28/2024 8:40:00 PM,11FDC_U03,N,N,N,3183.7802,3183.7802,3162.3875,3183.7802,3183.7802,
8/28/2024 8:40:00 PM,11FGBPC_G01,N,N,N,3209.0635,3209.0635,3190.5220,3209.0635,3209.0635,
8/28/2024 8:40:00 PM,11JASAAN_SS,N,N,N,3223.4654,3223.4654,4216.9890,3223.4654,3223.4654,
8/28/2024 8:40:00 PM,11JASA_BAT,N,N,N,3209.0635,3209.0635,3073.1308,3209.0635,3209.0635,
8/28/2024 8:40:00 PM,11KBSOL_G01,N,N,N,3302.5158,3302.5158,3315.8050,3302.5158,3302.5158,
8/28/2024 8:40:00 PM,11KEGMAR_G01,N,N,N,3276.5924,3276.5924,3288.2913,3276.5924,3276.5924,
8/28/2024 8:40:00 PM,11KIBAWE_SS,N,N,N,3302.1958,3302.1958,4216.9890,3302.1958,3302.1958,
8/28/2024 8:40:00 PM,11KIB_T1L1,N,N,N,3276.5924,3276.5924,4216.9890,3276.5924,3276.5924,
8/28/2024 8:40:00 PM,11KIB_T1L2,N,N,N,3276.5924,3276.5924,4216.9890,3276.5924,3276.5924,
8/28/2024 8:40:00 PM,11KIRAS_G01,N,N,N,3209.0635,3209.0635,3195.0309,3209.0635,3209.0635,
8/28/2024 8:40:00 PM,11KNG_T1L1,N,N,N,3209.0635,3209.0635,4216.9890,3209.0635,3209.0635,
8/28/2024 8:40:00 PM,11LBA_T1L1,N,N,N,3223.4654,3223.4654,4216.9890,3223.4654,3223.4654,
8/28/2024 8:40:00 PM,11LUN_T1L1,N,N,N,3209.0635,3209.0635,4216.9890,3209.0635,3209.0635,
8/28/2024 8:40:00 PM,11MAN1_S01,N,N,N,3197.8620,3197.8620,4216.9890,3197.8620,3197.8620,
8/28/2024 8:40:00 PM,11MAN2_S01,N,N,N,3197.8620,3197.8620,4216.9890,3197.8620,3197.8620,
8/28/2024 8:40:00 PM,11MANFOR_G01,N,N,N,3197.8620,3197.8620,3201.9688,3197.8620,3197.8620,
8/28/2024 8:40:00 PM,11MANFOR_G02,N,N,N,3197.8620,3197.8620,3201.2268,3197.8620,3197.8620,
8/28/2024 8:40:00 PM,11MANOLO_SS,N,N,N,3198.5021,3198.5021,4216.9890,3198.5021,3198.5021,
8/28/2024 8:40:00 PM,11MARAM_SS,N,N,N,3264.7509,3264.7509,4216.9890,3264.7509,3264.7509,
8/28/2024 8:40:00 PM,11MINBAL_G01,N,N,N,3209.0635,3209.0635,3195.1446,3209.0635,3209.0635,
8/28/2024 8:40:00 PM,11MINBU_G01,N,N,N,3209.0635,3209.0635,3195.3008,3209.0635,3209.0635,
8/28/2024 8:40:00 PM,11MLY_T1L1,N,N,N,3276.5924,3276.5924,4216.9890,3276.5924,3276.5924,
8/28/2024 8:40:00 PM,11MNCBLG_G01,N,N,N,3209.0635,3209.0635,3199.4239,3209.0635,3209.0635,
8/28/2024 8:40:00 PM,11MNRGY_G01,N,N,N,3209.0635,3209.0635,3195.0309,3209.0635,3209.0635,
8/28/2024 8:40:00 PM,11MNRGY_G02,N,N,N,3209.0635,3209.0635,3146.8243,3209.0635,3209.0635,
8/28/2024 8:40:00 PM,11MOR_T1L1,N,N,N,3227.6260,3227.6260,4216.9890,3227.6260,3227.6260,
8/28/2024 8:40:00 PM,11NAT_T1L1,N,N,N,3209.0635,3209.0635,4216.9890,3209.0635,3209.0635,
8/28/2024 8:40:00 PM,11NAT_T2L1,N,N,N,3209.0635,3209.0635,4216.9890,3209.0635,3209.0635,
8/28/2024 8:40:00 PM,11NBPC_G01,N,N,N,3276.5924,3276.5924,3288.2913,3276.5924,3276.5924,
8/28/2024 8:40:00 PM,11OPOL_SS,N,N,N,3226.9859,3226.9859,4216.9890,3226.9859,3226.9859,
8/28/2024 8:40:00 PM,11OPO_T1L1,N,N,N,3227.6260,3227.6260,4216.9890,3227.6260,3227.6260,
8/28/2024 8:40:00 PM,11PACERM_G01,N,N,N,3227.6260,3227.6260,3223.1032,3227.6260,3227.6260,
8/28/2024 8:40:00 PM,11PAL_T1L1,N,N,N,3302.5158,3302.5158,4216.9890,3302.5158,3302.5158,
8/28/2024 8:40:00 PM,11PG4_T1L1,N,N,N,3276.5924,3276.5924,4216.9890,3276.5924,3276.5924,
8/28/2024 8:40:00 PM,11PKBUK_G01,N,N,N,3209.0635,3209.0635,3195.0309,3209.0635,3209.0635,
8/28/2024 8:40:00 PM,11PULA4_U01,N,N,N,3275.9523,3275.9523,3290.7469,3275.9523,3275.9523,
8/28/2024 8:40:00 PM,11PULA4_U02,N,N,N,3275.6323,3275.6323,3254.2410,3275.6323,3275.6323,
8/28/2024 8:40:00 PM,11PULA4_U03,N,N,N,3200.4224,3200.4224,3363.7236,3200.4224,3200.4224,
8/28/2024 8:40:00 PM,11SME_T1L1,N,N,N,3200.4224,3200.4224,4216.9890,3200.4224,3200.4224,
8/28/2024 8:40:00 PM,11SMH_T1L1,N,N,N,3200.4224,3200.4224,4216.9890,3200.4224,3200.4224,
8/28/2024 8:40:00 PM,11STEAG_U01,N,N,N,3199.1422,3199.1422,3185.6442,3199.1422,3199.1422,
8/28/2024 8:40:00 PM,11STEAG_U02,N,N,N,3199.1422,3199.1422,3159.0102,3199.1422,3199.1422,
8/28/2024 8:40:00 PM,11TAGOL_SS,N,N,N,3200.4224,3200.4224,4216.9890,3200.4224,3200.4224,
8/28/2024 8:40:00 PM,11VILLA_BAT,N,N,N,3202.6627,3202.6627,3187.2066,3202.6627,3202.6627,
8/28/2024 8:40:00 PM,11VILLA_L01,N,N,N,3202.6627,3202.6627,4216.9890,3202.6627,3202.6627,
8/28/2024 8:40:00 PM,11VILLA_SS,N,N,N,3209.7036,3209.7036,4216.9890,3209.7036,3209.7036,
8/28/2024 8:40:00 PM,12ALE_T1L1,N,N,N,3673.4448,3673.4448,4216.9890,3673.4448,3673.4448,
8/28/2024 8:40:00 PM,12ASIGA_G01,N,N,N,3561.7501,3561.7501,3526.3686,3561.7501,3561.7501,
8/28/2024 8:40:00 PM,12BAG_T1L1,N,N,N,3632.7994,3632.7994,4216.9890,3632.7994,3632.7994,
8/28/2024 8:40:00 PM,12BISLIG_SS,N,N,N,3633.1195,3633.1195,4216.9890,3633.1195,3633.1195,
8/28/2024 8:40:00 PM,12BUTUAN_SS,N,N,N,3559.8298,3559.8298,4216.9890,3559.8298,3559.8298,
8/28/2024 8:40:00 PM,12BUT_T2L1,N,N,N,3505.7427,3505.7427,4216.9890,3505.7427,3505.7427,
8/28/2024 8:40:00 PM,12BYG_T1L1,N,N,N,3561.7501,3561.7501,4216.9890,3561.7501,3561.7501,
8/28/2024 8:40:00 PM,12KEGGIN_G01,N,N,N,3505.7427,3505.7427,3463.6723,3505.7427,3505.7427,
8/28/2024 8:40:00 PM,12KEGTAN_G01,N,N,N,3673.4448,3673.4448,3636.8686,3673.4448,3673.4448,
8/28/2024 8:40:00 PM,12LKMAINIT_G01,N,N,N,3561.7501,3561.7501,3521.2774,3561.7501,3561.7501,
8/28/2024 8:40:00 PM,12LMO_T1L1,N,N,N,3561.7501,3561.7501,4216.9890,3561.7501,3561.7501,
8/28/2024 8:40:00 PM,12MAD_T1L1,N,N,N,3648.4815,3648.4815,4216.9890,3648.4815,3648.4815,
8/28/2024 8:40:00 PM,12NACSUR_G01,N,N,N,3648.4815,3648.4815,3590.1127,3648.4815,3648.4815,
8/28/2024 8:40:00 PM,12NASIP_SS,N,N,N,3505.1026,3505.1026,4216.9890,3505.1026,3505.1026,
8/28/2024 8:40:00 PM,12NAS_T1L1,N,N,N,3561.7501,3561.7501,4216.9890,3561.7501,3561.7501,
8/28/2024 8:40:00 PM,12PBA_T1L1,N,N,N,3632.7994,3632.7994,4216.9890,3632.7994,3632.7994,
8/28/2024 8:40:00 PM,12PKSFRA_U01,N,N,N,3673.4448,3673.4448,3636.8686,3673.4448,3673.4448,
8/28/2024 8:40:00 PM,12PKSFRA_U02,N,N,N,3673.4448,3673.4448,3636.8686,3673.4448,3673.4448,
8/28/2024 8:40:00 PM,12PLACER_SS,N,N,N,3644.9610,3644.9610,4216.9890,3644.9610,3644.9610,
8/28/2024 8:40:00 PM,12SFRAN_SS,N,N,N,3673.7648,3673.7648,4216.9890,3673.7648,3673.7648,
8/28/2024 8:40:00 PM,12SLU_T1L1,N,N,N,3505.7427,3505.7427,4216.9890,3505.7427,3505.7427,
8/28/2024 8:40:00 PM,12SNT_T1L1,N,N,N,3561.7501,3561.7501,4216.9890,3561.7501,3561.7501,
8/28/2024 8:40:00 PM,12STCRUZ_L01,N,N,N,3648.4815,3648.4815,4216.9890,3648.4815,3648.4815,
8/28/2024 8:40:00 PM,12SUR_T1L1,N,N,N,3648.4815,3648.4815,4216.9890,3648.4815,3648.4815,
8/28/2024 8:40:00 PM,12TBD_T1L1,N,N,N,3200.4224,3200.4224,4216.9890,3200.4224,3200.4224,
8/28/2024 8:40:00 PM,12TBO_T1L1,N,N,N,3632.7994,3632.7994,4216.9890,3632.7994,3632.7994,
8/28/2024 8:40:00 PM,12TDG_T1L1,N,N,N,3673.4448,3673.4448,4216.9890,3673.4448,3673.4448,
8/28/2024 8:40:00 PM,12THERMA2_SS,N,N,N,3505.1026,3505.1026,4216.9890,3505.1026,3505.1026,
8/28/2024 8:40:00 PM,12TM2_U01,N,N,N,3505.1026,3505.1026,3463.3536,3505.1026,3505.1026,
8/28/2024 8:40:00 PM,12TM2_U02,N,N,N,3505.1026,3505.1026,3463.3536,3505.1026,3505.1026,
8/28/2024 8:40:00 PM,12TRE_T1L1,N,N,N,3632.7994,3632.7994,4216.9890,3632.7994,3632.7994,
8/28/2024 8:40:00 PM,13ASU_T1L1,N,N,N,3495.8213,3495.8213,4216.9890,3495.8213,3495.8213,
8/28/2024 8:40:00 PM,13BAJ_T1L1,N,N,N,3325.2388,3325.2388,4216.9890,3325.2388,3325.2388,
8/28/2024 8:40:00 PM,13BNS_T1L1,N,N,N,3292.9146,3292.9146,4216.9890,3292.9146,3292.9146,
8/28/2024 8:40:00 PM,13BNY_T1L1,N,N,N,3457.7363,3457.7363,4216.9890,3457.7363,3457.7363,
8/28/2024 8:40:00 PM,13BUNAW_SS,N,N,N,3284.2734,3284.2734,4216.9890,3284.2734,3284.2734,
8/28/2024 8:40:00 PM,13CULAMAN_SS,N,N,N,3103.7696,3103.7696,4216.9890,3103.7696,3103.7696,
8/28/2024 8:40:00 PM,13DAVAO_SS,N,N,N,3325.2388,3325.2388,4216.9890,3325.2388,3325.2388,
8/28/2024 8:40:00 PM,13DAV_T1L1,N,N,N,3263.4707,3263.4707,4216.9890,3263.4707,3263.4707,
8/28/2024 8:40:00 PM,13DCPP_U01,N,N,N,3261.2304,3261.2304,3285.9917,3261.2304,3261.2304,
8/28/2024 8:40:00 PM,13DCPP_U02,N,N,N,3261.2304,3261.2304,3128.9513,3261.2304,3261.2304,
8/28/2024 8:40:00 PM,13DIGSOL_G01,N,N,N,3292.9146,3292.9146,3321.4939,3292.9146,3292.9146,
8/28/2024 8:40:00 PM,13DIG_T1L1,N,N,N,3327.1591,3327.1591,4216.9890,3327.1591,3327.1591,
8/28/2024 8:40:00 PM,13DIG_T2L1,N,N,N,3292.9146,3292.9146,4216.9890,3292.9146,3292.9146,
8/28/2024 8:40:00 PM,13DIG_T3L1,N,N,N,3263.4707,3263.4707,4216.9890,3263.4707,3263.4707,
8/28/2024 8:40:00 PM,13DLP_T1L1,N,N,N,3327.1591,3327.1591,4216.9890,3327.1591,3327.1591,
8/28/2024 8:40:00 PM,13DLP_T1L2,N,N,N,3327.1591,3327.1591,4216.9890,3327.1591,3327.1591,
8/28/2024 8:40:00 PM,13DLP_T1L3,N,N,N,3327.1591,3327.1591,4216.9890,3327.1591,3327.1591,
8/28/2024 8:40:00 PM,13DLP_T2L1,N,N,N,3311.4770,3311.4770,4216.9890,3311.4770,3311.4770,
8/28/2024 8:40:00 PM,13DRA_T1L1,N,N,N,3310.1969,3310.1969,4216.9890,3310.1969,3310.1969,
8/28/2024 8:40:00 PM,13DRA_T1L2,N,N,N,3310.1969,3310.1969,4216.9890,3310.1969,3310.1969,
8/28/2024 8:40:00 PM,13DSP_T1L1,N,N,N,3292.9146,3292.9146,4216.9890,3292.9146,3292.9146,
8/28/2024 8:40:00 PM,13DSR_T1L1,N,N,N,3104.7297,3104.7297,4216.9890,3104.7297,3104.7297,
8/28/2024 8:40:00 PM,13EUROH_G01,N,N,N,3495.8213,3495.8213,3512.1386,3495.8213,3495.8213,
8/28/2024 8:40:00 PM,13MACO_BAT,N,N,N,3457.7363,3457.7363,3536.0461,3457.7363,3457.7363,
8/28/2024 8:40:00 PM,13MACO_SS,N,N,N,3457.4163,3457.4163,4216.9890,3457.4163,3457.4163,
8/28/2024 8:40:00 PM,13MAGDBNK_G01,N,N,N,3457.7363,3457.7363,3475.9334,3457.7363,3457.7363,
8/28/2024 8:40:00 PM,13MAGDBNK_U01,N,N,N,3457.7363,3457.7363,3536.0461,3457.7363,3457.7363,
8/28/2024 8:40:00 PM,13MAGDBNK_U02,N,N,N,3457.7363,3457.7363,3475.9334,3457.7363,3457.7363,
8/28/2024 8:40:00 PM,13MAGDBNK_U03,N,N,N,3457.7363,3457.7363,3536.0459,3457.7363,3457.7363,
8/28/2024 8:40:00 PM,13MALITA_BAT,N,N,N,3104.7297,3104.7297,2994.5944,3104.7297,3104.7297,
8/28/2024 8:40:00 PM,13MATAN_SS,N,N,N,3142.1747,3142.1747,4216.9890,3142.1747,3142.1747,
8/28/2024 8:40:00 PM,13MATIBNK_G01,N,N,N,3200.4224,3200.4224,3536.0461,3200.4224,3200.4224,
8/28/2024 8:40:00 PM,13MON_T1L1,N,N,N,3495.8213,3495.8213,4216.9890,3495.8213,3495.8213,
8/28/2024 8:40:00 PM,13MPCDIG_G01,N,N,N,3292.9146,3292.9146,3321.4939,3292.9146,3292.9146,
8/28/2024 8:40:00 PM,13MSR_T1L1,N,N,N,3495.8213,3495.8213,4216.9890,3495.8213,3495.8213,
8/28/2024 8:40:00 PM,13NABUN_SS,N,N,N,3495.8213,3495.8213,4216.9890,3495.8213,3495.8213,
8/28/2024 8:40:00 PM,13PMA_T1L1,N,N,N,3292.9146,3292.9146,4216.9890,3292.9146,3292.9146,
8/28/2024 8:40:00 PM,13SIBULAN_G01,N,N,N,3325.2388,3325.2388,3345.5029,3325.2388,3325.2388,
8/28/2024 8:40:00 PM,13SMC_U01,N,N,N,3082.0067,3082.0067,3044.8290,3082.0067,3082.0067,
8/28/2024 8:40:00 PM,13SMC_U02,N,N,N,3096.7287,3096.7287,3044.5139,3096.7287,3096.7287,
8/28/2024 8:40:00 PM,13TALOM1_G01,N,N,N,3327.1591,3327.1591,3347.7930,3327.1591,3327.1591,
8/28/2024 8:40:00 PM,13TALOM23_G01,N,N,N,3325.2388,3325.2388,3342.8021,3325.2388,3325.2388,
8/28/2024 8:40:00 PM,13TGM_T1L1,N,N,N,3457.7363,3457.7363,4216.9890,3457.7363,3457.7363,
8/28/2024 8:40:00 PM,13THERMA1_SS,N,N,N,3457.4163,3457.4163,4216.9890,3457.4163,3457.4163,
8/28/2024 8:40:00 PM,13TM1_U01,N,N,N,3457.4163,3457.4163,3475.3739,3457.4163,3457.4163,
8/28/2024 8:40:00 PM,13TM1_U02,N,N,N,3457.4163,3457.4163,3475.3739,3457.4163,3457.4163,
8/28/2024 8:40:00 PM,13TORIL_SS,N,N,N,3279.1528,3279.1528,4216.9890,3279.1528,3279.1528,
8/28/2024 8:40:00 PM,13TUDAY2_G01,N,N,N,3327.1591,3327.1591,3347.5226,3327.1591,3327.1591,
8/28/2024 8:40:00 PM,14ALMADA_G01,N,N,N,3552.4688,3552.4688,3584.0963,3552.4688,3552.4688,
8/28/2024 8:40:00 PM,14ASTROSOL_G01,N,N,N,3341.2409,3341.2409,3370.8524,3341.2409,3341.2409,
8/28/2024 8:40:00 PM,14BGN_T1L1,N,N,N,3263.1506,3263.1506,4216.9890,3263.1506,3263.1506,
8/28/2024 8:40:00 PM,14BGN_T2L1,N,N,N,3434.0532,3434.0532,4216.9890,3434.0532,3434.0532,
8/28/2024 8:40:00 PM,14BIOGS_G01,N,N,N,3434.0532,3434.0532,3450.3824,3434.0532,3434.0532,
8/28/2024 8:40:00 PM,14BIOMS_U01,N,N,N,3434.0532,3434.0532,3462.7867,3434.0532,3434.0532,
8/28/2024 8:40:00 PM,14COTSUGR_G01,N,N,N,3263.1506,3263.1506,3290.1650,3263.1506,3263.1506,
8/28/2024 8:40:00 PM,14DSA_T1L1,N,N,N,3552.4688,3552.4688,4216.9890,3552.4688,3552.4688,
8/28/2024 8:40:00 PM,14DSA_T2L1,N,N,N,3434.0532,3434.0532,4216.9890,3434.0532,3434.0532,
8/28/2024 8:40:00 PM,14GENSAN_SS,N,N,N,3341.2409,3341.2409,4216.9890,3341.2409,3341.2409,
8/28/2024 8:40:00 PM,14GERBIO_G01,N,N,N,3434.0532,3434.0532,3462.7867,3434.0532,3434.0532,
8/28/2024 8:40:00 PM,14GLA_T1L1,N,N,N,3341.2409,3341.2409,4216.9890,3341.2409,3341.2409,
8/28/2024 8:40:00 PM,14KAMANGA_SS,N,N,N,3254.1895,3254.1895,4216.9890,3254.1895,3254.1895,
8/28/2024 8:40:00 PM,14KAM_L03,N,N,N,3341.2409,3341.2409,4216.9890,3341.2409,3341.2409,
8/28/2024 8:40:00 PM,14KIDAP_SS,N,N,N,3260.2703,3260.2703,4216.9890,3260.2703,3260.2703,
8/28/2024 8:40:00 PM,14KLN_T1L1,N,N,N,3434.0532,3434.0532,4216.9890,3434.0532,3434.0532,
8/28/2024 8:40:00 PM,14LAMSAN_G01,N,N,N,3552.4688,3552.4688,3583.5020,3552.4688,3552.4688,
8/28/2024 8:40:00 PM,14LLE_T1L1,N,N,N,3341.2409,3341.2409,4216.9890,3341.2409,3341.2409,
8/28/2024 8:40:00 PM,14MARBEL_U01,N,N,N,3434.0532,3434.0532,3512.7809,3434.0532,3434.0532,
8/28/2024 8:40:00 PM,14MID_T1L1,N,N,N,3552.4688,3552.4688,4216.9890,3552.4688,3552.4688,
8/28/2024 8:40:00 PM,14MTAPO_U01,N,N,N,3259.3101,3259.3101,3282.9644,3259.3101,3259.3101,
8/28/2024 8:40:00 PM,14MTAPO_U02,N,N,N,3259.9502,3259.9502,3327.2127,3259.9502,3259.9502,
8/28/2024 8:40:00 PM,14MTAPO_U03,N,N,N,3263.1506,3263.1506,3353.26,3263.1506,3263.1506,
8/28/2024 8:40:00 PM,14NVSOL_G01,N,N,N,3434.0532,3434.0532,3462.7867,3434.0532,3434.0532,
8/28/2024 8:40:00 PM,14PKPSOC_G01,N,N,N,3341.2409,3341.2409,3370.8524,3341.2409,3341.2409,
8/28/2024 8:40:00 PM,14PTU_T1L1,N,N,N,3341.2409,3341.2409,4216.9890,3341.2409,3341.2409,
8/28/2024 8:40:00 PM,14SARANG_U01,N,N,N,3341.2409,3341.2409,3372.5359,3341.2409,3341.2409,
8/28/2024 8:40:00 PM,14SARANG_U02,N,N,N,3253.5494,3253.5494,3285.5747,3253.5494,3253.5494,
8/28/2024 8:40:00 PM,14SIGHYDRO_G01,N,N,N,3341.2409,3341.2409,3380.8476,3341.2409,3341.2409,
8/28/2024 8:40:00 PM,14SKU_T1L1,N,N,N,3552.4688,3552.4688,4216.9890,3552.4688,3552.4688,
8/28/2024 8:40:00 PM,14SMY_T1L1,N,N,N,3552.4688,3552.4688,4216.9890,3552.4688,3552.4688,
8/28/2024 8:40:00 PM,14SPGI_U01,N,N,N,3434.0532,3434.0532,3512.7809,3434.0532,3434.0532,
8/28/2024 8:40:00 PM,14SRL_T1L1,N,N,N,3434.0532,3434.0532,4216.9890,3434.0532,3434.0532,
8/28/2024 8:40:00 PM,14SULTAN_SS,N,N,N,3551.5087,3551.5087,4216.9890,3551.5087,3551.5087,
8/28/2024 8:40:00 PM,14SUPKOR_G01,N,N,N,3434.0532,3434.0532,3462.7867,3434.0532,3434.0532,
8/28/2024 8:40:00 PM,14TACSUR_L02,N,N,N,3434.0532,3434.0532,4216.9890,3434.0532,3434.0532,
8/28/2024 8:40:00 PM,14TACUR_SS,N,N,N,3434.0532,3434.0532,4216.9890,3434.0532,3434.0532,
8/28/2024 8:40:00 PM,14TIN_T1L1,N,N,N,3341.2409,3341.2409,4216.9890,3341.2409,3341.2409,
8/28/2024 8:40:00 PM,14TIN_T1L2,N,N,N,3341.2409,3341.2409,4216.9890,3341.2409,3341.2409,
EOF
