TIME_INTERVAL,RESOURCE_NAME,AP_FLAG,SEC_FLAG,PSM_FLAG,DIPC_PRICE,RTD_PRICE,ADMIN_PRICE,SEC_PRICE,PSM_PRICE,
7/30/2024 4:20:00 PM,01ACNPC_G01,N,N,N,6084.4762,6084.4762,7352.5640,6084.4762,6084.4762,
7/30/2024 4:20:00 PM,01AEC_L01,N,N,N,6088.1708,6088.1708,7415.5893,6088.1708,6088.1708,
7/30/2024 4:20:00 PM,01AMBUK_SS,N,N,N,5941.6163,5941.6163,7415.5893,5941.6163,5941.6163,
7/30/2024 4:20:00 PM,01AMBUK_T1L1,N,N,N,5941.6163,5941.6163,7415.5893,5941.6163,5941.6163,
7/30/2024 4:20:00 PM,01AMBUK_U01,N,N,N,5939.7690,5939.7690,10438.6690,5939.7690,5939.7690,
7/30/2024 4:20:00 PM,01AMBUK_U02,N,N,N,5940.3848,5940.3848,10434.3873,5940.3848,5940.3848,
7/30/2024 4:20:00 PM,01AMBUK_U03,N,N,N,5939.7690,5939.7690,7295.3513,5939.7690,5939.7690,
7/30/2024 4:20:00 PM,01AMPHAW_G01,N,N,N,5966.8631,5966.8631,6700.3180,5966.8631,5966.8631,
7/30/2024 4:20:00 PM,01ANDA_G01,N,N,N,6088.1708,6088.1708,8361.7773,6088.1708,6088.1708,
7/30/2024 4:20:00 PM,01ANGAT_A,N,N,N,6094.9444,6094.9444,7067.6856,6094.9444,6094.9444,
7/30/2024 4:20:00 PM,01ANGAT_M,N,N,N,6097.4075,6097.4075,11176.1743,6097.4075,6097.4075,
7/30/2024 4:20:00 PM,01ANGAT_SS,N,N,N,6099.8706,6099.8706,7415.5893,6099.8706,6099.8706,
7/30/2024 4:20:00 PM,01ANGAT_T5L1,N,N,N,6157.7535,6157.7535,7415.5893,6157.7535,6157.7535,
7/30/2024 4:20:00 PM,01APEC_G01,N,N,N,6088.1708,6088.1708,10380.8065,6088.1708,6088.1708,
7/30/2024 4:20:00 PM,01ARAYSOL_G01,N,N,N,6088.1708,6088.1708,9321.7698,6088.1708,6088.1708,
7/30/2024 4:20:00 PM,01ARAYSOL_G02,N,N,N,6088.1708,6088.1708,9406.8675,6088.1708,6088.1708,
7/30/2024 4:20:00 PM,01ARMSOL_G01,N,N,N,6084.4762,6084.4762,9019.7001,6084.4762,6084.4762,
7/30/2024 4:20:00 PM,01BAKSIP_G01,N,N,N,5966.8631,5966.8631,7018.6526,5966.8631,5966.8631,
7/30/2024 4:20:00 PM,01BAKUN_G01,N,N,N,5923.7588,5923.7588,6419.8820,5923.7588,5923.7588,
7/30/2024 4:20:00 PM,01BAKUN_SS,N,N,N,5923.7588,5923.7588,7415.5893,5923.7588,5923.7588,
7/30/2024 4:20:00 PM,01BALNEO_L01,N,N,N,5962.5527,5962.5527,7415.5893,5962.5527,5962.5527,
7/30/2024 4:20:00 PM,01BALNEO_L02,N,N,N,5962.5527,5962.5527,7415.5893,5962.5527,5962.5527,
7/30/2024 4:20:00 PM,01BALNEO_SS,N,N,N,5947.7741,5947.7741,7415.5893,5947.7741,5947.7741,
7/30/2024 4:20:00 PM,01BALSIK_SS,N,N,N,5933.6112,5933.6112,7415.5893,5933.6112,5933.6112,
7/30/2024 4:20:00 PM,01BALWIND_G01,N,N,N,5864.0286,5864.0286,7548.7624,5864.0286,5864.0286,
7/30/2024 4:20:00 PM,01BANTAY_SS,N,N,N,6025.3618,6025.3618,7415.5893,6025.3618,6025.3618,
7/30/2024 4:20:00 PM,01BATAAN_SS,N,N,N,5790.7514,5790.7514,7415.5893,5790.7514,5790.7514,
7/30/2024 4:20:00 PM,01BAUANG_GS1,N,N,N,5966.8631,5966.8631,12396.2844,5966.8631,5966.8631,
7/30/2024 4:20:00 PM,01BAUANG_GS2,N,N,N,5967.4789,5967.4789,7212.7783,5967.4789,5967.4789,
7/30/2024 4:20:00 PM,01BAUANG_GS3,N,N,N,5967.4789,5967.4789,7322.0642,5967.4789,5967.4789,
7/30/2024 4:20:00 PM,01BAUANG_SS,N,N,N,5969.9420,5969.9420,7415.5893,5969.9420,5969.9420,
7/30/2024 4:20:00 PM,01BAUAN_T1L1,N,N,N,5971.7893,5971.7893,7415.5893,5971.7893,5971.7893,
7/30/2024 4:20:00 PM,01BAUAN_T1L2,N,N,N,5971.7893,5971.7893,7415.5893,5971.7893,5971.7893,
7/30/2024 4:20:00 PM,01BAUAN_T1L3,N,N,N,5971.7893,5971.7893,7415.5893,5971.7893,5971.7893,
7/30/2024 4:20:00 PM,01BAUAN_T2L1,N,N,N,5971.7893,5971.7893,7415.5893,5971.7893,5971.7893,
7/30/2024 4:20:00 PM,01BAUAN_T2L2,N,N,N,5970.5578,5970.5578,7415.5893,5970.5578,5970.5578,
7/30/2024 4:20:00 PM,01BCNOT_SS,N,N,N,5978.5628,5978.5628,7415.5893,5978.5628,5978.5628,
7/30/2024 4:20:00 PM,01BCNOT_T1L1,N,N,N,5978.5628,5978.5628,7415.5893,5978.5628,5978.5628,
7/30/2024 4:20:00 PM,01BCNOT_T1L2,N,N,N,5978.5628,5978.5628,7415.5893,5978.5628,5978.5628,
7/30/2024 4:20:00 PM,01BINENG_G01,N,N,N,5966.8631,5966.8631,3722.2199,5966.8631,5966.8631,
7/30/2024 4:20:00 PM,01BINGA_SS,N,N,N,5949.6214,5949.6214,7415.5893,5949.6214,5949.6214,
7/30/2024 4:20:00 PM,01BINGA_T1L1,N,N,N,5949.6214,5949.6214,7415.5893,5949.6214,5949.6214,
7/30/2024 4:20:00 PM,01BINGA_U01,N,N,N,5947.7741,5947.7741,10494.8015,5947.7741,5947.7741,
7/30/2024 4:20:00 PM,01BINGA_U02,N,N,N,5947.7741,5947.7741,7933.4060,5947.7741,5947.7741,
7/30/2024 4:20:00 PM,01BINGA_U03,N,N,N,5947.7741,5947.7741,8926.1117,5947.7741,5947.7741,
7/30/2024 4:20:00 PM,01BINGA_U04,N,N,N,5947.7741,5947.7741,10441.8451,5947.7741,5947.7741,
7/30/2024 4:20:00 PM,01BNTAY_T1L1,N,N,N,6024.7460,6024.7460,7415.5893,6024.7460,6024.7460,
7/30/2024 4:20:00 PM,01BNTAY_T1L2,N,N,N,6024.7460,6024.7460,7415.5893,6024.7460,6024.7460,
7/30/2024 4:20:00 PM,01BNTAY_T1L3,N,N,N,6024.7460,6024.7460,7415.5893,6024.7460,6024.7460,
7/30/2024 4:20:00 PM,01BOSUNG_G01,N,N,N,5942.2321,5942.2321,11463.1234,5942.2321,5942.2321,
7/30/2024 4:20:00 PM,01BOTOLAN_SS,N,N,N,5948.3898,5948.3898,7415.5893,5948.3898,5948.3898,
7/30/2024 4:20:00 PM,01BOTOL_T1L1,N,N,N,5953.9318,5953.9318,7415.5893,5953.9318,5953.9318,
7/30/2024 4:20:00 PM,01BOTOL_T1L2,N,N,N,5953.9318,5953.9318,7415.5893,5953.9318,5953.9318,
7/30/2024 4:20:00 PM,01BPC_T1L1,N,N,N,5790.7514,5790.7514,7415.5893,5790.7514,5790.7514,
7/30/2024 4:20:00 PM,01BPC_T2L2,N,N,N,5790.7514,5790.7514,7415.5893,5790.7514,5790.7514,
7/30/2024 4:20:00 PM,01BPPC_SS,N,N,N,5967.4789,5967.4789,7415.5893,5967.4789,5967.4789,
7/30/2024 4:20:00 PM,01BT2020_G01,N,N,N,5920.0642,5920.0642,7093.9539,5920.0642,5920.0642,
7/30/2024 4:20:00 PM,01BT2020_G02,N,N,N,5920.0642,5920.0642,7093.9539,5920.0642,5920.0642,
7/30/2024 4:20:00 PM,01BTNSOL_G01,N,N,N,5793.2145,5793.2145,9885.6018,5793.2145,5793.2145,
7/30/2024 4:20:00 PM,01BTPP_T3L1,N,N,N,5793.2145,5793.2145,7415.5893,5793.2145,5793.2145,
7/30/2024 4:20:00 PM,01BTPP_T3L2,N,N,N,5793.2145,5793.2145,7415.5893,5793.2145,5793.2145,
7/30/2024 4:20:00 PM,01BTPP_T3L3,N,N,N,5793.2145,5793.2145,7415.5893,5793.2145,5793.2145,
7/30/2024 4:20:00 PM,01BTPP_T3L4,N,N,N,5793.2145,5793.2145,7415.5893,5793.2145,5793.2145,
7/30/2024 4:20:00 PM,01BTPP_T3L5,N,N,N,5793.2145,5793.2145,7415.5893,5793.2145,5793.2145,
7/30/2024 4:20:00 PM,01BTPP_T4L1,N,N,N,6157.7535,6157.7535,7415.5893,6157.7535,6157.7535,
7/30/2024 4:20:00 PM,01BTSOLEN_BAT,N,N,N,5793.2145,5793.2145,10846.7991,5793.2145,5793.2145,
7/30/2024 4:20:00 PM,01BTSOLEN_G01,N,N,N,5793.2145,5793.2145,10846.7991,5793.2145,5793.2145,
7/30/2024 4:20:00 PM,01BULSOL_G01,N,N,N,6133.7382,6133.7382,8488.0137,6133.7382,6133.7382,
7/30/2024 4:20:00 PM,01BURGOS_G01,N,N,N,5834.4714,5834.4714,6230.4619,5834.4714,5834.4714,
7/30/2024 4:20:00 PM,01BURGOS_G02,N,N,N,5942.2321,5942.2321,10059.2352,5942.2321,5942.2321,
7/30/2024 4:20:00 PM,01BURGOS_G03,N,N,N,5942.2321,5942.2321,9095.4035,5942.2321,5942.2321,
7/30/2024 4:20:00 PM,01BURGOS_SS,N,N,N,5834.4714,5834.4714,7415.5893,5834.4714,5834.4714,
7/30/2024 4:20:00 PM,01BUTAO_G01,N,N,N,6017.3567,6017.3567,7255.9293,6017.3567,6017.3567,
7/30/2024 4:20:00 PM,01BYOMB_DID,N,N,N,5960.0896,5960.0896,7415.5893,5960.0896,5960.0896,
7/30/2024 4:20:00 PM,01BYOMB_SS,N,N,N,5960.0896,5960.0896,7415.5893,5960.0896,5960.0896,
7/30/2024 4:20:00 PM,01BYOMB_T1L1,N,N,N,5966.2473,5966.2473,7415.5893,5966.2473,5966.2473,
7/30/2024 4:20:00 PM,01BYOMB_T1L2,N,N,N,5960.0896,5960.0896,7415.5893,5960.0896,5960.0896,
7/30/2024 4:20:00 PM,01BYOMB_T1L3,N,N,N,5966.2473,5966.2473,7415.5893,5966.2473,5966.2473,
7/30/2024 4:20:00 PM,01CABSOL_G01,N,N,N,6189.7738,6189.7738,7149.1381,6189.7738,6189.7738,
7/30/2024 4:20:00 PM,01CAGBIO_G01,N,N,N,6001.9623,6001.9623,7680.5318,6001.9623,6001.9623,
7/30/2024 4:20:00 PM,01CAGYSOL_G01,N,N,N,6053.6874,6053.6874,9270.0649,6053.6874,6053.6874,
7/30/2024 4:20:00 PM,01CALIBUNK_G01,N,N,N,6088.1708,6088.1708,7310.1107,6088.1708,6088.1708,
7/30/2024 4:20:00 PM,01CAPRIS_G01,N,N,N,5856.6393,5856.6393,7036.0118,5856.6393,5856.6393,
7/30/2024 4:20:00 PM,01CAPRIS_G02,N,N,N,5856.6393,5856.6393,7041.6674,5856.6393,5856.6393,
7/30/2024 4:20:00 PM,01CASECN_G01,N,N,N,5891.1227,5891.1227,8374.6783,5891.1227,5891.1227,
7/30/2024 4:20:00 PM,01CASECN_SS,N,N,N,5891.1227,5891.1227,7415.5893,5891.1227,5891.1227,
7/30/2024 4:20:00 PM,01CAYBSOL_G01,N,N,N,5892.9701,5892.9701,11102.5006,5892.9701,5892.9701,
7/30/2024 4:20:00 PM,01CBNTU_SS,N,N,N,6193.4684,6193.4684,7415.5893,6193.4684,6193.4684,
7/30/2024 4:20:00 PM,01CBNTU_T1L1,N,N,N,6189.7738,6189.7738,7415.5893,6189.7738,6189.7738,
7/30/2024 4:20:00 PM,01CBNTU_T1L3,N,N,N,6189.7738,6189.7738,7415.5893,6189.7738,6189.7738,
7/30/2024 4:20:00 PM,01CBNTU_T2L1,N,N,N,6189.7738,6189.7738,7415.5893,6189.7738,6189.7738,
7/30/2024 4:20:00 PM,01CBNTU_T2L2,N,N,N,6189.7738,6189.7738,7415.5893,6189.7738,6189.7738,
7/30/2024 4:20:00 PM,01CBN_CELCOR,N,N,N,6189.7738,6189.7738,7415.5893,6189.7738,6189.7738,
7/30/2024 4:20:00 PM,01CIP2_G01,N,N,N,5978.5628,5978.5628,12443.8277,5978.5628,5978.5628,
7/30/2024 4:20:00 PM,01CLARK_L01,N,N,N,6157.7535,6157.7535,7415.5893,6157.7535,6157.7535,
7/30/2024 4:20:00 PM,01CLARK_L02,N,N,N,6095.5601,6095.5601,7415.5893,6095.5601,6095.5601,
7/30/2024 4:20:00 PM,01CLARK_L03,N,N,N,6095.5601,6095.5601,7415.5893,6095.5601,6095.5601,
7/30/2024 4:20:00 PM,01CLARK_L04,N,N,N,6096.1759,6096.1759,7415.5893,6096.1759,6096.1759,
7/30/2024 4:20:00 PM,01CLARK_SS,N,N,N,6095.5601,6095.5601,7415.5893,6095.5601,6095.5601,
7/30/2024 4:20:00 PM,01CLARK_T1L1,N,N,N,6095.5601,6095.5601,7415.5893,6095.5601,6095.5601,
7/30/2024 4:20:00 PM,01CLARK_T1L2,N,N,N,6157.7535,6157.7535,7415.5893,6157.7535,6157.7535,
7/30/2024 4:20:00 PM,01CLARK_T2L1,N,N,N,6095.5601,6095.5601,7415.5893,6095.5601,6095.5601,
7/30/2024 4:20:00 PM,01CLASOL_G01,N,N,N,6095.5601,6095.5601,8333.9545,6095.5601,6095.5601,
7/30/2024 4:20:00 PM,01CLEANG_G01,N,N,N,5920.0642,5920.0642,7093.9539,5920.0642,5920.0642,
7/30/2024 4:20:00 PM,01CNCEP_BAT,N,N,N,6083.8604,6083.8604,7989.3544,6083.8604,6083.8604,
7/30/2024 4:20:00 PM,01CNCEP_CAT,N,N,N,6083.8604,6083.8604,7415.5893,6083.8604,6083.8604,
7/30/2024 4:20:00 PM,01CNCEP_DAP2,N,N,N,6083.8604,6083.8604,7415.5893,6083.8604,6083.8604,
7/30/2024 4:20:00 PM,01CNCEP_SS,N,N,N,6083.2446,6083.2446,7415.5893,6083.2446,6083.2446,
7/30/2024 4:20:00 PM,01CNCEP_T1L3,N,N,N,6083.2446,6083.2446,7415.5893,6083.2446,6083.2446,
7/30/2024 4:20:00 PM,01CNCEP_TEI,N,N,N,6084.4762,6084.4762,7415.5893,6084.4762,6084.4762,
7/30/2024 4:20:00 PM,01CN_TRELC1,N,N,N,6084.4762,6084.4762,7415.5893,6084.4762,6084.4762,
7/30/2024 4:20:00 PM,01CN_TRELC2,N,N,N,6083.8604,6083.8604,7415.5893,6083.8604,6083.8604,
7/30/2024 4:20:00 PM,01CONSOL_G01,N,N,N,6083.8604,6083.8604,8350.9243,6083.8604,6083.8604,
7/30/2024 4:20:00 PM,01CRUZD_MECO,N,N,N,6133.7382,6133.7382,7415.5893,6133.7382,6133.7382,
7/30/2024 4:20:00 PM,01CRUZD_SS,N,N,N,6133.7382,6133.7382,7415.5893,6133.7382,6133.7382,
7/30/2024 4:20:00 PM,01CRUZD_T2L1,N,N,N,6133.7382,6133.7382,7415.5893,6133.7382,6133.7382,
7/30/2024 4:20:00 PM,01CURIM_SS,N,N,N,5979.7944,5979.7944,7415.5893,5979.7944,5979.7944,
7/30/2024 4:20:00 PM,01CURIM_T1L1,N,N,N,5981.0259,5981.0259,7415.5893,5981.0259,5981.0259,
7/30/2024 4:20:00 PM,01CURIM_T1L2,N,N,N,5981.0259,5981.0259,7415.5893,5981.0259,5981.0259,
7/30/2024 4:20:00 PM,01CURSOL_G02,N,N,N,5974.2524,5974.2524,9670.1342,5974.2524,5974.2524,
7/30/2024 4:20:00 PM,01DALSOL_G01,N,N,N,6084.4762,6084.4762,7335.1561,6084.4762,6084.4762,
7/30/2024 4:20:00 PM,01DUHAT_SS,N,N,N,6199.0104,6199.0104,7415.5893,6199.0104,6199.0104,
7/30/2024 4:20:00 PM,01DUHAT_T1L1,N,N,N,6217.4837,6217.4837,7415.5893,6217.4837,6217.4837,
7/30/2024 4:20:00 PM,01EHVSJ_SS,N,N,N,6069.0818,6069.0818,7415.5893,6069.0818,6069.0818,
7/30/2024 4:20:00 PM,01EHVSM_SS,N,N,N,5979.7944,5979.7944,7415.5893,5979.7944,5979.7944,
7/30/2024 4:20:00 PM,01GAMU_BAT,N,N,N,6001.3465,6001.3465,7639.0129,6001.3465,6001.3465,
7/30/2024 4:20:00 PM,01GAMU_BATL,N,N,N,6001.3465,6001.3465,7415.5893,6001.3465,6001.3465,
7/30/2024 4:20:00 PM,01GAMU_SS,N,N,N,6001.9623,6001.9623,7415.5893,6001.9623,6001.9623,
7/30/2024 4:20:00 PM,01GAMU_T1L1,N,N,N,6001.3465,6001.3465,7415.5893,6001.3465,6001.3465,
7/30/2024 4:20:00 PM,01GAMU_T1L2,N,N,N,6001.9623,6001.9623,7415.5893,6001.9623,6001.9623,
7/30/2024 4:20:00 PM,01GFII_G01,N,N,N,6001.3465,6001.3465,7639.0129,6001.3465,6001.3465,
7/30/2024 4:20:00 PM,01GIFT_G01,N,N,N,6189.7738,6189.7738,7441.2239,6189.7738,6189.7738,
7/30/2024 4:20:00 PM,01GIFT_G02,N,N,N,6189.7738,6189.7738,5681.6133,6189.7738,6189.7738,
7/30/2024 4:20:00 PM,01GIGSOL_G01,N,N,N,5953.9318,5953.9318,8137.8860,5953.9318,5953.9318,
7/30/2024 4:20:00 PM,01GNPD_SS,N,N,N,5877.5757,5877.5757,7415.5893,5877.5757,5877.5757,
7/30/2024 4:20:00 PM,01GNPD_U01,N,N,N,5827.0821,5827.0821,6995.8142,5827.0821,5827.0821,
7/30/2024 4:20:00 PM,01GNPD_U02,N,N,N,5827.0821,5827.0821,6472.5508,5827.0821,5827.0821,
7/30/2024 4:20:00 PM,01GRGOLD_G01,N,N,N,6189.7738,6189.7738,7576.0105,6189.7738,6189.7738,
7/30/2024 4:20:00 PM,01HANJI_SS,N,N,N,5936.0743,5936.0743,7415.5893,5936.0743,5936.0743,
7/30/2024 4:20:00 PM,01HANJI_T1L1,N,N,N,5936.6901,5936.6901,7415.5893,5936.6901,5936.6901,
7/30/2024 4:20:00 PM,01HANJI_T2L1,N,N,N,5936.0743,5936.0743,7415.5893,5936.0743,5936.0743,
7/30/2024 4:20:00 PM,01HERMO_FBL,N,N,N,5920.0642,5920.0642,7415.5893,5920.0642,5920.0642,
7/30/2024 4:20:00 PM,01HERMO_SS,N,N,N,5915.1380,5915.1380,7415.5893,5915.1380,5915.1380,
7/30/2024 4:20:00 PM,01HERMO_T1L1,N,N,N,5920.0642,5920.0642,7415.5893,5920.0642,5920.0642,
7/30/2024 4:20:00 PM,01HERMO_T1L2,N,N,N,5920.0642,5920.0642,7415.5893,5920.0642,5920.0642,
7/30/2024 4:20:00 PM,01HERMO_T1L3,N,N,N,6157.7535,6157.7535,7415.5893,6157.7535,6157.7535,
7/30/2024 4:20:00 PM,01HERMO_T1L4,N,N,N,5920.0642,5920.0642,7415.5893,5920.0642,5920.0642,
7/30/2024 4:20:00 PM,01HYPGRN_G01,N,N,N,6217.4837,6217.4837,7403.6244,6217.4837,6217.4837,
7/30/2024 4:20:00 PM,01IBEC_G01,N,N,N,5955.7791,5955.7791,7557.2040,5955.7791,5955.7791,
7/30/2024 4:20:00 PM,01IBULAO_G01,N,N,N,5966.2473,5966.2473,8875.7519,5966.2473,5966.2473,
7/30/2024 4:20:00 PM,01IPOWER_G01,N,N,N,6189.7738,6189.7738,8110.6304,6189.7738,6189.7738,
7/30/2024 4:20:00 PM,01IPOWER_G02,N,N,N,6189.7738,6189.7738,7623.9874,6189.7738,6189.7738,
7/30/2024 4:20:00 PM,01KDAM_SS,N,N,N,5932.3797,5932.3797,7415.5893,5932.3797,5932.3797,
7/30/2024 4:20:00 PM,01LAMAO_BAT,N,N,N,5778.4358,5778.4358,7873.5788,5778.4358,5778.4358,
7/30/2024 4:20:00 PM,01LAMAO_SS,N,N,N,5779.0516,5779.0516,7415.5893,5779.0516,5779.0516,
7/30/2024 4:20:00 PM,01LAOAG_SS,N,N,N,5941.6163,5941.6163,7415.5893,5941.6163,5941.6163,
7/30/2024 4:20:00 PM,01LAOAG_T1L1,N,N,N,5945.3110,5945.3110,7415.5893,5945.3110,5945.3110,
7/30/2024 4:20:00 PM,01LAOAG_T1L2,N,N,N,5945.3110,5945.3110,7415.5893,5945.3110,5945.3110,
7/30/2024 4:20:00 PM,01LAOAG_T2L2,N,N,N,5942.2321,5942.2321,7415.5893,5942.2321,5942.2321,
7/30/2024 4:20:00 PM,01LAOSOL_G01,N,N,N,5888.0439,5888.0439,8447.4988,5888.0439,5888.0439,
7/30/2024 4:20:00 PM,01LAOSOL_SS,N,N,N,5888.0439,5888.0439,7415.5893,5888.0439,5888.0439,
7/30/2024 4:20:00 PM,01LASUER_U01,N,N,N,6001.9623,6001.9623,7879.4650,6001.9623,6001.9623,
7/30/2024 4:20:00 PM,01LATRI_SS,N,N,N,5962.5527,5962.5527,7415.5893,5962.5527,5962.5527,
7/30/2024 4:20:00 PM,01LATRI_T1L1,N,N,N,5966.8631,5966.8631,7415.5893,5966.8631,5966.8631,
7/30/2024 4:20:00 PM,01LATRI_T2L1,N,N,N,5966.8631,5966.8631,7415.5893,5966.8631,5966.8631,
7/30/2024 4:20:00 PM,01LATRI_T2L2,N,N,N,5966.8631,5966.8631,7415.5893,5966.8631,5966.8631,
7/30/2024 4:20:00 PM,01LATRI_T2L3,N,N,N,5966.8631,5966.8631,7415.5893,5966.8631,5966.8631,
7/30/2024 4:20:00 PM,01LAT_BENECO,N,N,N,5966.8631,5966.8631,7415.5893,5966.8631,5966.8631,
7/30/2024 4:20:00 PM,01LAT_PHILEX,N,N,N,5966.8631,5966.8631,7415.5893,5966.8631,5966.8631,
7/30/2024 4:20:00 PM,01LBRDR_SS,N,N,N,5910.8275,5910.8275,7415.5893,5910.8275,5910.8275,
7/30/2024 4:20:00 PM,01LBR_CNPELC,N,N,N,6157.7535,6157.7535,7415.5893,6157.7535,6157.7535,
7/30/2024 4:20:00 PM,01LBR_DECORP,N,N,N,5913.2906,5913.2906,7415.5893,5913.2906,5913.2906,
7/30/2024 4:20:00 PM,01LBR_PNELC1,N,N,N,5913.2906,5913.2906,7415.5893,5913.2906,5913.2906,
7/30/2024 4:20:00 PM,01LIMAY_BAT,N,N,N,5793.2145,5793.2145,7458.4168,5793.2145,5793.2145,
7/30/2024 4:20:00 PM,01LIMAY_SS,N,N,N,5790.1356,5790.1356,7415.5893,5790.1356,5790.1356,
7/30/2024 4:20:00 PM,01LIMAY_U01,N,N,N,5790.1356,5790.1356,6925.0362,5790.1356,5790.1356,
7/30/2024 4:20:00 PM,01LIMAY_U02,N,N,N,5790.1356,5790.1356,6925.0362,5790.1356,5790.1356,
7/30/2024 4:20:00 PM,01LIMAY_U03,N,N,N,5790.1356,5790.1356,6925.0362,5790.1356,5790.1356,
7/30/2024 4:20:00 PM,01LIMAY_U04,N,N,N,5790.1356,5790.1356,6925.0362,5790.1356,5790.1356,
7/30/2024 4:20:00 PM,01LIMAY_U05,N,N,N,5790.1356,5790.1356,6925.0362,5790.1356,5790.1356,
7/30/2024 4:20:00 PM,01LIMAY_U06,N,N,N,5790.1356,5790.1356,6925.0362,5790.1356,5790.1356,
7/30/2024 4:20:00 PM,01LIMAY_U07,N,N,N,5790.1356,5790.1356,6925.0362,5790.1356,5790.1356,
7/30/2024 4:20:00 PM,01LIMAY_U08,N,N,N,5790.1356,5790.1356,6925.0362,5790.1356,5790.1356,
7/30/2024 4:20:00 PM,01MAEC_G01,N,N,N,5974.2524,5974.2524,9747.9532,5974.2524,5974.2524,
7/30/2024 4:20:00 PM,01MAEC_S01,N,N,N,5974.2524,5974.2524,7415.5893,5974.2524,5974.2524,
7/30/2024 4:20:00 PM,01MAGAPIT_BAT,N,N,N,6053.6874,6053.6874,7917.8575,6053.6874,6053.6874,
7/30/2024 4:20:00 PM,01MAGAT_BAT,N,N,N,5930.5324,5930.5324,8630.6855,5930.5324,5930.5324,
7/30/2024 4:20:00 PM,01MAGAT_SS,N,N,N,5931.1481,5931.1481,7415.5893,5931.1481,5931.1481,
7/30/2024 4:20:00 PM,01MAGAT_U01,N,N,N,5931.1481,5931.1481,8630.6855,5931.1481,5931.1481,
7/30/2024 4:20:00 PM,01MAGAT_U02,N,N,N,5930.5324,5930.5324,6580.0671,5930.5324,5930.5324,
7/30/2024 4:20:00 PM,01MAGAT_U03,N,N,N,5930.5324,5930.5324,9582.9113,5930.5324,5930.5324,
7/30/2024 4:20:00 PM,01MAGAT_U04,N,N,N,5931.1481,5931.1481,10062.8790,5931.1481,5931.1481,
7/30/2024 4:20:00 PM,01MALOL_SS,N,N,N,6083.8604,6083.8604,7415.5893,6083.8604,6083.8604,
7/30/2024 4:20:00 PM,01MALOL_T1L1,N,N,N,6103.5652,6103.5652,7415.5893,6103.5652,6103.5652,
7/30/2024 4:20:00 PM,01MARIS_U01,N,N,N,5955.7791,5955.7791,8106.4644,5955.7791,5955.7791,
7/30/2024 4:20:00 PM,01MARIS_U02,N,N,N,5955.7791,5955.7791,8038.0920,5955.7791,5955.7791,
7/30/2024 4:20:00 PM,01MARSOL_G01,N,N,N,5759.9626,5759.9626,10592.4081,5759.9626,5759.9626,
7/30/2024 4:20:00 PM,01MARVEL_AUX,N,N,N,5757.4995,5757.4995,7415.5893,5757.4995,5757.4995,
7/30/2024 4:20:00 PM,01MARVEL_G01,N,N,N,5755.6522,5755.6522,6944.6248,5755.6522,5755.6522,
7/30/2024 4:20:00 PM,01MARVEL_G02,N,N,N,5755.6522,5755.6522,7604.7237,5755.6522,5755.6522,
7/30/2024 4:20:00 PM,01MARVEL_SS,N,N,N,5757.4995,5757.4995,7415.5893,5757.4995,5757.4995,
7/30/2024 4:20:00 PM,01MASIWA_G01,N,N,N,6189.7738,6189.7738,7444.4090,6189.7738,6189.7738,
7/30/2024 4:20:00 PM,01MASIWA_SS,N,N,N,6189.7738,6189.7738,7415.5893,6189.7738,6189.7738,
7/30/2024 4:20:00 PM,01MATUNO_G01,N,N,N,5960.0896,5960.0896,7445.5632,5960.0896,5960.0896,
7/30/2024 4:20:00 PM,01MEXICO_SS,N,N,N,6088.7866,6088.7866,7415.5893,6088.7866,6088.7866,
7/30/2024 4:20:00 PM,01MEX_AEC,N,N,N,6088.7866,6088.7866,7415.5893,6088.7866,6088.7866,
7/30/2024 4:20:00 PM,01MEX_CISP,N,N,N,6088.1708,6088.1708,7415.5893,6088.1708,6088.1708,
7/30/2024 4:20:00 PM,01MEX_CLARK1,N,N,N,6088.1708,6088.1708,7415.5893,6088.1708,6088.1708,
7/30/2024 4:20:00 PM,01MEX_CLARK2,N,N,N,6088.1708,6088.1708,7415.5893,6088.1708,6088.1708,
7/30/2024 4:20:00 PM,01MEX_CND,N,N,N,6088.1708,6088.1708,7415.5893,6088.1708,6088.1708,
7/30/2024 4:20:00 PM,01MEX_L01,N,N,N,6088.1708,6088.1708,7415.5893,6088.1708,6088.1708,
7/30/2024 4:20:00 PM,01MEX_MIC,N,N,N,6088.7866,6088.7866,7415.5893,6088.7866,6088.7866,
7/30/2024 4:20:00 PM,01MEX_PELCO1,N,N,N,6088.1708,6088.1708,7415.5893,6088.1708,6088.1708,
7/30/2024 4:20:00 PM,01MEX_PIMP,N,N,N,6088.1708,6088.1708,7415.5893,6088.1708,6088.1708,
7/30/2024 4:20:00 PM,01MEX_SFLAPC,N,N,N,6088.1708,6088.1708,7415.5893,6088.1708,6088.1708,
7/30/2024 4:20:00 PM,01MEX_SKK,N,N,N,6088.7866,6088.7866,7415.5893,6088.7866,6088.7866,
7/30/2024 4:20:00 PM,01MPGC_SS,N,N,N,5872.6495,5872.6495,7415.5893,5872.6495,5872.6495,
7/30/2024 4:20:00 PM,01MPGC_U01,N,N,N,5847.4027,5847.4027,2883.0861,5847.4027,5847.4027,
7/30/2024 4:20:00 PM,01MPGC_U02,N,N,N,5847.4027,5847.4027,7026.1882,5847.4027,5847.4027,
7/30/2024 4:20:00 PM,01MPGC_U03,N,N,N,5847.4027,5847.4027,7025.9961,5847.4027,5847.4027,
7/30/2024 4:20:00 PM,01MPGC_U04,N,N,N,5857.2551,5857.2551,6294.2465,5857.2551,5857.2551,
7/30/2024 4:20:00 PM,01MRVEL_T1L1,N,N,N,5759.9626,5759.9626,7415.5893,5759.9626,5759.9626,
7/30/2024 4:20:00 PM,01MSINLO_BAT,N,N,N,5756.2679,5756.2679,7899.2014,5756.2679,5756.2679,
7/30/2024 4:20:00 PM,01MSINLO_G01,N,N,N,5753.8048,5753.8048,7041.9448,5753.8048,5753.8048,
7/30/2024 4:20:00 PM,01MSINLO_G02,N,N,N,5756.2679,5756.2679,7017.1474,5756.2679,5756.2679,
7/30/2024 4:20:00 PM,01MSINLO_G03,N,N,N,5753.8048,5753.8048,6893.5515,5753.8048,5753.8048,
7/30/2024 4:20:00 PM,01MSINLO_SS,N,N,N,5756.2679,5756.2679,7415.5893,5756.2679,5756.2679,
7/30/2024 4:20:00 PM,01NIABAL_G01,N,N,N,5955.7791,5955.7791,7171.6216,5955.7791,5955.7791,
7/30/2024 4:20:00 PM,01NMHC_G01,N,N,N,5966.8631,5966.8631,4218.4167,5966.8631,5966.8631,
7/30/2024 4:20:00 PM,01NMHC_G03,N,N,N,5966.8631,5966.8631,7281.8591,5966.8631,5966.8631,
7/30/2024 4:20:00 PM,01NSNMN_L01,N,N,N,6157.7535,6157.7535,7415.5893,6157.7535,6157.7535,
7/30/2024 4:20:00 PM,01NSNMN_L02,N,N,N,5997.0361,5997.0361,7415.5893,5997.0361,5997.0361,
7/30/2024 4:20:00 PM,01NSNMN_SS,N,N,N,5990.8783,5990.8783,7415.5893,5990.8783,5990.8783,
7/30/2024 4:20:00 PM,01NSNMN_T1L1,N,N,N,6157.7535,6157.7535,7415.5893,6157.7535,6157.7535,
7/30/2024 4:20:00 PM,01NWIND_G01,N,N,N,5942.2321,5942.2321,2930.0236,5942.2321,5942.2321,
7/30/2024 4:20:00 PM,01NWIND_G02,N,N,N,5942.2321,5942.2321,2933.0692,5942.2321,5942.2321,
7/30/2024 4:20:00 PM,01NWIND_L01,N,N,N,5942.2321,5942.2321,7415.5893,5942.2321,5942.2321,
7/30/2024 4:20:00 PM,01OLONG_SS,N,N,N,5930.5324,5930.5324,7415.5893,5930.5324,5930.5324,
7/30/2024 4:20:00 PM,01OLONG_T1L1,N,N,N,5937.3059,5937.3059,7415.5893,5937.3059,5937.3059,
7/30/2024 4:20:00 PM,01OLONG_T2L2,N,N,N,5937.3059,5937.3059,7415.5893,5937.3059,5937.3059,
7/30/2024 4:20:00 PM,01OLONG_T3L3,N,N,N,5937.3059,5937.3059,7415.5893,5937.3059,5937.3059,
7/30/2024 4:20:00 PM,01PAGCAP_L01,N,N,N,5856.6393,5856.6393,7415.5893,5856.6393,5856.6393,
7/30/2024 4:20:00 PM,01PAGUD_SS,N,N,N,5856.6393,5856.6393,7415.5893,5856.6393,5856.6393,
7/30/2024 4:20:00 PM,01PASQSOL_G01,N,N,N,5931.1481,5931.1481,8970.1382,5931.1481,5931.1481,
7/30/2024 4:20:00 PM,01PAVGSOL_G01,N,N,N,5793.2145,5793.2145,8303.6651,5793.2145,5793.2145,
7/30/2024 4:20:00 PM,01PETRON_G01,N,N,N,5790.1356,5790.1356,8830.1957,5790.1356,5790.1356,
7/30/2024 4:20:00 PM,01PETSOL_G01,N,N,N,6083.8604,6083.8604,8505.1943,6083.8604,6083.8604,
7/30/2024 4:20:00 PM,01PETSOL_G02,N,N,N,6083.8604,6083.8604,8577.5313,6083.8604,6083.8604,
7/30/2024 4:20:00 PM,01PNTBNG_SS,N,N,N,6107.8757,6107.8757,7415.5893,6107.8757,6107.8757,
7/30/2024 4:20:00 PM,01PNTBNG_U01,N,N,N,6107.8757,6107.8757,7349.7970,6107.8757,6107.8757,
7/30/2024 4:20:00 PM,01PNTBNG_U02,N,N,N,6107.8757,6107.8757,7349.7970,6107.8757,6107.8757,
7/30/2024 4:20:00 PM,01RASLAG_G01,N,N,N,6088.1708,6088.1708,8886.3369,6088.1708,6088.1708,
7/30/2024 4:20:00 PM,01RASLAG_G02,N,N,N,6088.1708,6088.1708,9146.5961,6088.1708,6088.1708,
7/30/2024 4:20:00 PM,01RASLAG_G03,N,N,N,6088.1708,6088.1708,9831.1479,6088.1708,6088.1708,
7/30/2024 4:20:00 PM,01SABANG_G01,N,N,N,5966.8631,5966.8631,5698.7804,5966.8631,5966.8631,
7/30/2024 4:20:00 PM,01SANMIGSOL_G01,N,N,N,6133.7382,6133.7382,7356.6591,6133.7382,6133.7382,
7/30/2024 4:20:00 PM,01SE_ABRECO,N,N,N,5976.7155,5976.7155,7415.5893,5976.7155,5976.7155,
7/30/2024 4:20:00 PM,01SLANGN_G01,N,N,N,5966.8631,5966.8631,7281.8591,5966.8631,5966.8631,
7/30/2024 4:20:00 PM,01SMBELL_G01,N,N,N,5966.2473,5966.2473,7451.2563,5966.2473,5966.2473,
7/30/2024 4:20:00 PM,01SMC_G01,N,N,N,5777.2043,5777.2043,7048.6432,5777.2043,5777.2043,
7/30/2024 4:20:00 PM,01SMC_G02,N,N,N,5776.5885,5776.5885,6978.6821,5776.5885,5776.5885,
7/30/2024 4:20:00 PM,01SMC_G03,N,N,N,6157.7535,6157.7535,6990.3264,6157.7535,6157.7535,
7/30/2024 4:20:00 PM,01SMC_G04,N,N,N,5751.9575,5751.9575,7088.6001,5751.9575,5751.9575,
7/30/2024 4:20:00 PM,01SMC_SS,N,N,N,5777.2043,5777.2043,7415.5893,5777.2043,5777.2043,
7/30/2024 4:20:00 PM,01SMC_SS2,N,N,N,5776.5885,5776.5885,7415.5893,5776.5885,5776.5885,
7/30/2024 4:20:00 PM,01SMC_SS3,N,N,N,6157.7535,6157.7535,7415.5893,6157.7535,6157.7535,
7/30/2024 4:20:00 PM,01SMC_SS4,N,N,N,5751.9575,5751.9575,7415.5893,5751.9575,5751.9575,
7/30/2024 4:20:00 PM,01SNEST_SS,N,N,N,5968.0947,5968.0947,7415.5893,5968.0947,5968.0947,
7/30/2024 4:20:00 PM,01SNEST_T3L1,N,N,N,5984.7206,5984.7206,7415.5893,5984.7206,5984.7206,
7/30/2024 4:20:00 PM,01SNEST_T3L2,N,N,N,5984.7206,5984.7206,7415.5893,5984.7206,5984.7206,
7/30/2024 4:20:00 PM,01SNJOSE_L01,N,N,N,6123.8858,6123.8858,7415.5893,6123.8858,6123.8858,
7/30/2024 4:20:00 PM,01SNJOSE_SS,N,N,N,6112.8019,6112.8019,7415.5893,6112.8019,6112.8019,
7/30/2024 4:20:00 PM,01SNJOS_CAM,N,N,N,6123.8858,6123.8858,7415.5893,6123.8858,6123.8858,
7/30/2024 4:20:00 PM,01SNJOS_T1L1,N,N,N,6114.6492,6114.6492,7415.5893,6114.6492,6114.6492,
7/30/2024 4:20:00 PM,01SNJOS_T1L2,N,N,N,6179.3056,6179.3056,7415.5893,6179.3056,6179.3056,
7/30/2024 4:20:00 PM,01SNJOS_T1L3,N,N,N,6123.27,6123.27,7415.5893,6123.27,6123.27,
7/30/2024 4:20:00 PM,01SNMAN_BAT,N,N,N,6017.3567,6017.3567,8312.4693,6017.3567,6017.3567,
7/30/2024 4:20:00 PM,01SNMAN_LYO,N,N,N,6017.3567,6017.3567,7415.5893,6017.3567,6017.3567,
7/30/2024 4:20:00 PM,01SNMAN_SS,N,N,N,5991.4941,5991.4941,7415.5893,5991.4941,5991.4941,
7/30/2024 4:20:00 PM,01SNMAN_T1L2,N,N,N,6017.3567,6017.3567,7415.5893,6017.3567,6017.3567,
7/30/2024 4:20:00 PM,01SNMARSOL_G01,N,N,N,5890.5070,5890.5070,10406.6237,5890.5070,5890.5070,
7/30/2024 4:20:00 PM,01SNMAR_SS,N,N,N,5890.5070,5890.5070,7415.5893,5890.5070,5890.5070,
7/30/2024 4:20:00 PM,01SNM_PNELC3,N,N,N,6017.3567,6017.3567,7415.5893,6017.3567,6017.3567,
7/30/2024 4:20:00 PM,01SNTGO_SS,N,N,N,5955.7791,5955.7791,7415.5893,5955.7791,5955.7791,
7/30/2024 4:20:00 PM,01SNTGO_T1L1,N,N,N,5955.7791,5955.7791,7415.5893,5955.7791,5955.7791,
7/30/2024 4:20:00 PM,01SNTGO_T1L2,N,N,N,5955.7791,5955.7791,7415.5893,5955.7791,5955.7791,
7/30/2024 4:20:00 PM,01SNTGO_T1L3,N,N,N,5955.7791,5955.7791,7415.5893,5955.7791,5955.7791,
7/30/2024 4:20:00 PM,01SNTGO_T2L1,N,N,N,5955.7791,5955.7791,7415.5893,5955.7791,5955.7791,
7/30/2024 4:20:00 PM,01SNTGO_T2L2,N,N,N,5955.7791,5955.7791,7415.5893,5955.7791,5955.7791,
7/30/2024 4:20:00 PM,01SPABUL_G01,N,N,N,6133.7382,6133.7382,8144.8564,6133.7382,6133.7382,
7/30/2024 4:20:00 PM,01SROQUE_SS,N,N,N,5989.0310,5989.0310,7415.5893,5989.0310,5989.0310,
7/30/2024 4:20:00 PM,01SROQUE_U01,N,N,N,5987.1837,5987.1837,7216.7667,5987.1837,5987.1837,
7/30/2024 4:20:00 PM,01SROQUE_U02,N,N,N,5989.0310,5989.0310,7216.7667,5989.0310,5989.0310,
7/30/2024 4:20:00 PM,01SROQUE_U03,N,N,N,5989.0310,5989.0310,7216.7667,5989.0310,5989.0310,
7/30/2024 4:20:00 PM,01SUAL_G01,N,N,N,5849.8658,5849.8658,7227.2247,5849.8658,5849.8658,
7/30/2024 4:20:00 PM,01SUAL_G02,N,N,N,5868.3390,5868.3390,7372.7770,5868.3390,5868.3390,
7/30/2024 4:20:00 PM,01SUAL_T3L1,N,N,N,5874.4968,5874.4968,7415.5893,5874.4968,5874.4968,
7/30/2024 4:20:00 PM,01SUBIC_T3L1,N,N,N,5920.68,5920.68,7415.5893,5920.68,5920.68,
7/30/2024 4:20:00 PM,01SUBIC_T3L2,N,N,N,5920.68,5920.68,7415.5893,5920.68,5920.68,
7/30/2024 4:20:00 PM,01SUBSOL_G01,N,N,N,5920.68,5920.68,8312.0841,5920.68,5920.68,
7/30/2024 4:20:00 PM,01SUPSOL_G01,N,N,N,5919.4484,5919.4484,7533.1660,5919.4484,5919.4484,
7/30/2024 4:20:00 PM,01S_ENRO_G01,N,N,N,5920.68,5920.68,12234.8875,5920.68,5920.68,
7/30/2024 4:20:00 PM,01S_ENRO_SS,N,N,N,5920.68,5920.68,7415.5893,5920.68,5920.68,
7/30/2024 4:20:00 PM,01TERASU_G01,N,N,N,6084.4762,6084.4762,8228.4976,6084.4762,6084.4762,
7/30/2024 4:20:00 PM,01TGEGA_SS,N,N,N,6050.6085,6050.6085,7415.5893,6050.6085,6050.6085,
7/30/2024 4:20:00 PM,01TGEGA_T1L1,N,N,N,6053.6874,6053.6874,7415.5893,6053.6874,6053.6874,
7/30/2024 4:20:00 PM,01TG_CGELCO1,N,N,N,6053.6874,6053.6874,7415.5893,6053.6874,6053.6874,
7/30/2024 4:20:00 PM,01TG_CGELCO2,N,N,N,6053.6874,6053.6874,7415.5893,6053.6874,6053.6874,
7/30/2024 4:20:00 PM,01TG_ISELCO2,N,N,N,6053.6874,6053.6874,7415.5893,6053.6874,6053.6874,
7/30/2024 4:20:00 PM,01TPCBUNK_G01,N,N,N,6084.4762,6084.4762,7249.2148,6084.4762,6084.4762,
7/30/2024 4:20:00 PM,01TRASU_L01,N,N,N,6084.4762,6084.4762,7415.5893,6084.4762,6084.4762,
7/30/2024 4:20:00 PM,01TRUSTBIO_G01,N,N,N,6088.1708,6088.1708,7310.1107,6088.1708,6088.1708,
7/30/2024 4:20:00 PM,01TRUSTSOL_G01,N,N,N,6088.1708,6088.1708,9239.7853,6088.1708,6088.1708,
7/30/2024 4:20:00 PM,01T_ASIA_G01,N,N,N,6122.6543,6122.6543,12617.7360,6122.6543,6122.6543,
7/30/2024 4:20:00 PM,01T_ASI_T3L1,N,N,N,6122.6543,6122.6543,7415.5893,6122.6543,6122.6543,
7/30/2024 4:20:00 PM,01UPPC_G01,N,N,N,6088.1708,6088.1708,7310.1107,6088.1708,6088.1708,
7/30/2024 4:20:00 PM,01VSGRIP_G01,N,N,N,6189.7738,6189.7738,7491.4410,6189.7738,6189.7738,
7/30/2024 4:20:00 PM,01YHGRN_G01,N,N,N,5920.0642,5920.0642,10099.6030,5920.0642,5920.0642,
7/30/2024 4:20:00 PM,01ZAMSOL_G01,N,N,N,5953.9318,5953.9318,10049.2853,5953.9318,5953.9318,
7/30/2024 4:20:00 PM,02ARANE_T1L1,N,N,N,6234.7254,6234.7254,7415.5893,6234.7254,6234.7254,
7/30/2024 4:20:00 PM,02BALNT_T1L1,N,N,N,6188.5422,6188.5422,7415.5893,6188.5422,6188.5422,
7/30/2024 4:20:00 PM,02DOLOR_T1L1,N,N,N,6217.4837,6217.4837,7415.5893,6217.4837,6217.4837,
7/30/2024 4:20:00 PM,02ECOPRK_G01,N,N,N,6188.5422,6188.5422,8215.7305,6188.5422,6188.5422,
7/30/2024 4:20:00 PM,02ECOTAGA_G01,N,N,N,6188.5422,6188.5422,8548.1238,6188.5422,6188.5422,
7/30/2024 4:20:00 PM,02MMPP_G01,N,N,N,6188.5422,6188.5422,7379.1625,6188.5422,6188.5422,
7/30/2024 4:20:00 PM,02PACO_T1L1,N,N,N,6248.2724,6248.2724,7415.5893,6248.2724,6248.2724,
7/30/2024 4:20:00 PM,02PNGEA_G01,N,N,N,6188.5422,6188.5422,7349.9022,6188.5422,6188.5422,
7/30/2024 4:20:00 PM,02PNGYSOL_G01,N,N,N,6217.4837,6217.4837,10343.4273,6217.4837,6217.4837,
7/30/2024 4:20:00 PM,02SMNRTH_G01,N,N,N,6188.5422,6188.5422,7379.1625,6188.5422,6188.5422,
7/30/2024 4:20:00 PM,02SUCAT_T1L1,N,N,N,6223.6414,6223.6414,7415.5893,6223.6414,6223.6414,
7/30/2024 4:20:00 PM,02TMOBIL_G01,N,N,N,6188.5422,6188.5422,7379.1625,6188.5422,6188.5422,
7/30/2024 4:20:00 PM,02TMOBIL_G02,N,N,N,6188.5422,6188.5422,7379.1625,6188.5422,6188.5422,
7/30/2024 4:20:00 PM,02TMOBIL_G03,N,N,N,6188.5422,6188.5422,7379.1625,6188.5422,6188.5422,
7/30/2024 4:20:00 PM,02TMOBIL_G04,N,N,N,6188.5422,6188.5422,7379.1625,6188.5422,6188.5422,
7/30/2024 4:20:00 PM,02VALSOL_G01,N,N,N,6188.5422,6188.5422,8466.0576,6188.5422,6188.5422,
7/30/2024 4:20:00 PM,02ZAPOT_SS,N,N,N,6196.5473,6196.5473,7415.5893,6196.5473,6196.5473,
7/30/2024 4:20:00 PM,02ZAPOT_T1L1,N,N,N,6208.2470,6208.2470,7415.5893,6208.2470,6208.2470,
7/30/2024 4:20:00 PM,03ADISOL_G01,N,N,N,6054.3032,6054.3032,10121.4205,6054.3032,6054.3032,
7/30/2024 4:20:00 PM,03ALMNOS_BAT1,N,N,N,6158.3692,6158.3692,8310.8162,6158.3692,6158.3692,
7/30/2024 4:20:00 PM,03ALMNOS_BAT2,N,N,N,6158.3692,6158.3692,7217.5507,6158.3692,6158.3692,
7/30/2024 4:20:00 PM,03AMADEO_T1L1,N,N,N,6143.5906,6143.5906,7415.5893,6143.5906,6143.5906,
7/30/2024 4:20:00 PM,03AVION_SS,N,N,N,6117.7281,6117.7281,7415.5893,6117.7281,6117.7281,
7/30/2024 4:20:00 PM,03AVION_U01,N,N,N,6117.1123,6117.1123,6962.3241,6117.1123,6117.1123,
7/30/2024 4:20:00 PM,03AVION_U02,N,N,N,6117.1123,6117.1123,9143.1033,6117.1123,6117.1123,
7/30/2024 4:20:00 PM,03AWOC_G01,N,N,N,6217.4837,6217.4837,7389.2667,6217.4837,6217.4837,
7/30/2024 4:20:00 PM,03BACMAN_SS,N,N,N,5881.2703,5881.2703,7415.5893,5881.2703,5881.2703,
7/30/2024 4:20:00 PM,03BACMAN_U01,N,N,N,5855.4078,5855.4078,7469.7574,5855.4078,5855.4078,
7/30/2024 4:20:00 PM,03BACMAN_U02,N,N,N,5856.0235,5856.0235,6986.3996,5856.0235,5856.0235,
7/30/2024 4:20:00 PM,03BACMAN_U03,N,N,N,5879.4230,5879.4230,7384.6532,5879.4230,5879.4230,
7/30/2024 4:20:00 PM,03BALUG_G01,N,N,N,6135.5855,6135.5855,5493.8741,6135.5855,6135.5855,
7/30/2024 4:20:00 PM,03BART_G01,N,N,N,5989.0310,5989.0310,7179.1027,5989.0310,5989.0310,
7/30/2024 4:20:00 PM,03BATAN_SS,N,N,N,6133.1224,6133.1224,7415.5893,6133.1224,6133.1224,
7/30/2024 4:20:00 PM,03BATAN_T1L2,N,N,N,6139.2802,6139.2802,7415.5893,6139.2802,6139.2802,
7/30/2024 4:20:00 PM,03BATAN_T2L2,N,N,N,6135.5855,6135.5855,7415.5893,6135.5855,6135.5855,
7/30/2024 4:20:00 PM,03BAT_BTLEC2,N,N,N,6140.5117,6140.5117,7415.5893,6140.5117,6140.5117,
7/30/2024 4:20:00 PM,03BAT_LIP01,N,N,N,6140.5117,6140.5117,7415.5893,6140.5117,6140.5117,
7/30/2024 4:20:00 PM,03BAT_LIP02,N,N,N,6140.5117,6140.5117,7415.5893,6140.5117,6140.5117,
7/30/2024 4:20:00 PM,03BAT_MECO,N,N,N,6140.5117,6140.5117,7415.5893,6140.5117,6140.5117,
7/30/2024 4:20:00 PM,03BAT_MECO1,N,N,N,6140.5117,6140.5117,7415.5893,6140.5117,6140.5117,
7/30/2024 4:20:00 PM,03BAT_MECO2,N,N,N,6140.5117,6140.5117,7415.5893,6140.5117,6140.5117,
7/30/2024 4:20:00 PM,03BAT_ROS01,N,N,N,6140.5117,6140.5117,7415.5893,6140.5117,6140.5117,
7/30/2024 4:20:00 PM,03BAT_T1L1,N,N,N,6139.2802,6139.2802,7415.5893,6139.2802,6139.2802,
7/30/2024 4:20:00 PM,03BAT_T2L1,N,N,N,6135.5855,6135.5855,7415.5893,6135.5855,6135.5855,
7/30/2024 4:20:00 PM,03BBEC_G01,N,N,N,5989.0310,5989.0310,7158.9417,5989.0310,5989.0310,
7/30/2024 4:20:00 PM,03BINAN_SS,N,N,N,6180.5371,6180.5371,7415.5893,6180.5371,6180.5371,
7/30/2024 4:20:00 PM,03BINAN_T1L1,N,N,N,6188.5422,6188.5422,7415.5893,6188.5422,6188.5422,
7/30/2024 4:20:00 PM,03BOTOCA_G01,N,N,N,6135.5855,6135.5855,7214.4005,6135.5855,6135.5855,
7/30/2024 4:20:00 PM,03BOTOCA_L01,N,N,N,6135.5855,6135.5855,7415.5893,6135.5855,6135.5855,
7/30/2024 4:20:00 PM,03BOTOCA_SS,N,N,N,6135.5855,6135.5855,7415.5893,6135.5855,6135.5855,
7/30/2024 4:20:00 PM,03CADPI_G01,N,N,N,6054.3032,6054.3032,6944.2674,6054.3032,6054.3032,
7/30/2024 4:20:00 PM,03CALACA_G01,N,N,N,6157.7535,6157.7535,3836.2167,6157.7535,6157.7535,
7/30/2024 4:20:00 PM,03CALACA_G02,N,N,N,6157.7535,6157.7535,6933.2728,6157.7535,6157.7535,
7/30/2024 4:20:00 PM,03CALAMBA_L01,N,N,N,6187.3107,6187.3107,7415.5893,6187.3107,6187.3107,
7/30/2024 4:20:00 PM,03CALAMBA_SS,N,N,N,6177.4583,6177.4583,7415.5893,6177.4583,6177.4583,
7/30/2024 4:20:00 PM,03CALAU_SS,N,N,N,6200.2420,6200.2420,7415.5893,6200.2420,6200.2420,
7/30/2024 4:20:00 PM,03CALAU_T1L1,N,N,N,6208.2470,6208.2470,7415.5893,6208.2470,6208.2470,
7/30/2024 4:20:00 PM,03CALIRY_G01,N,N,N,6135.5855,6135.5855,7218.4397,6135.5855,6135.5855,
7/30/2024 4:20:00 PM,03CALIRY_SS,N,N,N,6135.5855,6135.5855,7415.5893,6135.5855,6135.5855,
7/30/2024 4:20:00 PM,03CALIRY_SS1,N,N,N,6135.5855,6135.5855,7415.5893,6135.5855,6135.5855,
7/30/2024 4:20:00 PM,03CALIR_TAL1,N,N,N,6135.5855,6135.5855,7415.5893,6135.5855,6135.5855,
7/30/2024 4:20:00 PM,03CALI_FLECO,N,N,N,6135.5855,6135.5855,7415.5893,6135.5855,6135.5855,
7/30/2024 4:20:00 PM,03CALSOL_G01,N,N,N,6054.3032,6054.3032,11061.6185,6054.3032,6054.3032,
7/30/2024 4:20:00 PM,03CLABSOL_G01,N,N,N,5989.0310,5989.0310,7179.1757,5989.0310,5989.0310,
7/30/2024 4:20:00 PM,03CLACA_SS,N,N,N,6072.1607,6072.1607,7415.5893,6072.1607,6072.1607,
7/30/2024 4:20:00 PM,03CLA_BCNOT,N,N,N,6041.3719,6041.3719,7415.5893,6041.3719,6041.3719,
7/30/2024 4:20:00 PM,03CLA_BTLEC1,N,N,N,6054.3032,6054.3032,7415.5893,6054.3032,6054.3032,
7/30/2024 4:20:00 PM,03CLA_STLCOR,N,N,N,6054.3032,6054.3032,7415.5893,6054.3032,6054.3032,
7/30/2024 4:20:00 PM,03CLA_T1L1,N,N,N,6054.3032,6054.3032,7415.5893,6054.3032,6054.3032,
7/30/2024 4:20:00 PM,03CLBATO_G01,N,N,N,6208.2470,6208.2470,9415.8514,6208.2470,6208.2470,
7/30/2024 4:20:00 PM,03COLASI_G01,N,N,N,6093.7128,6093.7128,7744.2944,6093.7128,6093.7128,
7/30/2024 4:20:00 PM,03DARAG_SS,N,N,N,5934.8428,5934.8428,7415.5893,5934.8428,5934.8428,
7/30/2024 4:20:00 PM,03DARAG_T1L1,N,N,N,6157.7535,6157.7535,7415.5893,6157.7535,6157.7535,
7/30/2024 4:20:00 PM,03DAR_ALECO,N,N,N,5942.2321,5942.2321,7415.5893,5942.2321,5942.2321,
7/30/2024 4:20:00 PM,03DAR_SRECO2,N,N,N,5942.8479,5942.8479,7415.5893,5942.8479,5942.8479,
7/30/2024 4:20:00 PM,03DAR_STDOM,N,N,N,5942.2321,5942.2321,7415.5893,5942.2321,5942.2321,
7/30/2024 4:20:00 PM,03DASMA_L01,N,N,N,6153.4430,6153.4430,7415.5893,6153.4430,6153.4430,
7/30/2024 4:20:00 PM,03DASMA_SS,N,N,N,6129.4278,6129.4278,7415.5893,6129.4278,6129.4278,
7/30/2024 4:20:00 PM,03EERI_G01,N,N,N,5987.1837,5987.1837,7077.8780,5987.1837,5987.1837,
7/30/2024 4:20:00 PM,03EERI_G02,N,N,N,5986.5679,5986.5679,7761.2056,5986.5679,5986.5679,
7/30/2024 4:20:00 PM,03EERI_G03,N,N,N,5987.1837,5987.1837,7899.2519,5987.1837,5987.1837,
7/30/2024 4:20:00 PM,03EERI_L01,N,N,N,5987.1837,5987.1837,7415.5893,5987.1837,5987.1837,
7/30/2024 4:20:00 PM,03EERI_SS,N,N,N,5987.1837,5987.1837,7415.5893,5987.1837,5987.1837,
7/30/2024 4:20:00 PM,03GUMAC_SS,N,N,N,6139.8960,6139.8960,7415.5893,6139.8960,6139.8960,
7/30/2024 4:20:00 PM,03GUMAC_T1L1,N,N,N,6143.5906,6143.5906,7415.5893,6143.5906,6143.5906,
7/30/2024 4:20:00 PM,03GUMAC_T1L2,N,N,N,6143.5906,6143.5906,7415.5893,6143.5906,6143.5906,
7/30/2024 4:20:00 PM,03GUMAC_T1L3,N,N,N,6143.5906,6143.5906,7415.5893,6143.5906,6143.5906,
7/30/2024 4:20:00 PM,03GUMAC_T1L4,N,N,N,6143.5906,6143.5906,7415.5893,6143.5906,6143.5906,
7/30/2024 4:20:00 PM,03ILI500_SS,N,N,N,5987.1837,5987.1837,7415.5893,5987.1837,5987.1837,
7/30/2024 4:20:00 PM,03ILIJAN_G01,N,N,N,5985.9521,5985.9521,6930.2502,5985.9521,5985.9521,
7/30/2024 4:20:00 PM,03ILIJAN_G02,N,N,N,5985.3364,5985.3364,7524.2903,5985.3364,5985.3364,
7/30/2024 4:20:00 PM,03ILIJAN_SS,N,N,N,5985.9521,5985.9521,7415.5893,5985.9521,5985.9521,
7/30/2024 4:20:00 PM,03ILIJAN_SS2,N,N,N,5985.3364,5985.3364,7415.5893,5985.3364,5985.3364,
7/30/2024 4:20:00 PM,03INARI_G01,N,N,N,5989.0310,5989.0310,7818.8612,5989.0310,5989.0310,
7/30/2024 4:20:00 PM,03INGRID_GS1,N,N,N,6187.9265,6187.9265,4115.6459,6187.9265,6187.9265,
7/30/2024 4:20:00 PM,03INGRID_GS2,N,N,N,6187.9265,6187.9265,4126.9386,6187.9265,6187.9265,
7/30/2024 4:20:00 PM,03INGRID_GS3,N,N,N,6187.9265,6187.9265,7317.6453,6187.9265,6187.9265,
7/30/2024 4:20:00 PM,03INGRID_GS4,N,N,N,6187.9265,6187.9265,5265.1028,6187.9265,6187.9265,
7/30/2024 4:20:00 PM,03INGRID_GS5,N,N,N,6187.9265,6187.9265,7317.6453,6187.9265,6187.9265,
7/30/2024 4:20:00 PM,03INGRID_GS6,N,N,N,6187.9265,6187.9265,5262.1617,6187.9265,6187.9265,
7/30/2024 4:20:00 PM,03KAL_E_T1L1,N,N,N,6158.9850,6158.9850,7415.5893,6158.9850,6158.9850,
7/30/2024 4:20:00 PM,03KAL_G01,N,N,N,6159.6008,6159.6008,7241.0541,6159.6008,6159.6008,
7/30/2024 4:20:00 PM,03KAL_G02,N,N,N,6159.6008,6159.6008,7287.8001,6159.6008,6159.6008,
7/30/2024 4:20:00 PM,03KAL_G03,N,N,N,6158.3692,6158.3692,6670.3336,6158.3692,6158.3692,
7/30/2024 4:20:00 PM,03KAL_G04,N,N,N,6157.7535,6157.7535,7845.6617,6157.7535,6157.7535,
7/30/2024 4:20:00 PM,03KAL_SS,N,N,N,6159.6008,6159.6008,7415.5893,6159.6008,6159.6008,
7/30/2024 4:20:00 PM,03LABO_SS,N,N,N,6086.9393,6086.9393,7415.5893,6086.9393,6086.9393,
7/30/2024 4:20:00 PM,03LABO_T1L1,N,N,N,6093.7128,6093.7128,7415.5893,6093.7128,6093.7128,
7/30/2024 4:20:00 PM,03LABO_T1L2,N,N,N,6093.7128,6093.7128,7415.5893,6093.7128,6093.7128,
7/30/2024 4:20:00 PM,03LMHP_G01,N,N,N,5854.7920,5854.7920,6950.1725,5854.7920,5854.7920,
7/30/2024 4:20:00 PM,03LUMBAN_BAT,N,N,N,6158.9850,6158.9850,2919.5493,6158.9850,6158.9850,
7/30/2024 4:20:00 PM,03LUMBAN_BATL,N,N,N,6158.9850,6158.9850,7415.5893,6158.9850,6158.9850,
7/30/2024 4:20:00 PM,03LUMBAN_SS,N,N,N,6160.8323,6160.8323,7415.5893,6160.8323,6160.8323,
7/30/2024 4:20:00 PM,03LWERLAB_G01,N,N,N,6155.9061,6155.9061,7377.2110,6155.9061,6155.9061,
7/30/2024 4:20:00 PM,03MAJAY_G01,N,N,N,6135.5855,6135.5855,6858.1860,6135.5855,6135.5855,
7/30/2024 4:20:00 PM,03MAKBA_T3L1,N,N,N,6158.3692,6158.3692,7415.5893,6158.3692,6158.3692,
7/30/2024 4:20:00 PM,03MAKBA_T3L2,N,N,N,6157.7535,6157.7535,7415.5893,6157.7535,6157.7535,
7/30/2024 4:20:00 PM,03MALAYA_G01,N,N,N,6187.9265,6187.9265,7318.5737,6187.9265,6187.9265,
7/30/2024 4:20:00 PM,03MALAYA_G02,N,N,N,6157.7535,6157.7535,2938.2438,6157.7535,6157.7535,
7/30/2024 4:20:00 PM,03MEC_G01,N,N,N,6153.4430,6153.4430,10929.7056,6153.4430,6153.4430,
7/30/2024 4:20:00 PM,03MGI_G02,N,N,N,6208.2470,6208.2470,7283.2978,6208.2470,6208.2470,
7/30/2024 4:20:00 PM,03MGPP_G01,N,N,N,6208.2470,6208.2470,7292.2317,6208.2470,6208.2470,
7/30/2024 4:20:00 PM,03MKBNA_SS,N,N,N,6157.7535,6157.7535,7415.5893,6157.7535,6157.7535,
7/30/2024 4:20:00 PM,03MKBNB_SS,N,N,N,6156.5219,6156.5219,7415.5893,6156.5219,6156.5219,
7/30/2024 4:20:00 PM,03MKBNC_SS,N,N,N,6157.7535,6157.7535,7415.5893,6157.7535,6157.7535,
7/30/2024 4:20:00 PM,03MKBND_SS,N,N,N,6155.2904,6155.2904,7415.5893,6155.2904,6155.2904,
7/30/2024 4:20:00 PM,03MKBNE_SS,N,N,N,6158.3692,6158.3692,7415.5893,6158.3692,6158.3692,
7/30/2024 4:20:00 PM,03MKBN_A,N,N,N,6122.6543,6122.6543,7301.3672,6122.6543,6122.6543,
7/30/2024 4:20:00 PM,03MKBN_B,N,N,N,6153.4430,6153.4430,7262.8562,6153.4430,6153.4430,
7/30/2024 4:20:00 PM,03MKBN_C,N,N,N,6157.7535,6157.7535,7218.1542,6157.7535,6157.7535,
7/30/2024 4:20:00 PM,03MKBN_D,N,N,N,6153.4430,6153.4430,7352.1730,6153.4430,6153.4430,
7/30/2024 4:20:00 PM,03MKBN_E,N,N,N,6158.3692,6158.3692,7224.1958,6158.3692,6158.3692,
7/30/2024 4:20:00 PM,03MKBN_SLACE,N,N,N,6158.3692,6158.3692,7415.5893,6158.3692,6158.3692,
7/30/2024 4:20:00 PM,03MLAYA_L01,N,N,N,6187.9265,6187.9265,7415.5893,6187.9265,6187.9265,
7/30/2024 4:20:00 PM,03MLAYA_SS,N,N,N,6187.9265,6187.9265,7415.5893,6187.9265,6187.9265,
7/30/2024 4:20:00 PM,03MLAYA_SS1,N,N,N,6187.9265,6187.9265,7415.5893,6187.9265,6187.9265,
7/30/2024 4:20:00 PM,03MLAYA_T2L1,N,N,N,6187.9265,6187.9265,7415.5893,6187.9265,6187.9265,
7/30/2024 4:20:00 PM,03MLAYA_T2L2,N,N,N,6157.7535,6157.7535,7415.5893,6157.7535,6157.7535,
7/30/2024 4:20:00 PM,03NAG_CSRC2B,N,N,N,5989.0310,5989.0310,7415.5893,5989.0310,5989.0310,
7/30/2024 4:20:00 PM,03NAG_CSRCO1,N,N,N,5989.0310,5989.0310,7415.5893,5989.0310,5989.0310,
7/30/2024 4:20:00 PM,03NAG_CSRCO2,N,N,N,5989.0310,5989.0310,7415.5893,5989.0310,5989.0310,
7/30/2024 4:20:00 PM,03NAG_CSRCO3,N,N,N,5989.0310,5989.0310,7415.5893,5989.0310,5989.0310,
7/30/2024 4:20:00 PM,03NAG_CSRCO4,N,N,N,5989.0310,5989.0310,7415.5893,5989.0310,5989.0310,
7/30/2024 4:20:00 PM,03NAG_SS,N,N,N,5989.0310,5989.0310,7415.5893,5989.0310,5989.0310,
7/30/2024 4:20:00 PM,03ORMAT_G01,N,N,N,6158.3692,6158.3692,6555.4773,6158.3692,6158.3692,
7/30/2024 4:20:00 PM,03ORMAT_SS,N,N,N,6158.3692,6158.3692,7415.5893,6158.3692,6158.3692,
7/30/2024 4:20:00 PM,03PAGBIL_G01,N,N,N,5937.9217,5937.9217,7162.7678,5937.9217,5937.9217,
7/30/2024 4:20:00 PM,03PAGBIL_G02,N,N,N,5936.6901,5936.6901,7972.4286,5936.6901,5936.6901,
7/30/2024 4:20:00 PM,03PAGBIL_G03,N,N,N,5936.0743,5936.0743,7269.2954,5936.0743,5936.0743,
7/30/2024 4:20:00 PM,03PAGEHV_SS,N,N,N,5973.6366,5973.6366,7415.5893,5973.6366,5973.6366,
7/30/2024 4:20:00 PM,03PALAK_G01,N,N,N,6208.2470,6208.2470,8058.9604,6208.2470,6208.2470,
7/30/2024 4:20:00 PM,03PALAYAN_G01,N,N,N,6157.7535,6157.7535,7008.1973,6157.7535,6157.7535,
7/30/2024 4:20:00 PM,03PGBIL_SS,N,N,N,5937.9217,5937.9217,7415.5893,5937.9217,5937.9217,
7/30/2024 4:20:00 PM,03PGBIL_SS1,N,N,N,5937.9217,5937.9217,7415.5893,5937.9217,5937.9217,
7/30/2024 4:20:00 PM,03PGBIL_SS2,N,N,N,5937.9217,5937.9217,7415.5893,5937.9217,5937.9217,
7/30/2024 4:20:00 PM,03QPPL_G01,N,N,N,5854.7920,5854.7920,6937.7318,5854.7920,5854.7920,
7/30/2024 4:20:00 PM,03QPPL_SU1,N,N,N,5854.7920,5854.7920,7415.5893,5854.7920,5854.7920,
7/30/2024 4:20:00 PM,03QPPL_T5L1,N,N,N,5854.7920,5854.7920,7415.5893,5854.7920,5854.7920,
7/30/2024 4:20:00 PM,03RCBMI_G01,N,N,N,6135.5855,6135.5855,7157.2964,6135.5855,6135.5855,
7/30/2024 4:20:00 PM,03RCBMI_G02,N,N,N,6135.5855,6135.5855,12381.2708,6135.5855,6135.5855,
7/30/2024 4:20:00 PM,03SBPL_G01,N,N,N,5854.7920,5854.7920,6952.0602,5854.7920,5854.7920,
7/30/2024 4:20:00 PM,03SBPL_L01,N,N,N,5854.7920,5854.7920,7415.5893,5854.7920,5854.7920,
7/30/2024 4:20:00 PM,03SLPGC_G01,N,N,N,6157.7535,6157.7535,5206.0051,6157.7535,6157.7535,
7/30/2024 4:20:00 PM,03SLPGC_G02,N,N,N,6016.7409,6016.7409,6926.7036,6016.7409,6016.7409,
7/30/2024 4:20:00 PM,03SLPGC_SS,N,N,N,6048.1454,6048.1454,7415.5893,6048.1454,6048.1454,
7/30/2024 4:20:00 PM,03SLTEC_G01,N,N,N,6157.7535,6157.7535,6914.4473,6157.7535,6157.7535,
7/30/2024 4:20:00 PM,03SLTEC_G02,N,N,N,6038.2930,6038.2930,6921.8572,6038.2930,6038.2930,
7/30/2024 4:20:00 PM,03SLTEC_SS,N,N,N,6041.3719,6041.3719,7415.5893,6041.3719,6041.3719,
7/30/2024 4:20:00 PM,03SNGAB_G01,N,N,N,6118.9596,6118.9596,8617.2936,6118.9596,6118.9596,
7/30/2024 4:20:00 PM,03SNGAB_S01,N,N,N,6118.9596,6118.9596,7415.5893,6118.9596,6118.9596,
7/30/2024 4:20:00 PM,03SOLACE_G01,N,N,N,6158.3692,6158.3692,9058.8787,6158.3692,6158.3692,
7/30/2024 4:20:00 PM,03STA-RI_G01,N,N,N,5964.40,5964.40,7214.3839,5964.40,5964.40,
7/30/2024 4:20:00 PM,03STA-RI_G02,N,N,N,6157.7535,6157.7535,7233.8373,6157.7535,6157.7535,
7/30/2024 4:20:00 PM,03STA-RI_G03,N,N,N,5979.1786,5979.1786,7246.3042,5979.1786,5979.1786,
7/30/2024 4:20:00 PM,03STA-RI_G04,N,N,N,5979.1786,5979.1786,7262.3757,5979.1786,5979.1786,
7/30/2024 4:20:00 PM,03STA-RI_G05,N,N,N,6117.1123,6117.1123,7586.4290,6117.1123,6117.1123,
7/30/2024 4:20:00 PM,03STA-RI_G06,N,N,N,6117.1123,6117.1123,7328.0520,6117.1123,6117.1123,
7/30/2024 4:20:00 PM,03STAR_SS1,N,N,N,5964.40,5964.40,7415.5893,5964.40,5964.40,
7/30/2024 4:20:00 PM,03STAR_SS2,N,N,N,6157.7535,6157.7535,7415.5893,6157.7535,6157.7535,
7/30/2024 4:20:00 PM,03STAR_SS3,N,N,N,5979.1786,5979.1786,7415.5893,5979.1786,5979.1786,
7/30/2024 4:20:00 PM,03STAR_SS4,N,N,N,5979.1786,5979.1786,7415.5893,5979.1786,5979.1786,
7/30/2024 4:20:00 PM,03STAR_SS5,N,N,N,6117.1123,6117.1123,7415.5893,6117.1123,6117.1123,
7/30/2024 4:20:00 PM,03STAR_SS6,N,N,N,6117.1123,6117.1123,7415.5893,6117.1123,6117.1123,
7/30/2024 4:20:00 PM,03STROS_T1L1,N,N,N,6194.70,6194.70,7415.5893,6194.70,6194.70,
7/30/2024 4:20:00 PM,03TAYAB_SS,N,N,N,5982.8733,5982.8733,7415.5893,5982.8733,5982.8733,
7/30/2024 4:20:00 PM,03TAYAB_T1L1,N,N,N,5982.2575,5982.2575,7415.5893,5982.2575,5982.2575,
7/30/2024 4:20:00 PM,03TAYAB_T1L2,N,N,N,5982.2575,5982.2575,7415.5893,5982.2575,5982.2575,
7/30/2024 4:20:00 PM,03TGPP_G01,N,N,N,5955.7791,5955.7791,7988.5062,5955.7791,5955.7791,
7/30/2024 4:20:00 PM,03TGPP_L01,N,N,N,5955.7791,5955.7791,7415.5893,5955.7791,5955.7791,
7/30/2024 4:20:00 PM,03TIBAG_G01,N,N,N,6155.9061,6155.9061,7242.6851,6155.9061,6155.9061,
7/30/2024 4:20:00 PM,03TIWIA_SS,N,N,N,5957.6265,5957.6265,7415.5893,5957.6265,5957.6265,
7/30/2024 4:20:00 PM,03TIWIC_L01,N,N,N,6157.7535,6157.7535,7415.5893,6157.7535,6157.7535,
7/30/2024 4:20:00 PM,03TIWIC_SS,N,N,N,5958.2422,5958.2422,7415.5893,5958.2422,5958.2422,
7/30/2024 4:20:00 PM,03TIWI_A,N,N,N,5957.6265,5957.6265,6635.5739,5957.6265,5957.6265,
7/30/2024 4:20:00 PM,03TIWI_C,N,N,N,5958.2422,5958.2422,7245.4852,5958.2422,5958.2422,
7/30/2024 4:20:00 PM,03UPLAB_G01,N,N,N,6158.9850,6158.9850,7244.2029,6158.9850,6158.9850,
7/30/2024 4:20:00 PM,04BABAT_SS,N,N,N,6135.5855,6135.5855,7415.5893,6135.5855,6135.5855,
7/30/2024 4:20:00 PM,04BABAT_T1L1,N,N,N,6135.5855,6135.5855,7415.5893,6135.5855,6135.5855,
7/30/2024 4:20:00 PM,04BAGLI_T1L1,N,N,N,6139.2802,6139.2802,7415.5893,6139.2802,6139.2802,
7/30/2024 4:20:00 PM,04BAGLI_T1L2,N,N,N,6139.2802,6139.2802,7415.5893,6139.2802,6139.2802,
7/30/2024 4:20:00 PM,04BILGPP_G01,N,N,N,5974.2524,5974.2524,6959.8539,5974.2524,5974.2524,
7/30/2024 4:20:00 PM,04CLBYBNK_G01,N,N,N,6166.3743,6166.3743,7368.1342,6166.3743,6166.3743,
7/30/2024 4:20:00 PM,04CLBYOG_L02,N,N,N,6166.3743,6166.3743,7415.5893,6166.3743,6166.3743,
7/30/2024 4:20:00 PM,04CLBYOG_SS,N,N,N,6166.3743,6166.3743,7415.5893,6166.3743,6166.3743,
7/30/2024 4:20:00 PM,04IASMOD_G01,N,N,N,5974.2524,5974.2524,3634.9404,5974.2524,5974.2524,
7/30/2024 4:20:00 PM,04IASMOD_G02,N,N,N,5974.2524,5974.2524,11293.8337,5974.2524,5974.2524,
7/30/2024 4:20:00 PM,04IASMOD_G03,N,N,N,5974.2524,5974.2524,7551.6857,5974.2524,5974.2524,
7/30/2024 4:20:00 PM,04IASMOD_G04,N,N,N,5974.2524,5974.2524,10213.9612,5974.2524,5974.2524,
7/30/2024 4:20:00 PM,04IASMOD_G05,N,N,N,5974.2524,5974.2524,7556.2874,5974.2524,5974.2524,
7/30/2024 4:20:00 PM,04IASMOD_G06,N,N,N,5974.2524,5974.2524,6060.1191,5974.2524,5974.2524,
7/30/2024 4:20:00 PM,04ISABE_SS,N,N,N,5974.2524,5974.2524,7415.5893,5974.2524,5974.2524,
7/30/2024 4:20:00 PM,04ISABE_T1L1,N,N,N,5974.2524,5974.2524,7415.5893,5974.2524,5974.2524,
7/30/2024 4:20:00 PM,04ISABE_T2L1,N,N,N,5974.2524,5974.2524,7415.5893,5974.2524,5974.2524,
7/30/2024 4:20:00 PM,04ISABE_T3L1,N,N,N,5974.2524,5974.2524,7415.5893,5974.2524,5974.2524,
7/30/2024 4:20:00 PM,04ISABE_T4L2,N,N,N,5974.2524,5974.2524,7415.5893,5974.2524,5974.2524,
7/30/2024 4:20:00 PM,04ISABE_T5L2,N,N,N,5974.2524,5974.2524,7415.5893,5974.2524,5974.2524,
7/30/2024 4:20:00 PM,04LEYTE_A,N,N,N,5969.9420,5969.9420,6842.9125,5969.9420,5969.9420,
7/30/2024 4:20:00 PM,04LEYTE_S01,N,N,N,5969.9420,5969.9420,7415.5893,5969.9420,5969.9420,
7/30/2024 4:20:00 PM,04LGPP_G01,N,N,N,5942.8479,5942.8479,6906.9950,5942.8479,5942.8479,
7/30/2024 4:20:00 PM,04MAASI_SS,N,N,N,6455.1730,6455.1730,7415.5893,6455.1730,6455.1730,
7/30/2024 4:20:00 PM,04MAASI_T1L1,N,N,N,6473.0304,6473.0304,7415.5893,6473.0304,6473.0304,
7/30/2024 4:20:00 PM,04MAASI_T2L2,N,N,N,6473.0304,6473.0304,7415.5893,6473.0304,6473.0304,
7/30/2024 4:20:00 PM,04ORMOC_BAT,N,N,N,5974.2524,5974.2524,6959.8539,5974.2524,5974.2524,
7/30/2024 4:20:00 PM,04ORMOC_SS,N,N,N,5972.4051,5972.4051,7415.5893,5972.4051,5972.4051,
7/30/2024 4:20:00 PM,04ORMOC_T2L1,N,N,N,5974.2524,5974.2524,7415.5893,5974.2524,5974.2524,
7/30/2024 4:20:00 PM,04ORMOC_T2L2,N,N,N,5974.2524,5974.2524,7415.5893,5974.2524,5974.2524,
7/30/2024 4:20:00 PM,04PARA_SS,N,N,N,6165.7585,6165.7585,7415.5893,6165.7585,6165.7585,
7/30/2024 4:20:00 PM,04PHSOL_G01,N,N,N,5974.2524,5974.2524,4485.2661,5974.2524,5974.2524,
7/30/2024 4:20:00 PM,04SEPSOL_G01,N,N,N,5974.2524,5974.2524,5292.3287,5974.2524,5974.2524,
7/30/2024 4:20:00 PM,04SNAGU_L01,N,N,N,6166.3743,6166.3743,7415.5893,6166.3743,6166.3743,
7/30/2024 4:20:00 PM,04STAR_SS,N,N,N,6139.2802,6139.2802,7415.5893,6139.2802,6139.2802,
7/30/2024 4:20:00 PM,04TABAN_SS,N,N,N,6008.12,6008.12,7415.5893,6008.12,6008.12,
7/30/2024 4:20:00 PM,04TABAN_T1L1,N,N,N,6157.7535,6157.7535,7415.5893,6157.7535,6157.7535,
7/30/2024 4:20:00 PM,04TAFT_G01,N,N,N,6220.5625,6220.5625,7677.4285,6220.5625,6220.5625,
7/30/2024 4:20:00 PM,04TONGO_T2L2,N,N,N,5945.9267,5945.9267,7415.5893,5945.9267,5945.9267,
7/30/2024 4:20:00 PM,04WRIGH_T1L1,N,N,N,6165.1428,6165.1428,7415.5893,6165.1428,6165.1428,
7/30/2024 4:20:00 PM,04WRIGH_T2L2,N,N,N,6221.1783,6221.1783,7415.5893,6221.1783,6221.1783,
7/30/2024 4:20:00 PM,05BANIL_T1L1,N,N,N,6188.5422,6188.5422,7415.5893,6188.5422,6188.5422,
7/30/2024 4:20:00 PM,05BANIL_T1L2,N,N,N,6188.5422,6188.5422,7415.5893,6188.5422,6188.5422,
7/30/2024 4:20:00 PM,05BANIL_T1L3,N,N,N,6186.6949,6186.6949,7415.5893,6186.6949,6186.6949,
7/30/2024 4:20:00 PM,05CALUNG_CEP,N,N,N,6089.4024,6089.4024,7415.5893,6089.4024,6089.4024,
7/30/2024 4:20:00 PM,05CARMENDPP_U01,N,N,N,6116.4965,6116.4965,7321.6616,6116.4965,6116.4965,
7/30/2024 4:20:00 PM,05CARMENDPP_U02,N,N,N,6116.4965,6116.4965,7321.6616,6116.4965,6116.4965,
7/30/2024 4:20:00 PM,05CARMENDPP_U03,N,N,N,6116.4965,6116.4965,7321.6616,6116.4965,6116.4965,
7/30/2024 4:20:00 PM,05CARMENDPP_U04,N,N,N,6116.4965,6116.4965,7321.6616,6116.4965,6116.4965,
7/30/2024 4:20:00 PM,05CDPPI_SS1,N,N,N,6157.7535,6157.7535,7415.5893,6157.7535,6157.7535,
7/30/2024 4:20:00 PM,05CDPPI_SS2,N,N,N,6157.7535,6157.7535,7415.5893,6157.7535,6157.7535,
7/30/2024 4:20:00 PM,05CEBU_SS,N,N,N,6165.1428,6165.1428,7415.5893,6165.1428,6165.1428,
7/30/2024 4:20:00 PM,05CEDC_SS,N,N,N,6078.9342,6078.9342,7415.5893,6078.9342,6078.9342,
7/30/2024 4:20:00 PM,05CEDC_U01,N,N,N,6077.7027,6077.7027,7558.7820,6077.7027,6077.7027,
7/30/2024 4:20:00 PM,05CEDC_U02,N,N,N,6077.7027,6077.7027,7569.0458,6077.7027,6077.7027,
7/30/2024 4:20:00 PM,05CEDC_U03,N,N,N,6077.7027,6077.7027,7514.7760,6077.7027,6077.7027,
7/30/2024 4:20:00 PM,05CEMEX_L01,N,N,N,6157.7535,6157.7535,7415.5893,6157.7535,6157.7535,
7/30/2024 4:20:00 PM,05COLON_L01,N,N,N,6158.3692,6158.3692,7415.5893,6158.3692,6158.3692,
7/30/2024 4:20:00 PM,05COMPS_SS,N,N,N,6157.7535,6157.7535,7415.5893,6157.7535,6157.7535,
7/30/2024 4:20:00 PM,05COMPS_T1L1,N,N,N,6170.6847,6170.6847,7415.5893,6170.6847,6170.6847,
7/30/2024 4:20:00 PM,05COMPS_T2L2,N,N,N,6170.6847,6170.6847,7415.5893,6170.6847,6170.6847,
7/30/2024 4:20:00 PM,05CPPC_U01,N,N,N,6196.5473,6196.5473,8298.4182,6196.5473,6196.5473,
7/30/2024 4:20:00 PM,05CPPC_U02,N,N,N,6196.5473,6196.5473,8298.4182,6196.5473,6196.5473,
7/30/2024 4:20:00 PM,05CPPC_U03,N,N,N,6196.5473,6196.5473,8298.4182,6196.5473,6196.5473,
7/30/2024 4:20:00 PM,05CPPC_U04,N,N,N,6196.5473,6196.5473,8298.4182,6196.5473,6196.5473,
7/30/2024 4:20:00 PM,05CPPC_U05,N,N,N,6196.5473,6196.5473,8298.4182,6196.5473,6196.5473,
7/30/2024 4:20:00 PM,05CPPC_U06,N,N,N,6196.5473,6196.5473,8298.4182,6196.5473,6196.5473,
7/30/2024 4:20:00 PM,05CPPC_U07,N,N,N,6196.5473,6196.5473,8298.4182,6196.5473,6196.5473,
7/30/2024 4:20:00 PM,05CPPC_U08,N,N,N,6196.5473,6196.5473,8298.4182,6196.5473,6196.5473,
7/30/2024 4:20:00 PM,05CPPC_U09,N,N,N,6196.5473,6196.5473,8298.4182,6196.5473,6196.5473,
7/30/2024 4:20:00 PM,05CPPC_U10,N,N,N,6196.5473,6196.5473,8298.4182,6196.5473,6196.5473,
7/30/2024 4:20:00 PM,05DAANB_SS,N,N,N,6067.2345,6067.2345,7415.5893,6067.2345,6067.2345,
7/30/2024 4:20:00 PM,05DMAN_SS,N,N,N,6062.9241,6062.9241,7415.5893,6062.9241,6062.9241,
7/30/2024 4:20:00 PM,05DMA_L01,N,N,N,6157.7535,6157.7535,7415.5893,6157.7535,6157.7535,
7/30/2024 4:20:00 PM,05EAUC_U01,N,N,N,6245.1936,6245.1936,7454.2048,6245.1936,6245.1936,
7/30/2024 4:20:00 PM,05EAUC_U02,N,N,N,6245.1936,6245.1936,7454.2048,6245.1936,6245.1936,
7/30/2024 4:20:00 PM,05EAUC_U03,N,N,N,6245.1936,6245.1936,8373.6329,6245.1936,6245.1936,
7/30/2024 4:20:00 PM,05EAUC_U04,N,N,N,6245.1936,6245.1936,8373.6329,6245.1936,6245.1936,
7/30/2024 4:20:00 PM,05KSPC_G01,N,N,N,6157.7535,6157.7535,7359.6872,6157.7535,6157.7535,
7/30/2024 4:20:00 PM,05KSPC_G02,N,N,N,6152.8273,6152.8273,3489.2060,6152.8273,6152.8273,
7/30/2024 4:20:00 PM,05KSPC_SS1,N,N,N,6154.6746,6154.6746,7415.5893,6154.6746,6154.6746,
7/30/2024 4:20:00 PM,05KSPC_SS2,N,N,N,6152.8273,6152.8273,7415.5893,6152.8273,6152.8273,
7/30/2024 4:20:00 PM,05LAPU_SS,N,N,N,6237.1885,6237.1885,7415.5893,6237.1885,6237.1885,
7/30/2024 4:20:00 PM,05MCTAN_T1L1,N,N,N,6245.1936,6245.1936,7415.5893,6245.1936,6245.1936,
7/30/2024 4:20:00 PM,05MNDUE_SS,N,N,N,6229.1834,6229.1834,7415.5893,6229.1834,6229.1834,
7/30/2024 4:20:00 PM,05MNDUE_T1L1,N,N,N,6235.9569,6235.9569,7415.5893,6235.9569,6235.9569,
7/30/2024 4:20:00 PM,05MNDUE_T1L2,N,N,N,6235.9569,6235.9569,7415.5893,6235.9569,6235.9569,
7/30/2024 4:20:00 PM,05MNDUE_T1L4,N,N,N,6235.9569,6235.9569,7415.5893,6235.9569,6235.9569,
7/30/2024 4:20:00 PM,05MNDUE_T1L5,N,N,N,6235.9569,6235.9569,7415.5893,6235.9569,6235.9569,
7/30/2024 4:20:00 PM,05NAGA_T1L1,N,N,N,6157.7535,6157.7535,7415.5893,6157.7535,6157.7535,
7/30/2024 4:20:00 PM,05NAGA_T2L2,N,N,N,6157.7535,6157.7535,7415.5893,6157.7535,6157.7535,
7/30/2024 4:20:00 PM,05NAGLES_L01,N,N,N,6168.8374,6168.8374,7415.5893,6168.8374,6168.8374,
7/30/2024 4:20:00 PM,05NNAGVE_L01,N,N,N,6157.7535,6157.7535,7415.5893,6157.7535,6157.7535,
7/30/2024 4:20:00 PM,05NNAGVE_L02,N,N,N,6157.7535,6157.7535,7415.5893,6157.7535,6157.7535,
7/30/2024 4:20:00 PM,05QUIOT_T1L1,N,N,N,6196.5473,6196.5473,7415.5893,6196.5473,6196.5473,
7/30/2024 4:20:00 PM,05SAMB_L01,N,N,N,6037.0615,6037.0615,7415.5893,6037.0615,6037.0615,
7/30/2024 4:20:00 PM,05SAMB_L02,N,N,N,6157.7535,6157.7535,7415.5893,6157.7535,6157.7535,
7/30/2024 4:20:00 PM,05SAMB_SS,N,N,N,6037.0615,6037.0615,7415.5893,6037.0615,6037.0615,
7/30/2024 4:20:00 PM,05TALATR1_SS,N,N,N,6089.4024,6089.4024,7415.5893,6089.4024,6089.4024,
7/30/2024 4:20:00 PM,05TALAV_SS,N,N,N,6088.7866,6088.7866,7415.5893,6088.7866,6088.7866,
7/30/2024 4:20:00 PM,05TALAV_T1L1,N,N,N,6089.4024,6089.4024,7415.5893,6089.4024,6089.4024,
7/30/2024 4:20:00 PM,05TALIS_T1L1,N,N,N,6157.7535,6157.7535,7415.5893,6157.7535,6157.7535,
7/30/2024 4:20:00 PM,05THVI_SS1,N,N,N,6101.1021,6101.1021,7415.5893,6101.1021,6101.1021,
7/30/2024 4:20:00 PM,05THVI_SS2,N,N,N,6101.7179,6101.7179,7415.5893,6101.7179,6101.7179,
7/30/2024 4:20:00 PM,05THVI_U01,N,N,N,6101.1021,6101.1021,7320.1029,6101.1021,6101.1021,
7/30/2024 4:20:00 PM,05THVI_U02,N,N,N,6101.7179,6101.7179,7320.6669,6101.7179,6101.7179,
7/30/2024 4:20:00 PM,05TOLEDO_BAT,N,N,N,6089.4024,6089.4024,7299.1826,6089.4024,6089.4024,
7/30/2024 4:20:00 PM,05TOLSOL_G01,N,N,N,6089.4024,6089.4024,6007.1544,6089.4024,6089.4024,
7/30/2024 4:20:00 PM,05TOL_CARMEN,N,N,N,6116.4965,6116.4965,7415.5893,6116.4965,6116.4965,
7/30/2024 4:20:00 PM,05TPC_G01,N,N,N,6116.4965,6116.4965,7321.6616,6116.4965,6116.4965,
7/30/2024 4:20:00 PM,05TPC_G02,N,N,N,6116.4965,6116.4965,7382.07,6116.4965,6116.4965,
7/30/2024 4:20:00 PM,05TPC_L01,N,N,N,6116.4965,6116.4965,7415.5893,6116.4965,6116.4965,
7/30/2024 4:20:00 PM,05TPC_S01,N,N,N,6116.4965,6116.4965,7415.5893,6116.4965,6116.4965,
7/30/2024 4:20:00 PM,05TPC_S02,N,N,N,6116.4965,6116.4965,7415.5893,6116.4965,6116.4965,
7/30/2024 4:20:00 PM,05TPVI_U01,N,N,N,6157.7535,6157.7535,7360.9017,6157.7535,6157.7535,
7/30/2024 4:20:00 PM,05TPVI_U02,N,N,N,6157.7535,6157.7535,7360.9017,6157.7535,6157.7535,
7/30/2024 4:20:00 PM,05TPVI_U03,N,N,N,6157.7535,6157.7535,7360.9017,6157.7535,6157.7535,
7/30/2024 4:20:00 PM,05TPVI_U04,N,N,N,6157.7535,6157.7535,7360.9017,6157.7535,6157.7535,
7/30/2024 4:20:00 PM,05TPVI_U05,N,N,N,6157.7535,6157.7535,7360.9017,6157.7535,6157.7535,
7/30/2024 4:20:00 PM,05TPVI_U06,N,N,N,6157.7535,6157.7535,7360.9017,6157.7535,6157.7535,
7/30/2024 4:20:00 PM,06AMLAN_SS,N,N,N,6013.6620,6013.6620,7415.5893,6013.6620,6013.6620,
7/30/2024 4:20:00 PM,06AMLAN_T1L1,N,N,N,6014.8936,6014.8936,7415.5893,6014.8936,6014.8936,
7/30/2024 4:20:00 PM,06AMLAN_T2L2,N,N,N,6014.8936,6014.8936,7415.5893,6014.8936,6014.8936,
7/30/2024 4:20:00 PM,06AMLA_G01,N,N,N,6014.8936,6014.8936,7293.5030,6014.8936,6014.8936,
7/30/2024 4:20:00 PM,06BACOL_SS,N,N,N,6279.0612,6279.0612,7415.5893,6279.0612,6279.0612,
7/30/2024 4:20:00 PM,06BACOL_T1L1,N,N,N,6279.6770,6279.6770,7415.5893,6279.6770,6279.6770,
7/30/2024 4:20:00 PM,06BACOL_T1L2,N,N,N,6279.6770,6279.6770,7415.5893,6279.6770,6279.6770,
7/30/2024 4:20:00 PM,06BACOL_T2L2,N,N,N,6279.6770,6279.6770,7415.5893,6279.6770,6279.6770,
7/30/2024 4:20:00 PM,06BACOL_T3L3,N,N,N,6279.6770,6279.6770,7415.5893,6279.6770,6279.6770,
7/30/2024 4:20:00 PM,06BBGPP_G01,N,N,N,6271.6719,6271.6719,5344.5965,6271.6719,6271.6719,
7/30/2024 4:20:00 PM,06BBGPP_L01,N,N,N,6271.6719,6271.6719,7415.5893,6271.6719,6271.6719,
7/30/2024 4:20:00 PM,06BCLBAS_LD1,N,N,N,6279.6770,6279.6770,7415.5893,6279.6770,6279.6770,
7/30/2024 4:20:00 PM,06BCL_SS,N,N,N,6272.2877,6272.2877,7415.5893,6272.2877,6272.2877,
7/30/2024 4:20:00 PM,06BISCOM_G01,N,N,N,6218.0994,6218.0994,7481.2457,6218.0994,6218.0994,
7/30/2024 4:20:00 PM,06CABI_G01,N,N,N,6014.8936,6014.8936,7293.5030,6014.8936,6014.8936,
7/30/2024 4:20:00 PM,06CADIZL_SS,N,N,N,6216.2521,6216.2521,7415.5893,6216.2521,6216.2521,
7/30/2024 4:20:00 PM,06CADIZL_T1L1,N,N,N,6216.2521,6216.2521,7415.5893,6216.2521,6216.2521,
7/30/2024 4:20:00 PM,06CADIZL_T1L2,N,N,N,6216.2521,6216.2521,7415.5893,6216.2521,6216.2521,
7/30/2024 4:20:00 PM,06CADIZL_T1L3,N,N,N,6216.2521,6216.2521,7415.5893,6216.2521,6216.2521,
7/30/2024 4:20:00 PM,06CADIZL_T1L4,N,N,N,6216.2521,6216.2521,7415.5893,6216.2521,6216.2521,
7/30/2024 4:20:00 PM,06CARSOL_G01,N,N,N,6279.6770,6279.6770,6286.1790,6279.6770,6279.6770,
7/30/2024 4:20:00 PM,06CAY_SS,N,N,N,6152.2115,6152.2115,7415.5893,6152.2115,6152.2115,
7/30/2024 4:20:00 PM,06CENPRI_U01,N,N,N,6279.6770,6279.6770,7549.2729,6279.6770,6279.6770,
7/30/2024 4:20:00 PM,06CENPRI_U02,N,N,N,6279.6770,6279.6770,7549.2729,6279.6770,6279.6770,
7/30/2024 4:20:00 PM,06CENPRI_U03,N,N,N,6279.6770,6279.6770,7549.2729,6279.6770,6279.6770,
7/30/2024 4:20:00 PM,06CENPRI_U04,N,N,N,6279.6770,6279.6770,7549.2729,6279.6770,6279.6770,
7/30/2024 4:20:00 PM,06CENPRI_U05,N,N,N,6279.6770,6279.6770,7549.2729,6279.6770,6279.6770,
7/30/2024 4:20:00 PM,06CLTRAVA_SS,N,N,N,6152.8273,6152.8273,7415.5893,6152.8273,6152.8273,
7/30/2024 4:20:00 PM,06FFHC_G01,N,N,N,6216.2521,6216.2521,7476.2096,6216.2521,6216.2521,
7/30/2024 4:20:00 PM,06GAHIT_SS,N,N,N,6253.8144,6253.8144,7415.5893,6253.8144,6253.8144,
7/30/2024 4:20:00 PM,06HELIOS_G01,N,N,N,6215.6363,6215.6363,8049.3591,6215.6363,6215.6363,
7/30/2024 4:20:00 PM,06HELIOS_S01,N,N,N,6215.6363,6215.6363,7415.5893,6215.6363,6215.6363,
7/30/2024 4:20:00 PM,06HPCO_G01,N,N,N,6157.7535,6157.7535,7360.9017,6157.7535,6157.7535,
7/30/2024 4:20:00 PM,06HPCO_G02,N,N,N,6157.7535,6157.7535,7360.9017,6157.7535,6157.7535,
7/30/2024 4:20:00 PM,06KABAN_BAT,N,N,N,6224.2572,6224.2572,3537.7448,6224.2572,6224.2572,
7/30/2024 4:20:00 PM,06KABAN_L01,N,N,N,6224.2572,6224.2572,7415.5893,6224.2572,6224.2572,
7/30/2024 4:20:00 PM,06KABAN_SS,N,N,N,6224.2572,6224.2572,7415.5893,6224.2572,6224.2572,
7/30/2024 4:20:00 PM,06KABAN_T1L1,N,N,N,6218.0994,6218.0994,7415.5893,6218.0994,6218.0994,
7/30/2024 4:20:00 PM,06KABAN_T2L2,N,N,N,6218.0994,6218.0994,7415.5893,6218.0994,6218.0994,
7/30/2024 4:20:00 PM,06MABIN_SS,N,N,N,6109.7230,6109.7230,7415.5893,6109.7230,6109.7230,
7/30/2024 4:20:00 PM,06MABIN_T1L1,N,N,N,6109.1072,6109.1072,7415.5893,6109.1072,6109.1072,
7/30/2024 4:20:00 PM,06MABIN_T2L2,N,N,N,6109.1072,6109.1072,7415.5893,6109.1072,6109.1072,
7/30/2024 4:20:00 PM,06MANSOL_G01,N,N,N,6216.2521,6216.2521,8315.3434,6216.2521,6216.2521,
7/30/2024 4:20:00 PM,06MNTSOL_G01,N,N,N,6014.8936,6014.8936,5632.1629,6014.8936,6014.8936,
7/30/2024 4:20:00 PM,06NASULO_G01,N,N,N,5953.3160,5953.3160,7208.5274,5953.3160,5953.3160,
7/30/2024 4:20:00 PM,06NTNEGB_G01,N,N,N,6157.7535,6157.7535,7360.9017,6157.7535,6157.7535,
7/30/2024 4:20:00 PM,06PAL1A_G01,N,N,N,5957.6265,5957.6265,6950.2524,5957.6265,5957.6265,
7/30/2024 4:20:00 PM,06PAL1A_SS,N,N,N,5958.8580,5958.8580,7415.5893,5958.8580,5958.8580,
7/30/2024 4:20:00 PM,06PAL2A_U01,N,N,N,5953.3160,5953.3160,7201.6716,5953.3160,5953.3160,
7/30/2024 4:20:00 PM,06PAL2A_U02,N,N,N,5953.3160,5953.3160,7234.1373,5953.3160,5953.3160,
7/30/2024 4:20:00 PM,06PAL2A_U03,N,N,N,5953.3160,5953.3160,7360.9017,5953.3160,5953.3160,
7/30/2024 4:20:00 PM,06PAL2A_U04,N,N,N,6157.7535,6157.7535,8001.6944,6157.7535,6157.7535,
7/30/2024 4:20:00 PM,06PGPP2_SS,N,N,N,5954.5476,5954.5476,7415.5893,5954.5476,5954.5476,
7/30/2024 4:20:00 PM,06SACASL_G01,N,N,N,6147.2853,6147.2853,7242.3454,6147.2853,6147.2853,
7/30/2024 4:20:00 PM,06SACASL_G02,N,N,N,6147.2853,6147.2853,7889.1531,6147.2853,6147.2853,
7/30/2024 4:20:00 PM,06SACSUN_G01,N,N,N,6144.8222,6144.8222,7471.4444,6144.8222,6144.8222,
7/30/2024 4:20:00 PM,06SCBE_G01,N,N,N,6216.2521,6216.2521,7476.2096,6216.2521,6216.2521,
7/30/2024 4:20:00 PM,06SCBIOP_G01,N,N,N,6157.7535,6157.7535,8216.5911,6157.7535,6157.7535,
7/30/2024 4:20:00 PM,06SLYSOL_G01,N,N,N,6279.6770,6279.6770,8464.6965,6279.6770,6279.6770,
7/30/2024 4:20:00 PM,06SNCARLOS_SS,N,N,N,6147.2853,6147.2853,7415.5893,6147.2853,6147.2853,
7/30/2024 4:20:00 PM,06STNEGB_G01,N,N,N,6157.7535,6157.7535,7360.9017,6157.7535,6157.7535,
7/30/2024 4:20:00 PM,06URC_G01,N,N,N,6109.1072,6109.1072,7396.5278,6109.1072,6109.1072,
7/30/2024 4:20:00 PM,06VMC_G01,N,N,N,6157.7535,6157.7535,7360.9017,6157.7535,6157.7535,
7/30/2024 4:20:00 PM,06VMC_G02,N,N,N,6279.6770,6279.6770,7549.2729,6279.6770,6279.6770,
7/30/2024 4:20:00 PM,07BDPP_U01,N,N,N,21617,21617,22146.6554,21617,21617,
7/30/2024 4:20:00 PM,07BDPP_U02,N,N,N,21617,21617,23041.3983,21617,21617,
7/30/2024 4:20:00 PM,07BDPP_U03,N,N,N,21617,21617,22821,21617,21617,
7/30/2024 4:20:00 PM,07BDPP_U04,N,N,N,21617,21617,21535,21617,21617,
7/30/2024 4:20:00 PM,07BOHOL_T1L1,N,N,N,21210.5883,21210.5883,7415.5893,21210.5883,21210.5883,
7/30/2024 4:20:00 PM,07BOHOL_T4L4,N,N,N,21210.5883,21210.5883,7415.5893,21210.5883,21210.5883,
7/30/2024 4:20:00 PM,07COREL_T1L1,N,N,N,21617,21617,7415.5893,21617,21617,
7/30/2024 4:20:00 PM,07COREL_T1L2,N,N,N,21617,21617,7415.5893,21617,21617,
7/30/2024 4:20:00 PM,07COREL_T1L3,N,N,N,21617,21617,7415.5893,21617,21617,
7/30/2024 4:20:00 PM,07JANOPO_G01,N,N,N,21617,21617,21974.50,21617,21617,
7/30/2024 4:20:00 PM,07LOBOC_G01,N,N,N,21617,21617,21837.1421,21617,21617,
7/30/2024 4:20:00 PM,07LOBOC_G02,N,N,N,21617,21617,21904.5826,21617,21617,
7/30/2024 4:20:00 PM,07SEVILL_G01,N,N,N,21617,21617,21959.9345,21617,21617,
7/30/2024 4:20:00 PM,07TPLPB4_U01,N,N,N,21208.7409,21208.7409,23152.4521,21208.7409,21208.7409,
7/30/2024 4:20:00 PM,07TPLPB4_U02,N,N,N,21208.7409,21208.7409,21381.8197,21208.7409,21208.7409,
7/30/2024 4:20:00 PM,07TPLPB4_U03,N,N,N,21208.7409,21208.7409,21147.5293,21208.7409,21208.7409,
7/30/2024 4:20:00 PM,07TPLPB4_U04,N,N,N,21208.7409,21208.7409,21467.5138,21208.7409,21208.7409,
7/30/2024 4:20:00 PM,07UBAY_BAT,N,N,N,21210.5883,21210.5883,21464.2348,21210.5883,21210.5883,
7/30/2024 4:20:00 PM,07UBAY_T1L1,N,N,N,21210.5883,21210.5883,7415.5893,21210.5883,21210.5883,
7/30/2024 4:20:00 PM,07UBAY_T2L2,N,N,N,21210.5883,21210.5883,7415.5893,21210.5883,21210.5883,
7/30/2024 4:20:00 PM,07UBAY_T3L3,N,N,N,21208.7409,21208.7409,7415.5893,21208.7409,21208.7409,
7/30/2024 4:20:00 PM,08BANTAP_L01,N,N,N,28149.0607,28149.0607,7415.5893,28149.0607,28149.0607,
7/30/2024 4:20:00 PM,08BARO_SS,N,N,N,6271.0561,6271.0561,7415.5893,6271.0561,6271.0561,
7/30/2024 4:20:00 PM,08BARTAC_L01,N,N,N,6157.7535,6157.7535,7415.5893,6157.7535,6157.7535,
7/30/2024 4:20:00 PM,08BARTAC_SS,N,N,N,6271.6719,6271.6719,7415.5893,6271.6719,6271.6719,
7/30/2024 4:20:00 PM,08BVISTA_L01,N,N,N,28162.6078,28162.6078,7415.5893,28162.6078,28162.6078,
7/30/2024 4:20:00 PM,08BVISTA_L02,N,N,N,28162.6078,28162.6078,7415.5893,28162.6078,28162.6078,
7/30/2024 4:20:00 PM,08CASA_G01,N,N,N,27966.7912,27966.7912,19116.2539,27966.7912,27966.7912,
7/30/2024 4:20:00 PM,08CASA_G02,N,N,N,27966.7912,27966.7912,19116.2539,27966.7912,27966.7912,
7/30/2024 4:20:00 PM,08CONCP_T1L1,N,N,N,6283.9874,6283.9874,7415.5893,6283.9874,6283.9874,
7/30/2024 4:20:00 PM,08COSMO_G01,N,N,N,28025.2899,28025.2899,19233.6053,28025.2899,28025.2899,
7/30/2024 4:20:00 PM,08DINGL_SS,N,N,N,27966.1754,27966.1754,7415.5893,27966.1754,27966.1754,
7/30/2024 4:20:00 PM,08DINGL_T1L1,N,N,N,27966.7912,27966.7912,7415.5893,27966.7912,27966.7912,
7/30/2024 4:20:00 PM,08DINGL_T1L2,N,N,N,27966.7912,27966.7912,7415.5893,27966.7912,27966.7912,
7/30/2024 4:20:00 PM,08DINGL_T1L3,N,N,N,27968.6385,27968.6385,7415.5893,27968.6385,27968.6385,
7/30/2024 4:20:00 PM,08DINGL_T1L4,N,N,N,27968.6385,27968.6385,7415.5893,27968.6385,27968.6385,
7/30/2024 4:20:00 PM,08DINGL_T2L1,N,N,N,27966.1754,27966.1754,7415.5893,27966.1754,27966.1754,
7/30/2024 4:20:00 PM,08DINGL_T2L2,N,N,N,27966.1754,27966.1754,7415.5893,27966.1754,27966.1754,
7/30/2024 4:20:00 PM,08GLOBAL_G01,N,N,N,28271.60,28271.60,19285.9225,28271.60,28271.60,
7/30/2024 4:20:00 PM,08NABASDPP_U01,N,N,N,28271.60,28271.60,33523.8486,28271.60,28271.60,
7/30/2024 4:20:00 PM,08NABASDPP_U02,N,N,N,28271.60,28271.60,33555.7778,28271.60,28271.60,
7/30/2024 4:20:00 PM,08NABAS_L01,N,N,N,28271.60,28271.60,7415.5893,28271.60,28271.60,
7/30/2024 4:20:00 PM,08NABAS_L02,N,N,N,28271.60,28271.60,7415.5893,28271.60,28271.60,
7/30/2024 4:20:00 PM,08NABAS_L03,N,N,N,28271.60,28271.60,7415.5893,28271.60,28271.60,
7/30/2024 4:20:00 PM,08NABAS_SS,N,N,N,28271.60,28271.60,7415.5893,28271.60,28271.60,
7/30/2024 4:20:00 PM,08PALM_G01,N,N,N,6157.7535,6157.7535,7360.9017,6157.7535,6157.7535,
7/30/2024 4:20:00 PM,08PALM_S01,N,N,N,6282.7559,6282.7559,7415.5893,6282.7559,6282.7559,
7/30/2024 4:20:00 PM,08PANIT_SS,N,N,N,28121.3508,28121.3508,7415.5893,28121.3508,28121.3508,
7/30/2024 4:20:00 PM,08PANIT_T1L1,N,N,N,28121.9666,28121.9666,7415.5893,28121.9666,28121.9666,
7/30/2024 4:20:00 PM,08PANIT_T2L2,N,N,N,28121.9666,28121.9666,7415.5893,28121.9666,28121.9666,
7/30/2024 4:20:00 PM,08PDPP1_U02,N,N,N,27966.1754,27966.1754,18859.2515,27966.1754,27966.1754,
7/30/2024 4:20:00 PM,08PDPP1_U03,N,N,N,27966.1754,27966.1754,19209.6295,27966.1754,27966.1754,
7/30/2024 4:20:00 PM,08PDPP1_U05,N,N,N,27966.1754,27966.1754,23742.9226,27966.1754,27966.1754,
7/30/2024 4:20:00 PM,08PDPP3_C,N,N,N,6157.7535,6157.7535,14449.4786,6157.7535,6157.7535,
7/30/2024 4:20:00 PM,08PDPP3_E,N,N,N,6157.7535,6157.7535,23521.7563,6157.7535,6157.7535,
7/30/2024 4:20:00 PM,08PDPP3_G,N,N,N,6157.7535,6157.7535,33374.5836,6157.7535,6157.7535,
7/30/2024 4:20:00 PM,08PDPP3_H,N,N,N,6157.7535,6157.7535,19115.9179,6157.7535,6157.7535,
7/30/2024 4:20:00 PM,08PDPP3_S01,N,N,N,27966.1754,27966.1754,7415.5893,27966.1754,27966.1754,
7/30/2024 4:20:00 PM,08PEDC_SS1,N,N,N,27923.0712,27923.0712,7415.5893,27923.0712,27923.0712,
7/30/2024 4:20:00 PM,08PEDC_SS2,N,N,N,27924.3027,27924.3027,7415.5893,27924.3027,27924.3027,
7/30/2024 4:20:00 PM,08PEDC_SS3,N,N,N,27922.4554,27922.4554,7415.5893,27922.4554,27922.4554,
7/30/2024 4:20:00 PM,08PEDC_T1L1,N,N,N,27924.3027,27924.3027,7415.5893,27924.3027,27924.3027,
7/30/2024 4:20:00 PM,08PEDC_T1L2,N,N,N,27925.5343,27925.5343,7415.5893,27925.5343,27925.5343,
7/30/2024 4:20:00 PM,08PEDC_U01,N,N,N,27923.0712,27923.0712,20939.8194,27923.0712,27923.0712,
7/30/2024 4:20:00 PM,08PEDC_U02,N,N,N,6157.7535,6157.7535,7360.9017,6157.7535,6157.7535,
7/30/2024 4:20:00 PM,08PEDC_U03,N,N,N,27922.4554,27922.4554,15945.3442,27922.4554,27922.4554,
7/30/2024 4:20:00 PM,08PWIND_G01,N,N,N,28271.60,28271.60,7762.1298,28271.60,28271.60,
7/30/2024 4:20:00 PM,08PWIND_G02,N,N,N,28271.60,28271.60,15009.2593,28271.60,28271.60,
7/30/2024 4:20:00 PM,08SLWIND_G01,N,N,N,28162.6078,28162.6078,9277.9993,28162.6078,28162.6078,
7/30/2024 4:20:00 PM,08SLWIND_L01,N,N,N,28162.6078,28162.6078,7415.5893,28162.6078,28162.6078,
7/30/2024 4:20:00 PM,08SNJOSE_L01,N,N,N,28025.2899,28025.2899,7415.5893,28025.2899,28025.2899,
7/30/2024 4:20:00 PM,08SNJOSE_L02,N,N,N,28025.2899,28025.2899,7415.5893,28025.2899,28025.2899,
7/30/2024 4:20:00 PM,08SNJOSE_L03,N,N,N,28025.2899,28025.2899,7415.5893,28025.2899,28025.2899,
7/30/2024 4:20:00 PM,08STBAR_SS1,N,N,N,27974.7963,27974.7963,7415.5893,27974.7963,27974.7963,
7/30/2024 4:20:00 PM,08STBAR_SS2,N,N,N,27971.7174,27971.7174,7415.5893,27971.7174,27971.7174,
7/30/2024 4:20:00 PM,08STBAR_SS3,N,N,N,27971.7174,27971.7174,7415.5893,27971.7174,27971.7174,
7/30/2024 4:20:00 PM,08STBAR_T1L1,N,N,N,27971.7174,27971.7174,7415.5893,27971.7174,27971.7174,
7/30/2024 4:20:00 PM,08STBAR_T2L2,N,N,N,27971.7174,27971.7174,7415.5893,27971.7174,27971.7174,
7/30/2024 4:20:00 PM,08STBPB1_U01,N,N,N,27971.7174,27971.7174,30728.6559,27971.7174,27971.7174,
7/30/2024 4:20:00 PM,08STBPB1_U02,N,N,N,27971.7174,27971.7174,24543.4117,27971.7174,27971.7174,
7/30/2024 4:20:00 PM,08STBPB1_U03,N,N,N,27971.7174,27971.7174,19169.9294,27971.7174,27971.7174,
7/30/2024 4:20:00 PM,08STBPB1_U04,N,N,N,27971.7174,27971.7174,30399.1981,27971.7174,27971.7174,
7/30/2024 4:20:00 PM,08SUWECO_G01,N,N,N,27971.7174,27971.7174,18620.6291,27971.7174,27971.7174,
7/30/2024 4:20:00 PM,08TIMBA_G01,N,N,N,28271.60,28271.60,19004.5596,28271.60,28271.60,
7/30/2024 4:20:00 PM,09AURORA_SS,N,N,N,3394.1860,3394.1860,9207.7356,3394.1860,3394.1860,
7/30/2024 4:20:00 PM,09CLB_T1L1,N,N,N,3395.4884,3395.4884,9207.7356,3395.4884,3395.4884,
7/30/2024 4:20:00 PM,09JIMDSL_U01,N,N,N,3395.4884,3395.4884,7516.8770,3395.4884,3395.4884,
7/30/2024 4:20:00 PM,09JIMDSL_U02,N,N,N,3395.4884,3395.4884,7516.8770,3395.4884,3395.4884,
7/30/2024 4:20:00 PM,09KAP_T1L1,N,N,N,3395.4884,3395.4884,9207.7356,3395.4884,3395.4884,
7/30/2024 4:20:00 PM,09LALA_SS,N,N,N,3293.9070,3293.9070,9207.7356,3293.9070,3293.9070,
7/30/2024 4:20:00 PM,09LIBPOWR_G01,N,N,N,3395.4884,3395.4884,3577.3042,3395.4884,3395.4884,
7/30/2024 4:20:00 PM,09MHY_T1L1,N,N,N,3395.4884,3395.4884,9207.7356,3395.4884,3395.4884,
7/30/2024 4:20:00 PM,09MLS_T1L1,N,N,N,3764.0465,3764.0465,9207.7356,3764.0465,3764.0465,
7/30/2024 4:20:00 PM,09NAGA_SS,N,N,N,3762.0930,3762.0930,9207.7356,3762.0930,3762.0930,
7/30/2024 4:20:00 PM,09PANABNK_U01,N,N,N,3395.4884,3395.4884,7516.8770,3395.4884,3395.4884,
7/30/2024 4:20:00 PM,09PANABNK_U02,N,N,N,3395.4884,3395.4884,7516.8770,3395.4884,3395.4884,
7/30/2024 4:20:00 PM,09PITOGO_SS,N,N,N,4030.3721,4030.3721,9207.7356,4030.3721,4030.3721,
7/30/2024 4:20:00 PM,09POLAN_SS,N,N,N,3453.1163,3453.1163,9207.7356,3453.1163,3453.1163,
7/30/2024 4:20:00 PM,09RXS_T2L1,N,N,N,3453.7674,3453.7674,9207.7356,3453.7674,3453.7674,
7/30/2024 4:20:00 PM,09SANGALI_BAT,N,N,N,3986.4186,3986.4186,8771.6441,3986.4186,3986.4186,
7/30/2024 4:20:00 PM,09SJG_T1L1,N,N,N,4029.0698,4029.0698,9207.7356,4029.0698,4029.0698,
7/30/2024 4:20:00 PM,09SML_T1L1,N,N,N,3395.4884,3395.4884,9207.7356,3395.4884,3395.4884,
7/30/2024 4:20:00 PM,09SRW_T1L1,N,N,N,3764.0465,3764.0465,9207.7356,3764.0465,3764.0465,
7/30/2024 4:20:00 PM,09TMG_T1L1,N,N,N,4029.0698,4029.0698,9207.7356,4029.0698,4029.0698,
7/30/2024 4:20:00 PM,09TMG_T2L1,N,N,N,3986.4186,3986.4186,9207.7356,3986.4186,3986.4186,
7/30/2024 4:20:00 PM,09TUL_T1L1,N,N,N,4029.0698,4029.0698,9207.7356,4029.0698,4029.0698,
7/30/2024 4:20:00 PM,09WMPC_S01,N,N,N,3986.4186,3986.4186,9207.7356,3986.4186,3986.4186,
7/30/2024 4:20:00 PM,09WMPC_U01,N,N,N,3986.4186,3986.4186,6217.4518,3986.4186,3986.4186,
7/30/2024 4:20:00 PM,09WMPC_U02,N,N,N,3986.4186,3986.4186,8771.6441,3986.4186,3986.4186,
7/30/2024 4:20:00 PM,09WMPC_U03,N,N,N,3986.4186,3986.4186,8771.6441,3986.4186,3986.4186,
7/30/2024 4:20:00 PM,09WMPC_U04,N,N,N,3986.4186,3986.4186,14826.9792,3986.4186,3986.4186,
7/30/2024 4:20:00 PM,09WMPC_U05,N,N,N,3986.4186,3986.4186,4123.0613,3986.4186,3986.4186,
7/30/2024 4:20:00 PM,09WMPC_U06,N,N,N,3986.4186,3986.4186,8771.6441,3986.4186,3986.4186,
7/30/2024 4:20:00 PM,09WMPC_U07,N,N,N,3986.4186,3986.4186,8771.6441,3986.4186,3986.4186,
7/30/2024 4:20:00 PM,09WMPC_U08,N,N,N,3986.4186,3986.4186,8771.6441,3986.4186,3986.4186,
7/30/2024 4:20:00 PM,09WMPC_U09,N,N,N,3986.4186,3986.4186,8771.6441,3986.4186,3986.4186,
7/30/2024 4:20:00 PM,09WMPC_U10,N,N,N,3986.4186,3986.4186,8065.5868,3986.4186,3986.4186,
7/30/2024 4:20:00 PM,09ZAMBO_SS,N,N,N,3986.4186,3986.4186,9207.7356,3986.4186,3986.4186,
7/30/2024 4:20:00 PM,09ZAMSAN_L01,N,N,N,3986.4186,3986.4186,9207.7356,3986.4186,3986.4186,
7/30/2024 4:20:00 PM,10AG6_T2L1,N,N,N,3200.4651,3200.4651,9207.7356,3200.4651,3200.4651,
7/30/2024 4:20:00 PM,10AGUS1_SS,N,N,N,3173.1163,3173.1163,9207.7356,3173.1163,3173.1163,
7/30/2024 4:20:00 PM,10AGUS1_U01,N,N,N,3173.1163,3173.1163,6966.4982,3173.1163,3173.1163,
7/30/2024 4:20:00 PM,10AGUS1_U02,N,N,N,3173.1163,3173.1163,7053.7057,3173.1163,3173.1163,
7/30/2024 4:20:00 PM,10AGUS2_SS,N,N,N,3177.0233,3177.0233,9207.7356,3177.0233,3177.0233,
7/30/2024 4:20:00 PM,10AGUS2_U01,N,N,N,3177.0233,3177.0233,7338.5569,3177.0233,3177.0233,
7/30/2024 4:20:00 PM,10AGUS2_U02,N,N,N,3177.0233,3177.0233,3387.4218,3177.0233,3177.0233,
7/30/2024 4:20:00 PM,10AGUS2_U03,N,N,N,3177.0233,3177.0233,7435.95,3177.0233,3177.0233,
7/30/2024 4:20:00 PM,10AGUS4_SS,N,N,N,3198.1860,3198.1860,9207.7356,3198.1860,3198.1860,
7/30/2024 4:20:00 PM,10AGUS4_U01,N,N,N,3198.1860,3198.1860,3412.2131,3198.1860,3198.1860,
7/30/2024 4:20:00 PM,10AGUS4_U02,N,N,N,3198.1860,3198.1860,3412.2131,3198.1860,3198.1860,
7/30/2024 4:20:00 PM,10AGUS4_U03,N,N,N,3198.1860,3198.1860,3412.2131,3198.1860,3198.1860,
7/30/2024 4:20:00 PM,10AGUS5_SS,N,N,N,3201.7674,3201.7674,9207.7356,3201.7674,3201.7674,
7/30/2024 4:20:00 PM,10AGUS5_U01,N,N,N,3201.4419,3201.4419,7373.7117,3201.4419,3201.4419,
7/30/2024 4:20:00 PM,10AGUS5_U02,N,N,N,3201.4419,3201.4419,7142.5571,3201.4419,3201.4419,
7/30/2024 4:20:00 PM,10AGUS6_SS,N,N,N,3194.6047,3194.6047,9207.7356,3194.6047,3194.6047,
7/30/2024 4:20:00 PM,10AGUS6_U01,N,N,N,3194.6047,3194.6047,7148.4942,3194.6047,3194.6047,
7/30/2024 4:20:00 PM,10AGUS6_U02,N,N,N,3194.6047,3194.6047,7358.0087,3194.6047,3194.6047,
7/30/2024 4:20:00 PM,10AGUS6_U03,N,N,N,3194.6047,3194.6047,7082.3336,3194.6047,3194.6047,
7/30/2024 4:20:00 PM,10AGUS6_U04,N,N,N,3194.6047,3194.6047,7503.2558,3194.6047,3194.6047,
7/30/2024 4:20:00 PM,10AGUS6_U05,N,N,N,3255.8140,3255.8140,4977.5597,3255.8140,3255.8140,
7/30/2024 4:20:00 PM,10AGUS7_U01,N,N,N,3194.6047,3194.6047,8477.8181,3194.6047,3194.6047,
7/30/2024 4:20:00 PM,10AGUS7_U02,N,N,N,3194.6047,3194.6047,6643.6577,3194.6047,3194.6047,
7/30/2024 4:20:00 PM,10BALOI_L01,N,N,N,3194.6047,3194.6047,9207.7356,3194.6047,3194.6047,
7/30/2024 4:20:00 PM,10BALOI_SS,N,N,N,3219.6744,3219.6744,9207.7356,3219.6744,3219.6744,
7/30/2024 4:20:00 PM,10BUR_T1L1,N,N,N,3194.6047,3194.6047,9207.7356,3194.6047,3194.6047,
7/30/2024 4:20:00 PM,10BUR_T1L2,N,N,N,3194.6047,3194.6047,9207.7356,3194.6047,3194.6047,
7/30/2024 4:20:00 PM,10GNPK_U01,N,N,N,3220,3220,7369.5125,3220,3220,
7/30/2024 4:20:00 PM,10GNPK_U02,N,N,N,3220,3220,7153.4455,3220,3220,
7/30/2024 4:20:00 PM,10GNPK_U03,N,N,N,3220,3220,6482.2570,3220,3220,
7/30/2024 4:20:00 PM,10GNPK_U04,N,N,N,3220,3220,7174.6278,3220,3220,
7/30/2024 4:20:00 PM,10IDPP_G01,N,N,N,3200.4651,3200.4651,7191.4635,3200.4651,3200.4651,
7/30/2024 4:20:00 PM,10IDPP_SS,N,N,N,3200.4651,3200.4651,9207.7356,3200.4651,3200.4651,
7/30/2024 4:20:00 PM,10KAUSWGN_SS,N,N,N,3221.6279,3221.6279,9207.7356,3221.6279,3221.6279,
7/30/2024 4:20:00 PM,10KAU_T1L1,N,N,N,3194.6047,3194.6047,9207.7356,3194.6047,3194.6047,
7/30/2024 4:20:00 PM,10KIW_T1L1,N,N,N,3194.6047,3194.6047,9207.7356,3194.6047,3194.6047,
7/30/2024 4:20:00 PM,10KIW_T2L1,N,N,N,3247.6744,3247.6744,9207.7356,3247.6744,3247.6744,
7/30/2024 4:20:00 PM,10LGAIT_SS,N,N,N,3247.3488,3247.3488,9207.7356,3247.3488,3247.3488,
7/30/2024 4:20:00 PM,10LIAN_G01,N,N,N,3194.6047,3194.6047,8043.5856,3194.6047,3194.6047,
7/30/2024 4:20:00 PM,10MCN_T1L1,N,N,N,3200.4651,3200.4651,9207.7356,3200.4651,3200.4651,
7/30/2024 4:20:00 PM,10MCR_T1L1,N,N,N,3200.4651,3200.4651,9207.7356,3200.4651,3200.4651,
7/30/2024 4:20:00 PM,10MCT_T1L1,N,N,N,3194.6047,3194.6047,9207.7356,3194.6047,3194.6047,
7/30/2024 4:20:00 PM,10MEGC_G01,N,N,N,3194.6047,3194.6047,7127.7497,3194.6047,3194.6047,
7/30/2024 4:20:00 PM,10MLN_T1L1,N,N,N,3173.7674,3173.7674,9207.7356,3173.7674,3173.7674,
7/30/2024 4:20:00 PM,10MPL_T1L1,N,N,N,3194.6047,3194.6047,9207.7356,3194.6047,3194.6047,
7/30/2024 4:20:00 PM,10MRW_T1L1,N,N,N,3173.7674,3173.7674,9207.7356,3173.7674,3173.7674,
7/30/2024 4:20:00 PM,10MRW_T2L1,N,N,N,3200.4651,3200.4651,9207.7356,3200.4651,3200.4651,
7/30/2024 4:20:00 PM,10NUN_T1L2,N,N,N,3194.6047,3194.6047,9207.7356,3194.6047,3194.6047,
7/30/2024 4:20:00 PM,10OPO_T1L1,N,N,N,3247.6744,3247.6744,9207.7356,3247.6744,3247.6744,
7/30/2024 4:20:00 PM,10PAT_T1L1,N,N,N,3247.6744,3247.6744,9207.7356,3247.6744,3247.6744,
7/30/2024 4:20:00 PM,10PGW_T1L1,N,N,N,3247.6744,3247.6744,9207.7356,3247.6744,3247.6744,
7/30/2024 4:20:00 PM,10PLT_T1L1,N,N,N,3200.4651,3200.4651,9207.7356,3200.4651,3200.4651,
7/30/2024 4:20:00 PM,10PLT_T2L1,N,N,N,3247.6744,3247.6744,9207.7356,3247.6744,3247.6744,
7/30/2024 4:20:00 PM,10PPEI_U01,N,N,N,3194.6047,3194.6047,3407.9629,3194.6047,3194.6047,
7/30/2024 4:20:00 PM,10SRZ_T1L1,N,N,N,3200.4651,3200.4651,9207.7356,3200.4651,3200.4651,
7/30/2024 4:20:00 PM,11CDO_T1L1,N,N,N,3294.8837,3294.8837,9207.7356,3294.8837,3294.8837,
7/30/2024 4:20:00 PM,11CRYSSUG_G01,N,N,N,3371.3953,3371.3953,6927.5692,3371.3953,3371.3953,
7/30/2024 4:20:00 PM,11FDC_SS,N,N,N,3229.4419,3229.4419,9207.7356,3229.4419,3229.4419,
7/30/2024 4:20:00 PM,11FDC_U01,N,N,N,3225.2093,3225.2093,7147.2854,3225.2093,3225.2093,
7/30/2024 4:20:00 PM,11FDC_U02,N,N,N,3225.2093,3225.2093,7161.0882,3225.2093,3225.2093,
7/30/2024 4:20:00 PM,11FDC_U03,N,N,N,3225.2093,3225.2093,8378.9369,3225.2093,3225.2093,
7/30/2024 4:20:00 PM,11FGBPC_G01,N,N,N,3262,3262,7244.1977,3262,3262,
7/30/2024 4:20:00 PM,11JASAAN_SS,N,N,N,3272.0930,3272.0930,9207.7356,3272.0930,3272.0930,
7/30/2024 4:20:00 PM,11JASA_BAT,N,N,N,3262,3262,3549.6367,3262,3262,
7/30/2024 4:20:00 PM,11KBSOL_G01,N,N,N,3397.1163,3397.1163,7212.0688,3397.1163,3397.1163,
7/30/2024 4:20:00 PM,11KEGMAR_G01,N,N,N,3371.3953,3371.3953,3689.5395,3371.3953,3371.3953,
7/30/2024 4:20:00 PM,11KIBAWE_SS,N,N,N,3397.1163,3397.1163,9207.7356,3397.1163,3397.1163,
7/30/2024 4:20:00 PM,11KIB_T1L1,N,N,N,3371.3953,3371.3953,9207.7356,3371.3953,3371.3953,
7/30/2024 4:20:00 PM,11KIB_T1L2,N,N,N,3371.3953,3371.3953,9207.7356,3371.3953,3371.3953,
7/30/2024 4:20:00 PM,11KIRAS_G01,N,N,N,3262,3262,7774.0388,3262,3262,
7/30/2024 4:20:00 PM,11KNG_T1L1,N,N,N,3262,3262,9207.7356,3262,3262,
7/30/2024 4:20:00 PM,11LBA_T1L1,N,N,N,3272.0930,3272.0930,9207.7356,3272.0930,3272.0930,
7/30/2024 4:20:00 PM,11LUN_T1L1,N,N,N,3262,3262,9207.7356,3262,3262,
7/30/2024 4:20:00 PM,11MAN1_S01,N,N,N,3266.2326,3266.2326,9207.7356,3266.2326,3266.2326,
7/30/2024 4:20:00 PM,11MAN2_S01,N,N,N,3266.2326,3266.2326,9207.7356,3266.2326,3266.2326,
7/30/2024 4:20:00 PM,11MANFOR_G01,N,N,N,3266.2326,3266.2326,7500.7871,3266.2326,3266.2326,
7/30/2024 4:20:00 PM,11MANFOR_G02,N,N,N,3266.2326,3266.2326,7456.9825,3266.2326,3266.2326,
7/30/2024 4:20:00 PM,11MANOLO_SS,N,N,N,3266.8837,3266.8837,9207.7356,3266.8837,3266.8837,
7/30/2024 4:20:00 PM,11MARAM_SS,N,N,N,3326.1395,3326.1395,9207.7356,3326.1395,3326.1395,
7/30/2024 4:20:00 PM,11MINBAL_G01,N,N,N,3262,3262,7597.3662,3262,3262,
7/30/2024 4:20:00 PM,11MINBU_G01,N,N,N,3262,3262,8271.9627,3262,3262,
7/30/2024 4:20:00 PM,11MLY_T1L1,N,N,N,3371.3953,3371.3953,9207.7356,3371.3953,3371.3953,
7/30/2024 4:20:00 PM,11MNCBLG_G01,N,N,N,3262,3262,7443.1678,3262,3262,
7/30/2024 4:20:00 PM,11MNRGY_G01,N,N,N,3262,3262,7233.7186,3262,3262,
7/30/2024 4:20:00 PM,11MNRGY_G02,N,N,N,3262,3262,7233.7186,3262,3262,
7/30/2024 4:20:00 PM,11MOR_T1L1,N,N,N,3294.8837,3294.8837,9207.7356,3294.8837,3294.8837,
7/30/2024 4:20:00 PM,11NAT_T1L1,N,N,N,3262,3262,9207.7356,3262,3262,
7/30/2024 4:20:00 PM,11NAT_T2L1,N,N,N,3262,3262,9207.7356,3262,3262,
7/30/2024 4:20:00 PM,11NBPC_G01,N,N,N,3371.3953,3371.3953,7407.4785,3371.3953,3371.3953,
7/30/2024 4:20:00 PM,11OPOL_SS,N,N,N,3293.2558,3293.2558,9207.7356,3293.2558,3293.2558,
7/30/2024 4:20:00 PM,11OPO_T1L1,N,N,N,3294.8837,3294.8837,9207.7356,3294.8837,3294.8837,
7/30/2024 4:20:00 PM,11PACERM_G01,N,N,N,3294.8837,3294.8837,7297.4060,3294.8837,3294.8837,
7/30/2024 4:20:00 PM,11PAL_T1L1,N,N,N,3397.1163,3397.1163,9207.7356,3397.1163,3397.1163,
7/30/2024 4:20:00 PM,11PG4_T1L1,N,N,N,3371.3953,3371.3953,9207.7356,3371.3953,3371.3953,
7/30/2024 4:20:00 PM,11PKBUK_G01,N,N,N,3262,3262,12171.0561,3262,3262,
7/30/2024 4:20:00 PM,11PULA4_U01,N,N,N,3370.4186,3370.4186,8137.3947,3370.4186,3370.4186,
7/30/2024 4:20:00 PM,11PULA4_U02,N,N,N,3255.8140,3255.8140,3688.8312,3255.8140,3255.8140,
7/30/2024 4:20:00 PM,11PULA4_U03,N,N,N,3370.7442,3370.7442,8797.3338,3370.7442,3370.7442,
7/30/2024 4:20:00 PM,11SME_T1L1,N,N,N,3255.8140,3255.8140,9207.7356,3255.8140,3255.8140,
7/30/2024 4:20:00 PM,11SMH_T1L1,N,N,N,3255.8140,3255.8140,9207.7356,3255.8140,3255.8140,
7/30/2024 4:20:00 PM,11STEAG_U01,N,N,N,3254.5116,3254.5116,3539.7195,3254.5116,3254.5116,
7/30/2024 4:20:00 PM,11STEAG_U02,N,N,N,3255.8140,3255.8140,4993.5523,3255.8140,3255.8140,
7/30/2024 4:20:00 PM,11TAGOL_SS,N,N,N,3255.8140,3255.8140,9207.7356,3255.8140,3255.8140,
7/30/2024 4:20:00 PM,11VILLA_BAT,N,N,N,3251.9070,3251.9070,7214.4330,3251.9070,3251.9070,
7/30/2024 4:20:00 PM,11VILLA_L01,N,N,N,3251.9070,3251.9070,9207.7356,3251.9070,3251.9070,
7/30/2024 4:20:00 PM,11VILLA_SS,N,N,N,3260.6977,3260.6977,9207.7356,3260.6977,3260.6977,
7/30/2024 4:20:00 PM,12ALE_T1L1,N,N,N,3692.0930,3692.0930,9207.7356,3692.0930,3692.0930,
7/30/2024 4:20:00 PM,12ASIGA_G01,N,N,N,3573.5814,3573.5814,8217.2031,3573.5814,3573.5814,
7/30/2024 4:20:00 PM,12BAG_T1L1,N,N,N,3658.5581,3658.5581,9207.7356,3658.5581,3658.5581,
7/30/2024 4:20:00 PM,12BISLIG_SS,N,N,N,3659.2093,3659.2093,9207.7356,3659.2093,3659.2093,
7/30/2024 4:20:00 PM,12BUTUAN_SS,N,N,N,3573.2558,3573.2558,9207.7356,3573.2558,3573.2558,
7/30/2024 4:20:00 PM,12BUT_T2L1,N,N,N,3526.3721,3526.3721,9207.7356,3526.3721,3526.3721,
7/30/2024 4:20:00 PM,12BYG_T1L1,N,N,N,3573.5814,3573.5814,9207.7356,3573.5814,3573.5814,
7/30/2024 4:20:00 PM,12KEGGIN_G01,N,N,N,3526.3721,3526.3721,7800.8833,3526.3721,3526.3721,
7/30/2024 4:20:00 PM,12KEGTAN_G01,N,N,N,3692.0930,3692.0930,8174.9956,3692.0930,3692.0930,
7/30/2024 4:20:00 PM,12LKMAINIT_G01,N,N,N,3573.5814,3573.5814,7709.4946,3573.5814,3573.5814,
7/30/2024 4:20:00 PM,12LMO_T1L1,N,N,N,3573.5814,3573.5814,9207.7356,3573.5814,3573.5814,
7/30/2024 4:20:00 PM,12MAD_T1L1,N,N,N,3649.4419,3649.4419,9207.7356,3649.4419,3649.4419,
7/30/2024 4:20:00 PM,12NACSUR_G01,N,N,N,3649.4419,3649.4419,8050.6723,3649.4419,3649.4419,
7/30/2024 4:20:00 PM,12NASIP_SS,N,N,N,3526.0465,3526.0465,9207.7356,3526.0465,3526.0465,
7/30/2024 4:20:00 PM,12NAS_T1L1,N,N,N,3573.5814,3573.5814,9207.7356,3573.5814,3573.5814,
7/30/2024 4:20:00 PM,12PBA_T1L1,N,N,N,3658.5581,3658.5581,9207.7356,3658.5581,3658.5581,
7/30/2024 4:20:00 PM,12PKSFRA_U01,N,N,N,3692.0930,3692.0930,8174.9956,3692.0930,3692.0930,
7/30/2024 4:20:00 PM,12PKSFRA_U02,N,N,N,3692.0930,3692.0930,8174.9956,3692.0930,3692.0930,
7/30/2024 4:20:00 PM,12PLACER_SS,N,N,N,3649.4419,3649.4419,9207.7356,3649.4419,3649.4419,
7/30/2024 4:20:00 PM,12SFRAN_SS,N,N,N,3692.4186,3692.4186,9207.7356,3692.4186,3692.4186,
7/30/2024 4:20:00 PM,12SLU_T1L1,N,N,N,3526.3721,3526.3721,9207.7356,3526.3721,3526.3721,
7/30/2024 4:20:00 PM,12SNT_T1L1,N,N,N,3573.5814,3573.5814,9207.7356,3573.5814,3573.5814,
7/30/2024 4:20:00 PM,12STCRUZ_L01,N,N,N,3649.4419,3649.4419,9207.7356,3649.4419,3649.4419,
7/30/2024 4:20:00 PM,12SUR_T1L1,N,N,N,3649.4419,3649.4419,9207.7356,3649.4419,3649.4419,
7/30/2024 4:20:00 PM,12TBD_T1L1,N,N,N,3255.8140,3255.8140,9207.7356,3255.8140,3255.8140,
7/30/2024 4:20:00 PM,12TBO_T1L1,N,N,N,3658.5581,3658.5581,9207.7356,3658.5581,3658.5581,
7/30/2024 4:20:00 PM,12TDG_T1L1,N,N,N,3692.0930,3692.0930,9207.7356,3692.0930,3692.0930,
7/30/2024 4:20:00 PM,12THERMA2_SS,N,N,N,3526.0465,3526.0465,9207.7356,3526.0465,3526.0465,
7/30/2024 4:20:00 PM,12TM2_U01,N,N,N,3526.0465,3526.0465,7800.1611,3526.0465,3526.0465,
7/30/2024 4:20:00 PM,12TM2_U02,N,N,N,3526.0465,3526.0465,7800.1611,3526.0465,3526.0465,
7/30/2024 4:20:00 PM,12TRE_T1L1,N,N,N,3658.5581,3658.5581,9207.7356,3658.5581,3658.5581,
7/30/2024 4:20:00 PM,13ASU_T1L1,N,N,N,3554.6977,3554.6977,9207.7356,3554.6977,3554.6977,
7/30/2024 4:20:00 PM,13BAJ_T1L1,N,N,N,3396.1395,3396.1395,9207.7356,3396.1395,3396.1395,
7/30/2024 4:20:00 PM,13BNS_T1L1,N,N,N,3364.2326,3364.2326,9207.7356,3364.2326,3364.2326,
7/30/2024 4:20:00 PM,13BNY_T1L1,N,N,N,3534.8372,3534.8372,9207.7356,3534.8372,3534.8372,
7/30/2024 4:20:00 PM,13BUNAW_SS,N,N,N,3349.2558,3349.2558,9207.7356,3349.2558,3349.2558,
7/30/2024 4:20:00 PM,13CULAMAN_SS,N,N,N,3192.9767,3192.9767,9207.7356,3192.9767,3192.9767,
7/30/2024 4:20:00 PM,13DAVAO_SS,N,N,N,3396.1395,3396.1395,9207.7356,3396.1395,3396.1395,
7/30/2024 4:20:00 PM,13DAV_T1L1,N,N,N,3328.7442,3328.7442,9207.7356,3328.7442,3328.7442,
7/30/2024 4:20:00 PM,13DCPP_U01,N,N,N,3326.4651,3326.4651,7389.0632,3326.4651,3326.4651,
7/30/2024 4:20:00 PM,13DCPP_U02,N,N,N,3326.4651,3326.4651,8618.9236,3326.4651,3326.4651,
7/30/2024 4:20:00 PM,13DIGSOL_G01,N,N,N,3364.2326,3364.2326,7915.0879,3364.2326,3364.2326,
7/30/2024 4:20:00 PM,13DIG_T1L1,N,N,N,3397.7674,3397.7674,9207.7356,3397.7674,3397.7674,
7/30/2024 4:20:00 PM,13DIG_T2L1,N,N,N,3364.2326,3364.2326,9207.7356,3364.2326,3364.2326,
7/30/2024 4:20:00 PM,13DIG_T3L1,N,N,N,3328.7442,3328.7442,9207.7356,3328.7442,3328.7442,
7/30/2024 4:20:00 PM,13DLP_T1L1,N,N,N,3397.7674,3397.7674,9207.7356,3397.7674,3397.7674,
7/30/2024 4:20:00 PM,13DLP_T1L2,N,N,N,3397.7674,3397.7674,9207.7356,3397.7674,3397.7674,
7/30/2024 4:20:00 PM,13DLP_T1L3,N,N,N,3397.7674,3397.7674,9207.7356,3397.7674,3397.7674,
7/30/2024 4:20:00 PM,13DLP_T2L1,N,N,N,3375.6279,3375.6279,9207.7356,3375.6279,3375.6279,
7/30/2024 4:20:00 PM,13DRA_T1L1,N,N,N,3374.9767,3374.9767,9207.7356,3374.9767,3374.9767,
7/30/2024 4:20:00 PM,13DRA_T1L2,N,N,N,3374.9767,3374.9767,9207.7356,3374.9767,3374.9767,
7/30/2024 4:20:00 PM,13DSP_T1L1,N,N,N,3364.2326,3364.2326,9207.7356,3364.2326,3364.2326,
7/30/2024 4:20:00 PM,13DSR_T1L1,N,N,N,3193.3023,3193.3023,9207.7356,3193.3023,3193.3023,
7/30/2024 4:20:00 PM,13EUROH_G01,N,N,N,3554.6977,3554.6977,7866.8242,3554.6977,3554.6977,
7/30/2024 4:20:00 PM,13MACO_BAT,N,N,N,3534.8372,3534.8372,6185.1403,3534.8372,3534.8372,
7/30/2024 4:20:00 PM,13MACO_SS,N,N,N,3534.5116,3534.5116,9207.7356,3534.5116,3534.5116,
7/30/2024 4:20:00 PM,13MAGDBNK_G01,N,N,N,3534.8372,3534.8372,7824.4208,3534.8372,3534.8372,
7/30/2024 4:20:00 PM,13MAGDBNK_U01,N,N,N,3534.8372,3534.8372,7824.4208,3534.8372,3534.8372,
7/30/2024 4:20:00 PM,13MAGDBNK_U02,N,N,N,3534.8372,3534.8372,13032.8636,3534.8372,3534.8372,
7/30/2024 4:20:00 PM,13MAGDBNK_U03,N,N,N,3534.8372,3534.8372,13032.8629,3534.8372,3534.8372,
7/30/2024 4:20:00 PM,13MALITA_BAT,N,N,N,3193.3023,3193.3023,9258.9717,3193.3023,3193.3023,
7/30/2024 4:20:00 PM,13MATAN_SS,N,N,N,3225.2093,3225.2093,9207.7356,3225.2093,3225.2093,
7/30/2024 4:20:00 PM,13MATIBNK_G01,N,N,N,3534.8372,3534.8372,6455.3959,3534.8372,3534.8372,
7/30/2024 4:20:00 PM,13MON_T1L1,N,N,N,3554.6977,3554.6977,9207.7356,3554.6977,3554.6977,
7/30/2024 4:20:00 PM,13MPCDIG_G01,N,N,N,3364.2326,3364.2326,7452.8592,3364.2326,3364.2326,
7/30/2024 4:20:00 PM,13MSR_T1L1,N,N,N,3554.6977,3554.6977,9207.7356,3554.6977,3554.6977,
7/30/2024 4:20:00 PM,13NABUN_SS,N,N,N,3554.6977,3554.6977,9207.7356,3554.6977,3554.6977,
7/30/2024 4:20:00 PM,13PMA_T1L1,N,N,N,3364.2326,3364.2326,9207.7356,3364.2326,3364.2326,
7/30/2024 4:20:00 PM,13SIBULAN_G01,N,N,N,3396.1395,3396.1395,7720.3563,3396.1395,3396.1395,
7/30/2024 4:20:00 PM,13SMC_U01,N,N,N,3188.0930,3188.0930,7108.5063,3188.0930,3188.0930,
7/30/2024 4:20:00 PM,13SMC_U02,N,N,N,3189.3953,3189.3953,4620.2348,3189.3953,3189.3953,
7/30/2024 4:20:00 PM,13TALOM1_G01,N,N,N,3397.7674,3397.7674,7956.1177,3397.7674,3397.7674,
7/30/2024 4:20:00 PM,13TALOM23_G01,N,N,N,3396.1395,3396.1395,7566.1894,3396.1395,3396.1395,
7/30/2024 4:20:00 PM,13TGM_T1L1,N,N,N,3534.8372,3534.8372,9207.7356,3534.8372,3534.8372,
7/30/2024 4:20:00 PM,13THERMA1_SS,N,N,N,3534.5116,3534.5116,9207.7356,3534.5116,3534.5116,
7/30/2024 4:20:00 PM,13TM1_U01,N,N,N,3534.5116,3534.5116,7823.7785,3534.5116,3534.5116,
7/30/2024 4:20:00 PM,13TM1_U02,N,N,N,3534.5116,3534.5116,7823.7785,3534.5116,3534.5116,
7/30/2024 4:20:00 PM,13TORIL_SS,N,N,N,3344.6977,3344.6977,9207.7356,3344.6977,3344.6977,
7/30/2024 4:20:00 PM,13TUDAY2_G01,N,N,N,3397.7674,3397.7674,6901.5547,3397.7674,3397.7674,
7/30/2024 4:20:00 PM,14ALMADA_G01,N,N,N,3653.0233,3653.0233,7995.9952,3653.0233,3653.0233,
7/30/2024 4:20:00 PM,14ASTROSOL_G01,N,N,N,3428.0465,3428.0465,6535.5409,3428.0465,3428.0465,
7/30/2024 4:20:00 PM,14BGN_T1L1,N,N,N,3329.7209,3329.7209,9207.7356,3329.7209,3329.7209,
7/30/2024 4:20:00 PM,14BGN_T2L1,N,N,N,3618.8372,3618.8372,9207.7356,3618.8372,3618.8372,
7/30/2024 4:20:00 PM,14BIOGS_G01,N,N,N,3618.8372,3618.8372,8361.3703,3618.8372,3618.8372,
7/30/2024 4:20:00 PM,14BIOMS_U01,N,N,N,3618.8372,3618.8372,7759.1182,3618.8372,3618.8372,
7/30/2024 4:20:00 PM,14COTSUGR_G01,N,N,N,3329.7209,3329.7209,7383.0710,3329.7209,3329.7209,
7/30/2024 4:20:00 PM,14DSA_T1L1,N,N,N,3653.0233,3653.0233,9207.7356,3653.0233,3653.0233,
7/30/2024 4:20:00 PM,14DSA_T2L1,N,N,N,3618.8372,3618.8372,9207.7356,3618.8372,3618.8372,
7/30/2024 4:20:00 PM,14GENSAN_SS,N,N,N,3428.0465,3428.0465,9207.7356,3428.0465,3428.0465,
7/30/2024 4:20:00 PM,14GERBIO_G01,N,N,N,3618.8372,3618.8372,7759.1182,3618.8372,3618.8372,
7/30/2024 4:20:00 PM,14GLA_T1L1,N,N,N,3428.0465,3428.0465,9207.7356,3428.0465,3428.0465,
7/30/2024 4:20:00 PM,14KAMANGA_SS,N,N,N,3349.5814,3349.5814,9207.7356,3349.5814,3349.5814,
7/30/2024 4:20:00 PM,14KAM_L03,N,N,N,3428.0465,3428.0465,9207.7356,3428.0465,3428.0465,
7/30/2024 4:20:00 PM,14KIDAP_SS,N,N,N,3326.7907,3326.7907,9207.7356,3326.7907,3326.7907,
7/30/2024 4:20:00 PM,14KLN_T1L1,N,N,N,3618.8372,3618.8372,9207.7356,3618.8372,3618.8372,
7/30/2024 4:20:00 PM,14LAMSAN_G01,N,N,N,3653.0233,3653.0233,7341.1620,3653.0233,3653.0233,
7/30/2024 4:20:00 PM,14LLE_T1L1,N,N,N,3428.0465,3428.0465,9207.7356,3428.0465,3428.0465,
7/30/2024 4:20:00 PM,14MARBEL_U01,N,N,N,3618.8372,3618.8372,4680.8763,3618.8372,3618.8372,
7/30/2024 4:20:00 PM,14MID_T1L1,N,N,N,3653.0233,3653.0233,9207.7356,3653.0233,3653.0233,
7/30/2024 4:20:00 PM,14MTAPO_U01,N,N,N,3325.4884,3325.4884,7347.8589,3325.4884,3325.4884,
7/30/2024 4:20:00 PM,14MTAPO_U02,N,N,N,3325.8140,3325.8140,7379.4373,3325.8140,3325.8140,
7/30/2024 4:20:00 PM,14MTAPO_U03,N,N,N,3329.7209,3329.7209,6988.2236,3329.7209,3329.7209,
7/30/2024 4:20:00 PM,14NVSOL_G01,N,N,N,3618.8372,3618.8372,7342.2093,3618.8372,3618.8372,
7/30/2024 4:20:00 PM,14PKPSOC_G01,N,N,N,3428.0465,3428.0465,5159.4758,3428.0465,3428.0465,
7/30/2024 4:20:00 PM,14PTU_T1L1,N,N,N,3428.0465,3428.0465,9207.7356,3428.0465,3428.0465,
7/30/2024 4:20:00 PM,14SARANG_U01,N,N,N,3428.0465,3428.0465,7181.3683,3428.0465,3428.0465,
7/30/2024 4:20:00 PM,14SARANG_U02,N,N,N,3348.9302,3348.9302,7303.9918,3348.9302,3348.9302,
7/30/2024 4:20:00 PM,14SIGHYDRO_G01,N,N,N,3428.0465,3428.0465,7261.8916,3428.0465,3428.0465,
7/30/2024 4:20:00 PM,14SKU_T1L1,N,N,N,3653.0233,3653.0233,9207.7356,3653.0233,3653.0233,
7/30/2024 4:20:00 PM,14SMY_T1L1,N,N,N,3653.0233,3653.0233,9207.7356,3653.0233,3653.0233,
7/30/2024 4:20:00 PM,14SPGI_U01,N,N,N,3618.8372,3618.8372,7783.4472,3618.8372,3618.8372,
7/30/2024 4:20:00 PM,14SRL_T1L1,N,N,N,3618.8372,3618.8372,9207.7356,3618.8372,3618.8372,
7/30/2024 4:20:00 PM,14SULTAN_SS,N,N,N,3651.0698,3651.0698,9207.7356,3651.0698,3651.0698,
7/30/2024 4:20:00 PM,14SUPKOR_G01,N,N,N,3618.8372,3618.8372,7759.1182,3618.8372,3618.8372,
7/30/2024 4:20:00 PM,14TACSUR_L02,N,N,N,3618.8372,3618.8372,9207.7356,3618.8372,3618.8372,
7/30/2024 4:20:00 PM,14TACUR_SS,N,N,N,3618.8372,3618.8372,9207.7356,3618.8372,3618.8372,
7/30/2024 4:20:00 PM,14TIN_T1L1,N,N,N,3428.0465,3428.0465,9207.7356,3428.0465,3428.0465,
7/30/2024 4:20:00 PM,14TIN_T1L2,N,N,N,3428.0465,3428.0465,9207.7356,3428.0465,3428.0465,
EOF
