TIME_INTERVAL,RESOURCE_NAME,AP_FLAG,SEC_FLAG,PSM_FLAG,DIPC_PRICE,RTD_PRICE,ADMIN_PRICE,SEC_PRICE,PSM_PRICE,
10/3/2024 4:30:00 AM,01ACNPC_G01,N,N,N,3696.4045,3696.4045,3082.8110,3696.4045,3696.4045,
10/3/2024 4:30:00 AM,01AEC_L01,N,N,N,3693.4292,3693.4292,3009.8552,3693.4292,3693.4292,
10/3/2024 4:30:00 AM,01AMBUK_SS,N,N,N,3666.2798,3666.2798,3009.8552,3666.2798,3666.2798,
10/3/2024 4:30:00 AM,01AMBUK_T1L1,N,N,N,3666.2798,3666.2798,3009.8552,3666.2798,3666.2798,
10/3/2024 4:30:00 AM,01AMBUK_U01,N,N,N,3665.1641,3665.1641,2990.2823,3665.1641,3665.1641,
10/3/2024 4:30:00 AM,01AMBUK_U02,N,N,N,3665.1641,3665.1641,2989.5102,3665.1641,3665.1641,
10/3/2024 4:30:00 AM,01AMBUK_U03,N,N,N,3665.1641,3665.1641,2991.3510,3665.1641,3665.1641,
10/3/2024 4:30:00 AM,01AMPHAW_G01,N,N,N,3664.4203,3664.4203,2858.7850,3664.4203,3664.4203,
10/3/2024 4:30:00 AM,01ANDA_G01,N,N,N,3693.4292,3693.4292,3046.3727,3693.4292,3693.4292,
10/3/2024 4:30:00 AM,01ANGAT_A,N,N,N,3672.9742,3672.9742,3075.6990,3672.9742,3672.9742,
10/3/2024 4:30:00 AM,01ANGAT_M,N,N,N,3684.5034,3684.5034,3035.2294,3684.5034,3684.5034,
10/3/2024 4:30:00 AM,01ANGAT_SS,N,N,N,3684.5034,3684.5034,3009.8552,3684.5034,3684.5034,
10/3/2024 4:30:00 AM,01ANGAT_T5L1,N,N,N,3719.0909,3719.0909,3009.8552,3719.0909,3719.0909,
10/3/2024 4:30:00 AM,01APEC_G01,N,N,N,3693.4292,3693.4292,3049.9247,3693.4292,3693.4292,
10/3/2024 4:30:00 AM,01ARAYSOL_G01,N,N,N,3693.4292,3693.4292,3045.0410,3693.4292,3693.4292,
10/3/2024 4:30:00 AM,01ARAYSOL_G02,N,N,N,3693.4292,3693.4292,3045.0410,3693.4292,3693.4292,
10/3/2024 4:30:00 AM,01ARMSOL_G01,N,N,N,3696.4045,3696.4045,3045.8885,3696.4045,3696.4045,
10/3/2024 4:30:00 AM,01BAKSIP_G01,N,N,N,3664.4203,3664.4203,2994.0147,3664.4203,3664.4203,
10/3/2024 4:30:00 AM,01BAKUN_G01,N,N,N,3651.0315,3651.0315,2984.8417,3651.0315,3651.0315,
10/3/2024 4:30:00 AM,01BAKUN_SS,N,N,N,3650.6596,3650.6596,3009.8552,3650.6596,3650.6596,
10/3/2024 4:30:00 AM,01BALNEO_L01,N,N,N,3643.9653,3643.9653,3009.8552,3643.9653,3643.9653,
10/3/2024 4:30:00 AM,01BALNEO_L02,N,N,N,3643.9653,3643.9653,3009.8552,3643.9653,3643.9653,
10/3/2024 4:30:00 AM,01BALNEO_SS,N,N,N,3637.2709,3637.2709,3009.8552,3637.2709,3637.2709,
10/3/2024 4:30:00 AM,01BALSIK_SS,N,N,N,3579.2531,3579.2531,3009.8552,3579.2531,3579.2531,
10/3/2024 4:30:00 AM,01BALWIND_G01,N,N,N,3671.1146,3671.1146,3035.4148,3671.1146,3671.1146,
10/3/2024 4:30:00 AM,01BANTAY_SS,N,N,N,3709.0494,3709.0494,3009.8552,3709.0494,3709.0494,
10/3/2024 4:30:00 AM,01BATAAN_SS,N,N,N,3491.4825,3491.4825,3009.8552,3491.4825,3491.4825,
10/3/2024 4:30:00 AM,01BAUANG_GS1,N,N,N,3659.9574,3659.9574,3001.0848,3659.9574,3659.9574,
10/3/2024 4:30:00 AM,01BAUANG_GS2,N,N,N,3659.9574,3659.9574,3001.1779,3659.9574,3659.9574,
10/3/2024 4:30:00 AM,01BAUANG_GS3,N,N,N,3659.9574,3659.9574,3001.1779,3659.9574,3659.9574,
10/3/2024 4:30:00 AM,01BAUANG_SS,N,N,N,3663.3045,3663.3045,3009.8552,3663.3045,3663.3045,
10/3/2024 4:30:00 AM,01BAUAN_T1L1,N,N,N,3663.6765,3663.6765,3009.8552,3663.6765,3663.6765,
10/3/2024 4:30:00 AM,01BAUAN_T1L2,N,N,N,3663.6765,3663.6765,3009.8552,3663.6765,3663.6765,
10/3/2024 4:30:00 AM,01BAUAN_T1L3,N,N,N,3663.6765,3663.6765,3009.8552,3663.6765,3663.6765,
10/3/2024 4:30:00 AM,01BAUAN_T2L1,N,N,N,3663.6765,3663.6765,3009.8552,3663.6765,3663.6765,
10/3/2024 4:30:00 AM,01BAUAN_T2L2,N,N,N,3663.3045,3663.3045,3009.8552,3663.3045,3663.3045,
10/3/2024 4:30:00 AM,01BCNOT_SS,N,N,N,3670.7427,3670.7427,3009.8552,3670.7427,3670.7427,
10/3/2024 4:30:00 AM,01BCNOT_T1L1,N,N,N,3670.7427,3670.7427,3009.8552,3670.7427,3670.7427,
10/3/2024 4:30:00 AM,01BCNOT_T1L2,N,N,N,3670.7427,3670.7427,3009.8552,3670.7427,3670.7427,
10/3/2024 4:30:00 AM,01BINENG_G01,N,N,N,3664.4203,3664.4203,3144.8028,3664.4203,3664.4203,
10/3/2024 4:30:00 AM,01BINGA_SS,N,N,N,3659.2135,3659.2135,3009.8552,3659.2135,3659.2135,
10/3/2024 4:30:00 AM,01BINGA_T1L1,N,N,N,3659.5855,3659.5855,3009.8552,3659.5855,3659.5855,
10/3/2024 4:30:00 AM,01BINGA_U01,N,N,N,3658.0978,3658.0978,2797.1605,3658.0978,3658.0978,
10/3/2024 4:30:00 AM,01BINGA_U02,N,N,N,3658.0978,3658.0978,3023.2937,3658.0978,3658.0978,
10/3/2024 4:30:00 AM,01BINGA_U03,N,N,N,3658.0978,3658.0978,2889.3969,3658.0978,3658.0978,
10/3/2024 4:30:00 AM,01BINGA_U04,N,N,N,3658.0978,3658.0978,2800.2710,3658.0978,3658.0978,
10/3/2024 4:30:00 AM,01BNTAY_T1L1,N,N,N,3708.6775,3708.6775,3009.8552,3708.6775,3708.6775,
10/3/2024 4:30:00 AM,01BNTAY_T1L2,N,N,N,3708.6775,3708.6775,3009.8552,3708.6775,3708.6775,
10/3/2024 4:30:00 AM,01BNTAY_T1L3,N,N,N,3708.6775,3708.6775,3009.8552,3708.6775,3708.6775,
10/3/2024 4:30:00 AM,01BOSUNG_G01,N,N,N,3684.1315,3684.1315,3037.2437,3684.1315,3684.1315,
10/3/2024 4:30:00 AM,01BOTOLAN_SS,N,N,N,3616.4440,3616.4440,3009.8552,3616.4440,3616.4440,
10/3/2024 4:30:00 AM,01BOTOL_T1L1,N,N,N,3621.6507,3621.6507,3009.8552,3621.6507,3621.6507,
10/3/2024 4:30:00 AM,01BOTOL_T1L2,N,N,N,3621.6507,3621.6507,3009.8552,3621.6507,3621.6507,
10/3/2024 4:30:00 AM,01BPC_T1L1,N,N,N,3491.8545,3491.8545,3009.8552,3491.8545,3491.8545,
10/3/2024 4:30:00 AM,01BPC_T2L2,N,N,N,3491.8545,3491.8545,3009.8552,3491.8545,3491.8545,
10/3/2024 4:30:00 AM,01BPPC_SS,N,N,N,3659.9574,3659.9574,3009.8552,3659.9574,3659.9574,
10/3/2024 4:30:00 AM,01BT2020_G01,N,N,N,3572.9306,3572.9306,2961.2953,3572.9306,3572.9306,
10/3/2024 4:30:00 AM,01BT2020_G02,N,N,N,3572.9306,3572.9306,2960.6561,3572.9306,3572.9306,
10/3/2024 4:30:00 AM,01BTNSOL_G01,N,N,N,3492.5983,3492.5983,2900.6739,3492.5983,3492.5983,
10/3/2024 4:30:00 AM,01BTPP_T3L1,N,N,N,3492.5983,3492.5983,3009.8552,3492.5983,3492.5983,
10/3/2024 4:30:00 AM,01BTPP_T3L2,N,N,N,3492.5983,3492.5983,3009.8552,3492.5983,3492.5983,
10/3/2024 4:30:00 AM,01BTPP_T3L3,N,N,N,3492.5983,3492.5983,3009.8552,3492.5983,3492.5983,
10/3/2024 4:30:00 AM,01BTPP_T3L4,N,N,N,3492.5983,3492.5983,3009.8552,3492.5983,3492.5983,
10/3/2024 4:30:00 AM,01BTPP_T3L5,N,N,N,3492.5983,3492.5983,3009.8552,3492.5983,3492.5983,
10/3/2024 4:30:00 AM,01BTPP_T4L1,N,N,N,3719.0909,3719.0909,3009.8552,3719.0909,3719.0909,
10/3/2024 4:30:00 AM,01BTSOLEN_BAT,N,N,N,3492.5983,3492.5983,2900.6739,3492.5983,3492.5983,
10/3/2024 4:30:00 AM,01BTSOLEN_G01,N,N,N,3492.5983,3492.5983,2900.6739,3492.5983,3492.5983,
10/3/2024 4:30:00 AM,01BULSOL_G01,N,N,N,3717.2314,3717.2314,3061.7127,3717.2314,3717.2314,
10/3/2024 4:30:00 AM,01BURGOS_G01,N,N,N,3665.9079,3665.9079,2667.4798,3665.9079,3665.9079,
10/3/2024 4:30:00 AM,01BURGOS_G02,N,N,N,3684.1315,3684.1315,3037.2437,3684.1315,3684.1315,
10/3/2024 4:30:00 AM,01BURGOS_G03,N,N,N,3684.1315,3684.1315,3037.2437,3684.1315,3684.1315,
10/3/2024 4:30:00 AM,01BURGOS_SS,N,N,N,3665.9079,3665.9079,3009.8552,3665.9079,3665.9079,
10/3/2024 4:30:00 AM,01BUTAO_G01,N,N,N,3670.3708,3670.3708,3010.2916,3670.3708,3670.3708,
10/3/2024 4:30:00 AM,01BYOMB_DID,N,N,N,3738.8021,3738.8021,3009.8552,3738.8021,3738.8021,
10/3/2024 4:30:00 AM,01BYOMB_SS,N,N,N,3736.9425,3736.9425,3009.8552,3736.9425,3736.9425,
10/3/2024 4:30:00 AM,01BYOMB_T1L1,N,N,N,3738.8021,3738.8021,3009.8552,3738.8021,3738.8021,
10/3/2024 4:30:00 AM,01BYOMB_T1L2,N,N,N,3738.8021,3738.8021,3009.8552,3738.8021,3738.8021,
10/3/2024 4:30:00 AM,01BYOMB_T1L3,N,N,N,3738.8021,3738.8021,3009.8552,3738.8021,3738.8021,
10/3/2024 4:30:00 AM,01CABSOL_G01,N,N,N,3742.5212,3742.5212,3079.5312,3742.5212,3742.5212,
10/3/2024 4:30:00 AM,01CAGBIO_G01,N,N,N,3844.7962,3844.7962,3049.5988,3844.7962,3844.7962,
10/3/2024 4:30:00 AM,01CAGYSOL_G01,N,N,N,3880.1275,3880.1275,3113.6363,3880.1275,3880.1275,
10/3/2024 4:30:00 AM,01CALIBUNK_G01,N,N,N,3693.4292,3693.4292,3045.0410,3693.4292,3693.4292,
10/3/2024 4:30:00 AM,01CAPRIS_G01,N,N,N,3647.3125,3647.3125,3076.8216,3647.3125,3647.3125,
10/3/2024 4:30:00 AM,01CAPRIS_G02,N,N,N,3647.3125,3647.3125,3069.2656,3647.3125,3647.3125,
10/3/2024 4:30:00 AM,01CASECN_G01,N,N,N,3654.7506,3654.7506,2916.8349,3654.7506,3654.7506,
10/3/2024 4:30:00 AM,01CASECN_SS,N,N,N,3654.7506,3654.7506,3009.8552,3654.7506,3654.7506,
10/3/2024 4:30:00 AM,01CAYBSOL_G01,N,N,N,3611.2373,3611.2373,2966.7988,3611.2373,3611.2373,
10/3/2024 4:30:00 AM,01CBNTU_SS,N,N,N,3743.6369,3743.6369,3009.8552,3743.6369,3743.6369,
10/3/2024 4:30:00 AM,01CBNTU_T1L1,N,N,N,3743.2650,3743.2650,3009.8552,3743.2650,3743.2650,
10/3/2024 4:30:00 AM,01CBNTU_T1L3,N,N,N,3743.2650,3743.2650,3009.8552,3743.2650,3743.2650,
10/3/2024 4:30:00 AM,01CBNTU_T2L1,N,N,N,3743.2650,3743.2650,3009.8552,3743.2650,3743.2650,
10/3/2024 4:30:00 AM,01CBNTU_T2L2,N,N,N,3742.5212,3742.5212,3009.8552,3742.5212,3742.5212,
10/3/2024 4:30:00 AM,01CBN_CELCOR,N,N,N,3742.5212,3742.5212,3009.8552,3742.5212,3742.5212,
10/3/2024 4:30:00 AM,01CIP2_G01,N,N,N,3670.7427,3670.7427,3013.2760,3670.7427,3670.7427,
10/3/2024 4:30:00 AM,01CLARK_L01,N,N,N,3719.0909,3719.0909,3009.8552,3719.0909,3719.0909,
10/3/2024 4:30:00 AM,01CLARK_L02,N,N,N,3719.0909,3719.0909,3009.8552,3719.0909,3719.0909,
10/3/2024 4:30:00 AM,01CLARK_L03,N,N,N,3699.3797,3699.3797,3009.8552,3699.3797,3699.3797,
10/3/2024 4:30:00 AM,01CLARK_L04,N,N,N,3700.1235,3700.1235,3009.8552,3700.1235,3700.1235,
10/3/2024 4:30:00 AM,01CLARK_SS,N,N,N,3699.3797,3699.3797,3009.8552,3699.3797,3699.3797,
10/3/2024 4:30:00 AM,01CLARK_T1L1,N,N,N,3699.3797,3699.3797,3009.8552,3699.3797,3699.3797,
10/3/2024 4:30:00 AM,01CLARK_T1L2,N,N,N,3719.0909,3719.0909,3009.8552,3719.0909,3719.0909,
10/3/2024 4:30:00 AM,01CLARK_T2L1,N,N,N,3700.4955,3700.4955,3009.8552,3700.4955,3700.4955,
10/3/2024 4:30:00 AM,01CLASOL_G01,N,N,N,3699.3797,3699.3797,2402.7327,3699.3797,3699.3797,
10/3/2024 4:30:00 AM,01CLEANG_G01,N,N,N,3572.9306,3572.9306,2960.6561,3572.9306,3572.9306,
10/3/2024 4:30:00 AM,01CNCEP_BAT,N,N,N,3696.4045,3696.4045,3045.7954,3696.4045,3696.4045,
10/3/2024 4:30:00 AM,01CNCEP_CAT,N,N,N,3696.4045,3696.4045,3009.8552,3696.4045,3696.4045,
10/3/2024 4:30:00 AM,01CNCEP_DAP2,N,N,N,3696.4045,3696.4045,3009.8552,3696.4045,3696.4045,
10/3/2024 4:30:00 AM,01CNCEP_SS,N,N,N,3694.1730,3694.1730,3009.8552,3694.1730,3694.1730,
10/3/2024 4:30:00 AM,01CNCEP_T1L3,N,N,N,3694.1730,3694.1730,3009.8552,3694.1730,3694.1730,
10/3/2024 4:30:00 AM,01CNCEP_TEI,N,N,N,3696.4045,3696.4045,3009.8552,3696.4045,3696.4045,
10/3/2024 4:30:00 AM,01CN_TRELC1,N,N,N,3696.4045,3696.4045,3009.8552,3696.4045,3696.4045,
10/3/2024 4:30:00 AM,01CN_TRELC2,N,N,N,3696.4045,3696.4045,3009.8552,3696.4045,3696.4045,
10/3/2024 4:30:00 AM,01CONSOL_G01,N,N,N,3696.4045,3696.4045,3045.7954,3696.4045,3696.4045,
10/3/2024 4:30:00 AM,01CRUZD_MECO,N,N,N,3717.2314,3717.2314,3009.8552,3717.2314,3717.2314,
10/3/2024 4:30:00 AM,01CRUZD_SS,N,N,N,3715.7437,3715.7437,3009.8552,3715.7437,3715.7437,
10/3/2024 4:30:00 AM,01CRUZD_T2L1,N,N,N,3717.2314,3717.2314,3009.8552,3717.2314,3717.2314,
10/3/2024 4:30:00 AM,01CURIM_SS,N,N,N,3698.6359,3698.6359,3009.8552,3698.6359,3698.6359,
10/3/2024 4:30:00 AM,01CURIM_T1L1,N,N,N,3699.3797,3699.3797,3009.8552,3699.3797,3699.3797,
10/3/2024 4:30:00 AM,01CURIM_T1L2,N,N,N,3699.3797,3699.3797,3009.8552,3699.3797,3699.3797,
10/3/2024 4:30:00 AM,01CURSOL_G02,N,N,N,3699.3797,3699.3797,3051.8887,3699.3797,3699.3797,
10/3/2024 4:30:00 AM,01DALSOL_G01,N,N,N,3696.4045,3696.4045,3045.8885,3696.4045,3696.4045,
10/3/2024 4:30:00 AM,01DUHAT_SS,N,N,N,3724.2976,3724.2976,3009.8552,3724.2976,3724.2976,
10/3/2024 4:30:00 AM,01DUHAT_T1L1,N,N,N,3732.8515,3732.8515,3009.8552,3732.8515,3732.8515,
10/3/2024 4:30:00 AM,01EHVSJ_SS,N,N,N,3661.4450,3661.4450,3009.8552,3661.4450,3661.4450,
10/3/2024 4:30:00 AM,01EHVSM_SS,N,N,N,3641.3619,3641.3619,3009.8552,3641.3619,3641.3619,
10/3/2024 4:30:00 AM,01GAMU_BAT,N,N,N,3848.8872,3848.8872,3047.1622,3848.8872,3848.8872,
10/3/2024 4:30:00 AM,01GAMU_BATL,N,N,N,3848.8872,3848.8872,3009.8552,3848.8872,3848.8872,
10/3/2024 4:30:00 AM,01GAMU_SS,N,N,N,3844.4243,3844.4243,3009.8552,3844.4243,3844.4243,
10/3/2024 4:30:00 AM,01GAMU_T1L1,N,N,N,3848.8872,3848.8872,3009.8552,3848.8872,3848.8872,
10/3/2024 4:30:00 AM,01GAMU_T1L2,N,N,N,3844.7962,3844.7962,3009.8552,3844.7962,3844.7962,
10/3/2024 4:30:00 AM,01GFII_G01,N,N,N,3848.8872,3848.8872,3078.9081,3848.8872,3848.8872,
10/3/2024 4:30:00 AM,01GIFT_G01,N,N,N,3743.2650,3743.2650,2867.8805,3743.2650,3743.2650,
10/3/2024 4:30:00 AM,01GIFT_G02,N,N,N,3743.2650,3743.2650,3044.0012,3743.2650,3743.2650,
10/3/2024 4:30:00 AM,01GIGSOL_G01,N,N,N,3621.6507,3621.6507,2988.8124,3621.6507,3621.6507,
10/3/2024 4:30:00 AM,01GNPD_SS,N,N,N,3545.7813,3545.7813,3009.8552,3545.7813,3545.7813,
10/3/2024 4:30:00 AM,01GNPD_U01,N,N,N,3514.9128,3514.9128,2945.6560,3514.9128,3514.9128,
10/3/2024 4:30:00 AM,01GNPD_U02,N,N,N,3514.9128,3514.9128,2720.4498,3514.9128,3514.9128,
10/3/2024 4:30:00 AM,01GRGOLD_G01,N,N,N,3743.2650,3743.2650,3179.2797,3743.2650,3743.2650,
10/3/2024 4:30:00 AM,01HANJI_SS,N,N,N,3593.3856,3593.3856,3009.8552,3593.3856,3593.3856,
10/3/2024 4:30:00 AM,01HANJI_T1L1,N,N,N,3593.7575,3593.7575,3009.8552,3593.7575,3593.7575,
10/3/2024 4:30:00 AM,01HANJI_T2L1,N,N,N,3593.3856,3593.3856,3009.8552,3593.3856,3593.3856,
10/3/2024 4:30:00 AM,01HERMO_FBL,N,N,N,3572.9306,3572.9306,3009.8552,3572.9306,3572.9306,
10/3/2024 4:30:00 AM,01HERMO_SS,N,N,N,3570.3273,3570.3273,3009.8552,3570.3273,3570.3273,
10/3/2024 4:30:00 AM,01HERMO_T1L1,N,N,N,3572.9306,3572.9306,3009.8552,3572.9306,3572.9306,
10/3/2024 4:30:00 AM,01HERMO_T1L2,N,N,N,3572.9306,3572.9306,3009.8552,3572.9306,3572.9306,
10/3/2024 4:30:00 AM,01HERMO_T1L3,N,N,N,3719.0909,3719.0909,3009.8552,3719.0909,3719.0909,
10/3/2024 4:30:00 AM,01HERMO_T1L4,N,N,N,3572.9306,3572.9306,3009.8552,3572.9306,3572.9306,
10/3/2024 4:30:00 AM,01HYPGRN_G01,N,N,N,3719.0909,3719.0909,3045.4532,3719.0909,3719.0909,
10/3/2024 4:30:00 AM,01IBEC_G01,N,N,N,3796.4480,3796.4480,2804.5587,3796.4480,3796.4480,
10/3/2024 4:30:00 AM,01IBULAO_G01,N,N,N,3738.8021,3738.8021,3116.9357,3738.8021,3738.8021,
10/3/2024 4:30:00 AM,01IPOWER_G01,N,N,N,3743.2650,3743.2650,2814.2858,3743.2650,3743.2650,
10/3/2024 4:30:00 AM,01IPOWER_G02,N,N,N,3743.2650,3743.2650,3132.7914,3743.2650,3743.2650,
10/3/2024 4:30:00 AM,01KDAM_SS,N,N,N,3621.6507,3621.6507,3009.8552,3621.6507,3621.6507,
10/3/2024 4:30:00 AM,01LAMAO_BAT,N,N,N,3484.0444,3484.0444,3348.2246,3484.0444,3484.0444,
10/3/2024 4:30:00 AM,01LAMAO_SS,N,N,N,3484.4163,3484.4163,3009.8552,3484.4163,3484.4163,
10/3/2024 4:30:00 AM,01LAOAG_SS,N,N,N,3683.0157,3683.0157,3009.8552,3683.0157,3683.0157,
10/3/2024 4:30:00 AM,01LAOAG_T1L1,N,N,N,3684.5034,3684.5034,3009.8552,3684.5034,3684.5034,
10/3/2024 4:30:00 AM,01LAOAG_T1L2,N,N,N,3684.5034,3684.5034,3009.8552,3684.5034,3684.5034,
10/3/2024 4:30:00 AM,01LAOAG_T2L2,N,N,N,3684.1315,3684.1315,3009.8552,3684.1315,3684.1315,
10/3/2024 4:30:00 AM,01LAOSOL_G01,N,N,N,3611.2373,3611.2373,2966.7988,3611.2373,3611.2373,
10/3/2024 4:30:00 AM,01LAOSOL_SS,N,N,N,3611.2373,3611.2373,3009.8552,3611.2373,3611.2373,
10/3/2024 4:30:00 AM,01LASUER_U01,N,N,N,3844.7962,3844.7962,3136.9846,3844.7962,3844.7962,
10/3/2024 4:30:00 AM,01LATRI_SS,N,N,N,3662.9326,3662.9326,3009.8552,3662.9326,3662.9326,
10/3/2024 4:30:00 AM,01LATRI_T1L1,N,N,N,3664.4203,3664.4203,3009.8552,3664.4203,3664.4203,
10/3/2024 4:30:00 AM,01LATRI_T2L1,N,N,N,3664.4203,3664.4203,3009.8552,3664.4203,3664.4203,
10/3/2024 4:30:00 AM,01LATRI_T2L2,N,N,N,3664.4203,3664.4203,3009.8552,3664.4203,3664.4203,
10/3/2024 4:30:00 AM,01LATRI_T2L3,N,N,N,3664.4203,3664.4203,3009.8552,3664.4203,3664.4203,
10/3/2024 4:30:00 AM,01LAT_BENECO,N,N,N,3664.4203,3664.4203,3009.8552,3664.4203,3664.4203,
10/3/2024 4:30:00 AM,01LAT_PHILEX,N,N,N,3664.4203,3664.4203,3009.8552,3664.4203,3664.4203,
10/3/2024 4:30:00 AM,01LBRDR_SS,N,N,N,3611.6092,3611.6092,3009.8552,3611.6092,3611.6092,
10/3/2024 4:30:00 AM,01LBR_CNPELC,N,N,N,3719.0909,3719.0909,3009.8552,3719.0909,3719.0909,
10/3/2024 4:30:00 AM,01LBR_DECORP,N,N,N,3612.3530,3612.3530,3009.8552,3612.3530,3612.3530,
10/3/2024 4:30:00 AM,01LBR_PNELC1,N,N,N,3613.0968,3613.0968,3009.8552,3613.0968,3613.0968,
10/3/2024 4:30:00 AM,01LIMAY_BAT,N,N,N,3492.5983,3492.5983,2878.8458,3492.5983,3492.5983,
10/3/2024 4:30:00 AM,01LIMAY_SS,N,N,N,3491.4825,3491.4825,3009.8552,3491.4825,3491.4825,
10/3/2024 4:30:00 AM,01LIMAY_U01,N,N,N,3491.4825,3491.4825,2899.6866,3491.4825,3491.4825,
10/3/2024 4:30:00 AM,01LIMAY_U02,N,N,N,3491.4825,3491.4825,2899.6866,3491.4825,3491.4825,
10/3/2024 4:30:00 AM,01LIMAY_U03,N,N,N,3491.4825,3491.4825,2899.6866,3491.4825,3491.4825,
10/3/2024 4:30:00 AM,01LIMAY_U04,N,N,N,3491.4825,3491.4825,2899.6866,3491.4825,3491.4825,
10/3/2024 4:30:00 AM,01LIMAY_U05,N,N,N,3491.4825,3491.4825,2899.6866,3491.4825,3491.4825,
10/3/2024 4:30:00 AM,01LIMAY_U06,N,N,N,3491.4825,3491.4825,2899.6866,3491.4825,3491.4825,
10/3/2024 4:30:00 AM,01LIMAY_U07,N,N,N,3491.4825,3491.4825,2899.6866,3491.4825,3491.4825,
10/3/2024 4:30:00 AM,01LIMAY_U08,N,N,N,3491.4825,3491.4825,2899.6866,3491.4825,3491.4825,
10/3/2024 4:30:00 AM,01MAEC_G01,N,N,N,3699.3797,3699.3797,3051.8887,3699.3797,3699.3797,
10/3/2024 4:30:00 AM,01MAEC_S01,N,N,N,3699.3797,3699.3797,3009.8552,3699.3797,3699.3797,
10/3/2024 4:30:00 AM,01MAGAPIT_BAT,N,N,N,3880.1275,3880.1275,3113.6363,3880.1275,3880.1275,
10/3/2024 4:30:00 AM,01MAGAT_BAT,N,N,N,3795.7042,3795.7042,3023.0365,3795.7042,3795.7042,
10/3/2024 4:30:00 AM,01MAGAT_SS,N,N,N,3795.7042,3795.7042,3009.8552,3795.7042,3795.7042,
10/3/2024 4:30:00 AM,01MAGAT_U01,N,N,N,3795.7042,3795.7042,3120.0893,3795.7042,3795.7042,
10/3/2024 4:30:00 AM,01MAGAT_U02,N,N,N,3795.7042,3795.7042,2955.4386,3795.7042,3795.7042,
10/3/2024 4:30:00 AM,01MAGAT_U03,N,N,N,3795.7042,3795.7042,3030.7263,3795.7042,3795.7042,
10/3/2024 4:30:00 AM,01MAGAT_U04,N,N,N,3795.7042,3795.7042,3015.6147,3795.7042,3795.7042,
10/3/2024 4:30:00 AM,01MALOL_SS,N,N,N,3664.7922,3664.7922,3009.8552,3664.7922,3664.7922,
10/3/2024 4:30:00 AM,01MALOL_T1L1,N,N,N,3675.2056,3675.2056,3009.8552,3675.2056,3675.2056,
10/3/2024 4:30:00 AM,01MANSOK_G01,N,N,N,3664.4203,3664.4203,3217.9562,3664.4203,3664.4203,
10/3/2024 4:30:00 AM,01MARIS_U01,N,N,N,3796.4480,3796.4480,2877.5886,3796.4480,3796.4480,
10/3/2024 4:30:00 AM,01MARIS_U02,N,N,N,3796.4480,3796.4480,2871.8293,3796.4480,3796.4480,
10/3/2024 4:30:00 AM,01MARSOL_G01,N,N,N,3474.3747,3474.3747,2293.2859,3474.3747,3474.3747,
10/3/2024 4:30:00 AM,01MARVEL_AUX,N,N,N,3471.7714,3471.7714,3009.8552,3471.7714,3471.7714,
10/3/2024 4:30:00 AM,01MARVEL_G01,N,N,N,3470.6556,3470.6556,2940.2449,3470.6556,3470.6556,
10/3/2024 4:30:00 AM,01MARVEL_G02,N,N,N,3470.6556,3470.6556,2942.3909,3470.6556,3470.6556,
10/3/2024 4:30:00 AM,01MARVEL_SS,N,N,N,3471.7714,3471.7714,3009.8552,3471.7714,3471.7714,
10/3/2024 4:30:00 AM,01MASIWA_G01,N,N,N,3743.2650,3743.2650,3080.1406,3743.2650,3743.2650,
10/3/2024 4:30:00 AM,01MASIWA_SS,N,N,N,3743.2650,3743.2650,3009.8552,3743.2650,3743.2650,
10/3/2024 4:30:00 AM,01MATUNO_G01,N,N,N,3738.8021,3738.8021,3018.2155,3738.8021,3738.8021,
10/3/2024 4:30:00 AM,01MEXICO_SS,N,N,N,3691.5696,3691.5696,3009.8552,3691.5696,3691.5696,
10/3/2024 4:30:00 AM,01MEX_AEC,N,N,N,3694.9168,3694.9168,3009.8552,3694.9168,3694.9168,
10/3/2024 4:30:00 AM,01MEX_CISP,N,N,N,3693.4292,3693.4292,3009.8552,3693.4292,3693.4292,
10/3/2024 4:30:00 AM,01MEX_CLARK1,N,N,N,3693.4292,3693.4292,3009.8552,3693.4292,3693.4292,
10/3/2024 4:30:00 AM,01MEX_CLARK2,N,N,N,3693.4292,3693.4292,3009.8552,3693.4292,3693.4292,
10/3/2024 4:30:00 AM,01MEX_CND,N,N,N,3693.4292,3693.4292,3009.8552,3693.4292,3693.4292,
10/3/2024 4:30:00 AM,01MEX_L01,N,N,N,3693.4292,3693.4292,3009.8552,3693.4292,3693.4292,
10/3/2024 4:30:00 AM,01MEX_MIC,N,N,N,3694.9168,3694.9168,3009.8552,3694.9168,3694.9168,
10/3/2024 4:30:00 AM,01MEX_PELCO1,N,N,N,3693.4292,3693.4292,3009.8552,3693.4292,3693.4292,
10/3/2024 4:30:00 AM,01MEX_PIMP,N,N,N,3693.4292,3693.4292,3009.8552,3693.4292,3693.4292,
10/3/2024 4:30:00 AM,01MEX_SFLAPC,N,N,N,3691.9415,3691.9415,3009.8552,3691.9415,3691.9415,
10/3/2024 4:30:00 AM,01MEX_SKK,N,N,N,3694.9168,3694.9168,3009.8552,3694.9168,3694.9168,
10/3/2024 4:30:00 AM,01MPGC_SS,N,N,N,3543.1779,3543.1779,3009.8552,3543.1779,3543.1779,
10/3/2024 4:30:00 AM,01MPGC_U01,N,N,N,3527.9296,3527.9296,2940.2016,3527.9296,3527.9296,
10/3/2024 4:30:00 AM,01MPGC_U02,N,N,N,3719.0909,3719.0909,3003.7358,3719.0909,3719.0909,
10/3/2024 4:30:00 AM,01MPGC_U03,N,N,N,3527.5577,3527.5577,2901.1720,3527.5577,3527.5577,
10/3/2024 4:30:00 AM,01MPGC_U04,N,N,N,3527.9296,3527.9296,3267.3466,3527.9296,3527.9296,
10/3/2024 4:30:00 AM,01MRVEL_T1L1,N,N,N,3474.3747,3474.3747,3009.8552,3474.3747,3474.3747,
10/3/2024 4:30:00 AM,01MSINLO_BAT,N,N,N,3520.1195,3520.1195,3458.7073,3520.1195,3520.1195,
10/3/2024 4:30:00 AM,01MSINLO_G01,N,N,N,3518.6319,3518.6319,2868.5844,3518.6319,3518.6319,
10/3/2024 4:30:00 AM,01MSINLO_G02,N,N,N,3518.6319,3518.6319,2881.3006,3518.6319,3518.6319,
10/3/2024 4:30:00 AM,01MSINLO_G03,N,N,N,3520.1195,3520.1195,2891.4403,3520.1195,3520.1195,
10/3/2024 4:30:00 AM,01MSINLO_SS,N,N,N,3520.1195,3520.1195,3009.8552,3520.1195,3520.1195,
10/3/2024 4:30:00 AM,01NIABAL_G01,N,N,N,3796.4480,3796.4480,2927.9665,3796.4480,3796.4480,
10/3/2024 4:30:00 AM,01NMHC_G01,N,N,N,3664.4203,3664.4203,2993.8361,3664.4203,3664.4203,
10/3/2024 4:30:00 AM,01NMHC_G03,N,N,N,3664.4203,3664.4203,3152.6221,3664.4203,3664.4203,
10/3/2024 4:30:00 AM,01NSNMN_L01,N,N,N,3719.0909,3719.0909,3009.8552,3719.0909,3719.0909,
10/3/2024 4:30:00 AM,01NSNMN_L02,N,N,N,3658.4697,3658.4697,3009.8552,3658.4697,3658.4697,
10/3/2024 4:30:00 AM,01NSNMN_SS,N,N,N,3654.7506,3654.7506,3009.8552,3654.7506,3654.7506,
10/3/2024 4:30:00 AM,01NSNMN_T1L1,N,N,N,3719.0909,3719.0909,3009.8552,3719.0909,3719.0909,
10/3/2024 4:30:00 AM,01NWIND_G01,N,N,N,3684.1315,3684.1315,3332.3887,3684.1315,3684.1315,
10/3/2024 4:30:00 AM,01NWIND_G02,N,N,N,3684.1315,3684.1315,2967.0962,3684.1315,3684.1315,
10/3/2024 4:30:00 AM,01NWIND_L01,N,N,N,3684.1315,3684.1315,3009.8552,3684.1315,3684.1315,
10/3/2024 4:30:00 AM,01OLONG_SS,N,N,N,3583.7160,3583.7160,3009.8552,3583.7160,3583.7160,
10/3/2024 4:30:00 AM,01OLONG_T1L1,N,N,N,3586.6913,3586.6913,3009.8552,3586.6913,3586.6913,
10/3/2024 4:30:00 AM,01OLONG_T2L2,N,N,N,3586.6913,3586.6913,3009.8552,3586.6913,3586.6913,
10/3/2024 4:30:00 AM,01OLONG_T3L3,N,N,N,3586.6913,3586.6913,3009.8552,3586.6913,3586.6913,
10/3/2024 4:30:00 AM,01PAGCAP_L01,N,N,N,3647.3125,3647.3125,3009.8552,3647.3125,3647.3125,
10/3/2024 4:30:00 AM,01PAGUD_SS,N,N,N,3647.3125,3647.3125,3009.8552,3647.3125,3647.3125,
10/3/2024 4:30:00 AM,01PASQSOL_G01,N,N,N,3682.2719,3682.2719,3035.1869,3682.2719,3682.2719,
10/3/2024 4:30:00 AM,01PAVGSOL_G01,N,N,N,3492.5983,3492.5983,2900.6739,3492.5983,3492.5983,
10/3/2024 4:30:00 AM,01PETRON_G01,N,N,N,3491.4825,3491.4825,2895.0947,3491.4825,3491.4825,
10/3/2024 4:30:00 AM,01PETSOL_G01,N,N,N,3696.4045,3696.4045,3045.7954,3696.4045,3696.4045,
10/3/2024 4:30:00 AM,01PETSOL_G02,N,N,N,3696.4045,3696.4045,3045.7954,3696.4045,3696.4045,
10/3/2024 4:30:00 AM,01PNTBNG_SS,N,N,N,3705.7022,3705.7022,3009.8552,3705.7022,3705.7022,
10/3/2024 4:30:00 AM,01PNTBNG_U01,N,N,N,3705.7022,3705.7022,3045.1954,3705.7022,3705.7022,
10/3/2024 4:30:00 AM,01PNTBNG_U02,N,N,N,3705.7022,3705.7022,3045.1954,3705.7022,3705.7022,
10/3/2024 4:30:00 AM,01RASLAG_G01,N,N,N,3693.4292,3693.4292,3045.0410,3693.4292,3693.4292,
10/3/2024 4:30:00 AM,01RASLAG_G02,N,N,N,3693.4292,3693.4292,3045.0410,3693.4292,3693.4292,
10/3/2024 4:30:00 AM,01RASLAG_G03,N,N,N,3693.4292,3693.4292,3119.7466,3693.4292,3693.4292,
10/3/2024 4:30:00 AM,01SABANG_G01,N,N,N,3664.4203,3664.4203,3081.1228,3664.4203,3664.4203,
10/3/2024 4:30:00 AM,01SANMIGSOL_G01,N,N,N,3717.2314,3717.2314,3061.7127,3717.2314,3717.2314,
10/3/2024 4:30:00 AM,01SE_ABRECO,N,N,N,3682.6438,3682.6438,3009.8552,3682.6438,3682.6438,
10/3/2024 4:30:00 AM,01SHIZEN_G01,N,N,N,3621.6507,3621.6507,3339.2578,3621.6507,3621.6507,
10/3/2024 4:30:00 AM,01SHIZEN_L01,N,N,N,3621.6507,3621.6507,3009.8552,3621.6507,3621.6507,
10/3/2024 4:30:00 AM,01SLANGN_G01,N,N,N,3664.4203,3664.4203,2998.8618,3664.4203,3664.4203,
10/3/2024 4:30:00 AM,01SMBELL_G01,N,N,N,3738.8021,3738.8021,3019.7236,3738.8021,3738.8021,
10/3/2024 4:30:00 AM,01SMC_G01,N,N,N,3482.9286,3482.9286,2928.4494,3482.9286,3482.9286,
10/3/2024 4:30:00 AM,01SMC_G02,N,N,N,3482.9286,3482.9286,2931.3883,3482.9286,3482.9286,
10/3/2024 4:30:00 AM,01SMC_G03,N,N,N,3719.0909,3719.0909,2564.3701,3719.0909,3719.0909,
10/3/2024 4:30:00 AM,01SMC_G04,N,N,N,3467.6804,3467.6804,2917.4079,3467.6804,3467.6804,
10/3/2024 4:30:00 AM,01SMC_SS,N,N,N,3482.9286,3482.9286,3009.8552,3482.9286,3482.9286,
10/3/2024 4:30:00 AM,01SMC_SS2,N,N,N,3482.9286,3482.9286,3009.8552,3482.9286,3482.9286,
10/3/2024 4:30:00 AM,01SMC_SS3,N,N,N,3719.0909,3719.0909,3009.8552,3719.0909,3719.0909,
10/3/2024 4:30:00 AM,01SMC_SS4,N,N,N,3467.6804,3467.6804,3009.8552,3467.6804,3467.6804,
10/3/2024 4:30:00 AM,01SNEST_SS,N,N,N,3678.9247,3678.9247,3009.8552,3678.9247,3678.9247,
10/3/2024 4:30:00 AM,01SNEST_T3L1,N,N,N,3685.9910,3685.9910,3009.8552,3685.9910,3685.9910,
10/3/2024 4:30:00 AM,01SNEST_T3L2,N,N,N,3685.9910,3685.9910,3009.8552,3685.9910,3685.9910,
10/3/2024 4:30:00 AM,01SNJOSE_L01,N,N,N,3693.0573,3693.0573,3009.8552,3693.0573,3693.0573,
10/3/2024 4:30:00 AM,01SNJOSE_SS,N,N,N,3685.2472,3685.2472,3009.8552,3685.2472,3685.2472,
10/3/2024 4:30:00 AM,01SNJOS_CAM,N,N,N,3693.0573,3693.0573,3009.8552,3693.0573,3693.0573,
10/3/2024 4:30:00 AM,01SNJOS_T1L1,N,N,N,3691.1977,3691.1977,3009.8552,3691.1977,3691.1977,
10/3/2024 4:30:00 AM,01SNJOS_T1L2,N,N,N,3725.4134,3725.4134,3009.8552,3725.4134,3725.4134,
10/3/2024 4:30:00 AM,01SNJOS_T1L3,N,N,N,3692.6854,3692.6854,3009.8552,3692.6854,3692.6854,
10/3/2024 4:30:00 AM,01SNMAN_BAT,N,N,N,3670.3708,3670.3708,3298.2983,3670.3708,3670.3708,
10/3/2024 4:30:00 AM,01SNMAN_LYO,N,N,N,3670.3708,3670.3708,3009.8552,3670.3708,3670.3708,
10/3/2024 4:30:00 AM,01SNMAN_SS,N,N,N,3654.7506,3654.7506,3009.8552,3654.7506,3654.7506,
10/3/2024 4:30:00 AM,01SNMAN_T1L2,N,N,N,3670.3708,3670.3708,3009.8552,3670.3708,3670.3708,
10/3/2024 4:30:00 AM,01SNMARSOL_G01,N,N,N,3570.3273,3570.3273,2959.1185,3570.3273,3570.3273,
10/3/2024 4:30:00 AM,01SNMAR_SS,N,N,N,3570.3273,3570.3273,3009.8552,3570.3273,3570.3273,
10/3/2024 4:30:00 AM,01SNM_PNELC3,N,N,N,3670.3708,3670.3708,3009.8552,3670.3708,3670.3708,
10/3/2024 4:30:00 AM,01SNTGO_SS,N,N,N,3796.0761,3796.0761,3009.8552,3796.0761,3796.0761,
10/3/2024 4:30:00 AM,01SNTGO_T1L1,N,N,N,3796.4480,3796.4480,3009.8552,3796.4480,3796.4480,
10/3/2024 4:30:00 AM,01SNTGO_T1L2,N,N,N,3796.4480,3796.4480,3009.8552,3796.4480,3796.4480,
10/3/2024 4:30:00 AM,01SNTGO_T1L3,N,N,N,3796.4480,3796.4480,3009.8552,3796.4480,3796.4480,
10/3/2024 4:30:00 AM,01SNTGO_T2L1,N,N,N,3796.4480,3796.4480,3009.8552,3796.4480,3796.4480,
10/3/2024 4:30:00 AM,01SNTGO_T2L2,N,N,N,3796.4480,3796.4480,3009.8552,3796.4480,3796.4480,
10/3/2024 4:30:00 AM,01SPABUL_G01,N,N,N,3717.2314,3717.2314,3061.7127,3717.2314,3717.2314,
10/3/2024 4:30:00 AM,01SROQUE_SS,N,N,N,3654.3787,3654.3787,3009.8552,3654.3787,3654.3787,
10/3/2024 4:30:00 AM,01SROQUE_U01,N,N,N,3654.3787,3654.3787,2997.5279,3654.3787,3654.3787,
10/3/2024 4:30:00 AM,01SROQUE_U02,N,N,N,3654.3787,3654.3787,2997.5279,3654.3787,3654.3787,
10/3/2024 4:30:00 AM,01SROQUE_U03,N,N,N,3654.3787,3654.3787,2997.5279,3654.3787,3654.3787,
10/3/2024 4:30:00 AM,01SUAL_G01,N,N,N,3595.6171,3595.6171,2954.8339,3595.6171,3595.6171,
10/3/2024 4:30:00 AM,01SUAL_G02,N,N,N,3600.08,3600.08,2959.9894,3600.08,3600.08,
10/3/2024 4:30:00 AM,01SUAL_T3L1,N,N,N,3601.1957,3601.1957,3009.8552,3601.1957,3601.1957,
10/3/2024 4:30:00 AM,01SUBIC_T3L1,N,N,N,3579.2531,3579.2531,3009.8552,3579.2531,3579.2531,
10/3/2024 4:30:00 AM,01SUBIC_T3L2,N,N,N,3579.2531,3579.2531,3009.8552,3579.2531,3579.2531,
10/3/2024 4:30:00 AM,01SUBSOL_G01,N,N,N,3579.2531,3579.2531,2965.2475,3579.2531,3579.2531,
10/3/2024 4:30:00 AM,01SUPSOL_G01,N,N,N,3579.2531,3579.2531,2965.2475,3579.2531,3579.2531,
10/3/2024 4:30:00 AM,01S_ENRO_G01,N,N,N,3579.2531,3579.2531,2965.2475,3579.2531,3579.2531,
10/3/2024 4:30:00 AM,01S_ENRO_SS,N,N,N,3579.2531,3579.2531,3009.8552,3579.2531,3579.2531,
10/3/2024 4:30:00 AM,01TERASU_G01,N,N,N,3696.4045,3696.4045,3045.8885,3696.4045,3696.4045,
10/3/2024 4:30:00 AM,01TGEGA_SS,N,N,N,3876.7804,3876.7804,3009.8552,3876.7804,3876.7804,
10/3/2024 4:30:00 AM,01TGEGA_T1L1,N,N,N,3880.1275,3880.1275,3009.8552,3880.1275,3880.1275,
10/3/2024 4:30:00 AM,01TG_CGELCO1,N,N,N,3880.1275,3880.1275,3009.8552,3880.1275,3880.1275,
10/3/2024 4:30:00 AM,01TG_CGELCO2,N,N,N,3880.1275,3880.1275,3009.8552,3880.1275,3880.1275,
10/3/2024 4:30:00 AM,01TG_ISELCO2,N,N,N,3880.1275,3880.1275,3009.8552,3880.1275,3880.1275,
10/3/2024 4:30:00 AM,01TPCBUNK_G01,N,N,N,3696.4045,3696.4045,3045.8885,3696.4045,3696.4045,
10/3/2024 4:30:00 AM,01TRASU_L01,N,N,N,3696.4045,3696.4045,3009.8552,3696.4045,3696.4045,
10/3/2024 4:30:00 AM,01TRUSTBIO_G01,N,N,N,3693.4292,3693.4292,3045.0410,3693.4292,3693.4292,
10/3/2024 4:30:00 AM,01TRUSTSOL_G01,N,N,N,3693.4292,3693.4292,3045.0410,3693.4292,3693.4292,
10/3/2024 4:30:00 AM,01T_ASIA_G01,N,N,N,3691.9415,3691.9415,3042.1661,3691.9415,3691.9415,
10/3/2024 4:30:00 AM,01T_ASI_T3L1,N,N,N,3691.9415,3691.9415,3009.8552,3691.9415,3691.9415,
10/3/2024 4:30:00 AM,01UPPC_G01,N,N,N,3693.4292,3693.4292,3045.0410,3693.4292,3693.4292,
10/3/2024 4:30:00 AM,01VSGRIP_G01,N,N,N,3743.2650,3743.2650,3150.6321,3743.2650,3743.2650,
10/3/2024 4:30:00 AM,01YHGRN_G01,N,N,N,3572.9306,3572.9306,2960.6561,3572.9306,3572.9306,
10/3/2024 4:30:00 AM,01ZAMSOL_G01,N,N,N,3621.6507,3621.6507,3361.0288,3621.6507,3621.6507,
10/3/2024 4:30:00 AM,02ARANE_T1L1,N,N,N,3747.7279,3747.7279,3009.8552,3747.7279,3747.7279,
10/3/2024 4:30:00 AM,02BALNT_T1L1,N,N,N,3725.4134,3725.4134,3009.8552,3725.4134,3725.4134,
10/3/2024 4:30:00 AM,02DOLOR_T1L1,N,N,N,3751.8189,3751.8189,3009.8552,3751.8189,3751.8189,
10/3/2024 4:30:00 AM,02ECOPRK_G01,N,N,N,3725.4134,3725.4134,3067.6207,3725.4134,3725.4134,
10/3/2024 4:30:00 AM,02ECOTAGA_G01,N,N,N,3725.4134,3725.4134,3067.6207,3725.4134,3725.4134,
10/3/2024 4:30:00 AM,02MMPP_G01,N,N,N,3725.4134,3725.4134,3067.6207,3725.4134,3725.4134,
10/3/2024 4:30:00 AM,02PACO_T1L1,N,N,N,3752.5627,3752.5627,3009.8552,3752.5627,3752.5627,
10/3/2024 4:30:00 AM,02PNGEA_G01,N,N,N,3725.4134,3725.4134,3063.7874,3725.4134,3725.4134,
10/3/2024 4:30:00 AM,02PNGYSOL_G01,N,N,N,3751.8189,3751.8189,3082.0201,3751.8189,3751.8189,
10/3/2024 4:30:00 AM,02SMNRTH_G01,N,N,N,3725.4134,3725.4134,3067.6207,3725.4134,3725.4134,
10/3/2024 4:30:00 AM,02SUCAT_T1L1,N,N,N,3719.0909,3719.0909,3009.8552,3719.0909,3719.0909,
10/3/2024 4:30:00 AM,02TMOBIL_G01,N,N,N,3725.4134,3725.4134,3067.6207,3725.4134,3725.4134,
10/3/2024 4:30:00 AM,02TMOBIL_G02,N,N,N,3725.4134,3725.4134,3067.6207,3725.4134,3725.4134,
10/3/2024 4:30:00 AM,02TMOBIL_G03,N,N,N,3725.4134,3725.4134,3067.6207,3725.4134,3725.4134,
10/3/2024 4:30:00 AM,02TMOBIL_G04,N,N,N,3725.4134,3725.4134,3067.6207,3725.4134,3725.4134,
10/3/2024 4:30:00 AM,02VALSOL_G01,N,N,N,3725.4134,3725.4134,3067.6207,3725.4134,3725.4134,
10/3/2024 4:30:00 AM,02ZAPOT_SS,N,N,N,3695.6606,3695.6606,3009.8552,3695.6606,3695.6606,
10/3/2024 4:30:00 AM,02ZAPOT_T1L1,N,N,N,3701.2393,3701.2393,3009.8552,3701.2393,3701.2393,
10/3/2024 4:30:00 AM,03ADISOL_G01,N,N,N,3557.6824,3557.6824,2972.0415,3557.6824,3557.6824,
10/3/2024 4:30:00 AM,03ALMNOS_BAT1,N,N,N,3719.8347,3719.8347,3069.1805,3719.8347,3719.8347,
10/3/2024 4:30:00 AM,03ALMNOS_BAT2,N,N,N,3719.8347,3719.8347,3069.1805,3719.8347,3719.8347,
10/3/2024 4:30:00 AM,03AMADEO_T1L1,N,N,N,3649.1720,3649.1720,3009.8552,3649.1720,3649.1720,
10/3/2024 4:30:00 AM,03AVION_SS,N,N,N,3705.7022,3705.7022,3009.8552,3705.7022,3705.7022,
10/3/2024 4:30:00 AM,03AVION_U01,N,N,N,3705.3303,3705.3303,3075.7616,3705.3303,3705.3303,
10/3/2024 4:30:00 AM,03AVION_U02,N,N,N,3705.3303,3705.3303,3008.4382,3705.3303,3705.3303,
10/3/2024 4:30:00 AM,03AWOC_G01,N,N,N,3751.8189,3751.8189,2774.3977,3751.8189,3751.8189,
10/3/2024 4:30:00 AM,03BACMAN_SS,N,N,N,3402.5963,3402.5963,3009.8552,3402.5963,3402.5963,
10/3/2024 4:30:00 AM,03BACMAN_U01,N,N,N,3386.6042,3386.6042,2843.6019,3386.6042,3386.6042,
10/3/2024 4:30:00 AM,03BACMAN_U02,N,N,N,3386.6042,3386.6042,2843.8334,3386.6042,3386.6042,
10/3/2024 4:30:00 AM,03BACMAN_U03,N,N,N,3401.1086,3401.1086,2854.8072,3401.1086,3401.1086,
10/3/2024 4:30:00 AM,03BALUG_G01,N,N,N,3769.6705,3769.6705,3104.5707,3769.6705,3769.6705,
10/3/2024 4:30:00 AM,03BART_G01,N,N,N,3492.5983,3492.5983,2915.3476,3492.5983,3492.5983,
10/3/2024 4:30:00 AM,03BATAN_SS,N,N,N,3712.0246,3712.0246,3009.8552,3712.0246,3712.0246,
10/3/2024 4:30:00 AM,03BATAN_T1L2,N,N,N,3715.3718,3715.3718,3009.8552,3715.3718,3715.3718,
10/3/2024 4:30:00 AM,03BATAN_T2L2,N,N,N,3714.2561,3714.2561,3009.8552,3714.2561,3714.2561,
10/3/2024 4:30:00 AM,03BAT_BTLEC2,N,N,N,3716.1156,3716.1156,3009.8552,3716.1156,3716.1156,
10/3/2024 4:30:00 AM,03BAT_LIP01,N,N,N,3716.1156,3716.1156,3009.8552,3716.1156,3716.1156,
10/3/2024 4:30:00 AM,03BAT_LIP02,N,N,N,3716.1156,3716.1156,3009.8552,3716.1156,3716.1156,
10/3/2024 4:30:00 AM,03BAT_MECO,N,N,N,3716.1156,3716.1156,3009.8552,3716.1156,3716.1156,
10/3/2024 4:30:00 AM,03BAT_MECO1,N,N,N,3716.1156,3716.1156,3009.8552,3716.1156,3716.1156,
10/3/2024 4:30:00 AM,03BAT_MECO2,N,N,N,3716.1156,3716.1156,3009.8552,3716.1156,3716.1156,
10/3/2024 4:30:00 AM,03BAT_ROS01,N,N,N,3716.1156,3716.1156,3009.8552,3716.1156,3716.1156,
10/3/2024 4:30:00 AM,03BAT_T1L1,N,N,N,3715.3718,3715.3718,3009.8552,3715.3718,3715.3718,
10/3/2024 4:30:00 AM,03BAT_T2L1,N,N,N,3714.2561,3714.2561,3009.8552,3714.2561,3714.2561,
10/3/2024 4:30:00 AM,03BBEC_G01,N,N,N,3492.5983,3492.5983,2914.1413,3492.5983,3492.5983,
10/3/2024 4:30:00 AM,03BINAN_SS,N,N,N,3697.1483,3697.1483,3009.8552,3697.1483,3697.1483,
10/3/2024 4:30:00 AM,03BINAN_T1L1,N,N,N,3702.3550,3702.3550,3009.8552,3702.3550,3702.3550,
10/3/2024 4:30:00 AM,03BOTOCA_G01,N,N,N,3769.6705,3769.6705,2445.4436,3769.6705,3769.6705,
10/3/2024 4:30:00 AM,03BOTOCA_L01,N,N,N,3769.6705,3769.6705,3009.8552,3769.6705,3769.6705,
10/3/2024 4:30:00 AM,03BOTOCA_SS,N,N,N,3769.6705,3769.6705,3009.8552,3769.6705,3769.6705,
10/3/2024 4:30:00 AM,03CADPI_G01,N,N,N,3557.6824,3557.6824,2972.0415,3557.6824,3557.6824,
10/3/2024 4:30:00 AM,03CALACA_G01,N,N,N,3545.4094,3545.4094,2788.8002,3545.4094,3545.4094,
10/3/2024 4:30:00 AM,03CALACA_G02,N,N,N,3554.3352,3554.3352,2805.7604,3554.3352,3554.3352,
10/3/2024 4:30:00 AM,03CALAMBA_L01,N,N,N,3717.9752,3717.9752,3009.8552,3717.9752,3717.9752,
10/3/2024 4:30:00 AM,03CALAMBA_SS,N,N,N,3711.6527,3711.6527,3009.8552,3711.6527,3711.6527,
10/3/2024 4:30:00 AM,03CALAU_SS,N,N,N,3774.1335,3774.1335,3009.8552,3774.1335,3774.1335,
10/3/2024 4:30:00 AM,03CALAU_T1L1,N,N,N,3779.3402,3779.3402,3009.8552,3779.3402,3779.3402,
10/3/2024 4:30:00 AM,03CALIRY_G01,N,N,N,3769.6705,3769.6705,3101.4411,3769.6705,3769.6705,
10/3/2024 4:30:00 AM,03CALIRY_SS,N,N,N,3769.6705,3769.6705,3009.8552,3769.6705,3769.6705,
10/3/2024 4:30:00 AM,03CALIRY_SS1,N,N,N,3769.6705,3769.6705,3009.8552,3769.6705,3769.6705,
10/3/2024 4:30:00 AM,03CALIR_TAL1,N,N,N,3769.6705,3769.6705,3009.8552,3769.6705,3769.6705,
10/3/2024 4:30:00 AM,03CALI_FLECO,N,N,N,3769.6705,3769.6705,3009.8552,3769.6705,3769.6705,
10/3/2024 4:30:00 AM,03CALSOL_G01,N,N,N,3557.6824,3557.6824,2972.0415,3557.6824,3557.6824,
10/3/2024 4:30:00 AM,03CLABSOL_G01,N,N,N,3492.9702,3492.9702,2915.5184,3492.9702,3492.9702,
10/3/2024 4:30:00 AM,03CLACA_SS,N,N,N,3618.3035,3618.3035,3009.8552,3618.3035,3618.3035,
10/3/2024 4:30:00 AM,03CLA_BCNOT,N,N,N,3537.5993,3537.5993,3009.8552,3537.5993,3537.5993,
10/3/2024 4:30:00 AM,03CLA_BTLEC1,N,N,N,3557.6824,3557.6824,3009.8552,3557.6824,3557.6824,
10/3/2024 4:30:00 AM,03CLA_STLCOR,N,N,N,3557.6824,3557.6824,3009.8552,3557.6824,3557.6824,
10/3/2024 4:30:00 AM,03CLA_T1L1,N,N,N,3557.6824,3557.6824,3009.8552,3557.6824,3557.6824,
10/3/2024 4:30:00 AM,03CLBATO_G01,N,N,N,3779.3402,3779.3402,3106,3779.3402,3779.3402,
10/3/2024 4:30:00 AM,03COLASI_G01,N,N,N,3606.0305,3606.0305,2991.8025,3606.0305,3606.0305,
10/3/2024 4:30:00 AM,03DARAG_SS,N,N,N,3442.3905,3442.3905,3009.8552,3442.3905,3442.3905,
10/3/2024 4:30:00 AM,03DARAG_T1L1,N,N,N,3719.0909,3719.0909,3009.8552,3719.0909,3719.0909,
10/3/2024 4:30:00 AM,03DAR_ALECO,N,N,N,3446.4815,3446.4815,3009.8552,3446.4815,3446.4815,
10/3/2024 4:30:00 AM,03DAR_SRECO2,N,N,N,3449.0849,3449.0849,3009.8552,3449.0849,3449.0849,
10/3/2024 4:30:00 AM,03DAR_STDOM,N,N,N,3446.4815,3446.4815,3009.8552,3446.4815,3446.4815,
10/3/2024 4:30:00 AM,03DASMA_L01,N,N,N,3675.5775,3675.5775,3009.8552,3675.5775,3675.5775,
10/3/2024 4:30:00 AM,03DASMA_SS,N,N,N,3662.5607,3662.5607,3009.8552,3662.5607,3662.5607,
10/3/2024 4:30:00 AM,03EERI_G01,N,N,N,3593.3856,3593.3856,2976.3255,3593.3856,3593.3856,
10/3/2024 4:30:00 AM,03EERI_G02,N,N,N,3593.3856,3593.3856,2976.3255,3593.3856,3593.3856,
10/3/2024 4:30:00 AM,03EERI_G03,N,N,N,3593.3856,3593.3856,2976.3255,3593.3856,3593.3856,
10/3/2024 4:30:00 AM,03EERI_L01,N,N,N,3593.3856,3593.3856,3009.8552,3593.3856,3593.3856,
10/3/2024 4:30:00 AM,03EERI_SS,N,N,N,3593.3856,3593.3856,3009.8552,3593.3856,3593.3856,
10/3/2024 4:30:00 AM,03GUMAC_SS,N,N,N,3688.2225,3688.2225,3009.8552,3688.2225,3688.2225,
10/3/2024 4:30:00 AM,03GUMAC_T1L1,N,N,N,3691.5696,3691.5696,3009.8552,3691.5696,3691.5696,
10/3/2024 4:30:00 AM,03GUMAC_T1L2,N,N,N,3691.5696,3691.5696,3009.8552,3691.5696,3691.5696,
10/3/2024 4:30:00 AM,03GUMAC_T1L3,N,N,N,3691.5696,3691.5696,3009.8552,3691.5696,3691.5696,
10/3/2024 4:30:00 AM,03GUMAC_T1L4,N,N,N,3691.5696,3691.5696,3009.8552,3691.5696,3691.5696,
10/3/2024 4:30:00 AM,03ILI500_SS,N,N,N,3593.3856,3593.3856,3009.8552,3593.3856,3593.3856,
10/3/2024 4:30:00 AM,03ILIJAN_G01,N,N,N,3592.6418,3592.6418,2886.4617,3592.6418,3592.6418,
10/3/2024 4:30:00 AM,03ILIJAN_G02,N,N,N,3591.8980,3591.8980,3063.7330,3591.8980,3591.8980,
10/3/2024 4:30:00 AM,03ILIJAN_SS,N,N,N,3592.6418,3592.6418,3009.8552,3592.6418,3592.6418,
10/3/2024 4:30:00 AM,03ILIJAN_SS2,N,N,N,3591.8980,3591.8980,3009.8552,3591.8980,3591.8980,
10/3/2024 4:30:00 AM,03INARI_G01,N,N,N,3492.9702,3492.9702,3101.2572,3492.9702,3492.9702,
10/3/2024 4:30:00 AM,03INGRID_GS1,N,N,N,3750.3313,3750.3313,3111.0546,3750.3313,3750.3313,
10/3/2024 4:30:00 AM,03INGRID_GS2,N,N,N,3750.3313,3750.3313,3205.0269,3750.3313,3750.3313,
10/3/2024 4:30:00 AM,03INGRID_GS3,N,N,N,3750.3313,3750.3313,3087.0596,3750.3313,3750.3313,
10/3/2024 4:30:00 AM,03INGRID_GS4,N,N,N,3750.3313,3750.3313,3088.4162,3750.3313,3750.3313,
10/3/2024 4:30:00 AM,03INGRID_GS5,N,N,N,3750.3313,3750.3313,3392.5729,3750.3313,3750.3313,
10/3/2024 4:30:00 AM,03INGRID_GS6,N,N,N,3750.3313,3750.3313,3222.1541,3750.3313,3750.3313,
10/3/2024 4:30:00 AM,03KAL_E_T1L1,N,N,N,3758.1414,3758.1414,3009.8552,3758.1414,3758.1414,
10/3/2024 4:30:00 AM,03KAL_G01,N,N,N,3758.5133,3758.5133,3094.9683,3758.5133,3758.5133,
10/3/2024 4:30:00 AM,03KAL_G02,N,N,N,3765.9515,3765.9515,3009.8552,3765.9515,3765.9515,
10/3/2024 4:30:00 AM,03KAL_G03,N,N,N,3765.5795,3765.5795,3009.8552,3765.5795,3765.5795,
10/3/2024 4:30:00 AM,03KAL_G04,N,N,N,3765.9515,3765.9515,3009.8552,3765.9515,3765.9515,
10/3/2024 4:30:00 AM,03KAL_SS,N,N,N,3758.5133,3758.5133,3009.8552,3758.5133,3758.5133,
10/3/2024 4:30:00 AM,03LABO_SS,N,N,N,3601.1957,3601.1957,3009.8552,3601.1957,3601.1957,
10/3/2024 4:30:00 AM,03LABO_T1L1,N,N,N,3606.0305,3606.0305,3009.8552,3606.0305,3606.0305,
10/3/2024 4:30:00 AM,03LABO_T1L2,N,N,N,3603.7991,3603.7991,3009.8552,3603.7991,3603.7991,
10/3/2024 4:30:00 AM,03LMHP_G01,N,N,N,3535.3678,3535.3678,2931.5556,3535.3678,3535.3678,
10/3/2024 4:30:00 AM,03LUMBAN_BAT,N,N,N,3758.1414,3758.1414,2444.9583,3758.1414,3758.1414,
10/3/2024 4:30:00 AM,03LUMBAN_BATL,N,N,N,3758.1414,3758.1414,3009.8552,3758.1414,3758.1414,
10/3/2024 4:30:00 AM,03LUMBAN_SS,N,N,N,3756.6537,3756.6537,3009.8552,3756.6537,3756.6537,
10/3/2024 4:30:00 AM,03LWERLAB_G01,N,N,N,3750.7032,3750.7032,3062.2693,3750.7032,3750.7032,
10/3/2024 4:30:00 AM,03MAJAY_G01,N,N,N,3769.6705,3769.6705,3189.0032,3769.6705,3769.6705,
10/3/2024 4:30:00 AM,03MAKBA_T3L1,N,N,N,3719.8347,3719.8347,3009.8552,3719.8347,3719.8347,
10/3/2024 4:30:00 AM,03MAKBA_T3L2,N,N,N,3719.0909,3719.0909,3009.8552,3719.0909,3719.0909,
10/3/2024 4:30:00 AM,03MALAYA_G01,N,N,N,3750.3313,3750.3313,3085.7094,3750.3313,3750.3313,
10/3/2024 4:30:00 AM,03MALAYA_G02,N,N,N,3719.0909,3719.0909,3046.9092,3719.0909,3719.0909,
10/3/2024 4:30:00 AM,03MARAGSOL_G01,N,N,N,3675.5775,3675.5775,2936.2066,3675.5775,3675.5775,
10/3/2024 4:30:00 AM,03MARAG_L01,N,N,N,3675.5775,3675.5775,3009.8552,3675.5775,3675.5775,
10/3/2024 4:30:00 AM,03MEC_G01,N,N,N,3675.5775,3675.5775,3040.3765,3675.5775,3675.5775,
10/3/2024 4:30:00 AM,03MGI_G02,N,N,N,3779.3402,3779.3402,3110.7554,3779.3402,3779.3402,
10/3/2024 4:30:00 AM,03MGPP_G01,N,N,N,3779.3402,3779.3402,3108.0450,3779.3402,3779.3402,
10/3/2024 4:30:00 AM,03MKBNA_SS,N,N,N,3719.0909,3719.0909,3009.8552,3719.0909,3719.0909,
10/3/2024 4:30:00 AM,03MKBNB_SS,N,N,N,3717.9752,3717.9752,3009.8552,3717.9752,3717.9752,
10/3/2024 4:30:00 AM,03MKBNC_SS,N,N,N,3719.0909,3719.0909,3009.8552,3719.0909,3719.0909,
10/3/2024 4:30:00 AM,03MKBND_SS,N,N,N,3717.6033,3717.6033,3009.8552,3717.6033,3717.6033,
10/3/2024 4:30:00 AM,03MKBNE_SS,N,N,N,3719.8347,3719.8347,3009.8552,3719.8347,3719.8347,
10/3/2024 4:30:00 AM,03MKBN_A,N,N,N,3697.8921,3697.8921,3043.7310,3697.8921,3697.8921,
10/3/2024 4:30:00 AM,03MKBN_B,N,N,N,3712.7685,3712.7685,3075.7496,3712.7685,3712.7685,
10/3/2024 4:30:00 AM,03MKBN_C,N,N,N,3719.0909,3719.0909,3046.9092,3719.0909,3719.0909,
10/3/2024 4:30:00 AM,03MKBN_D,N,N,N,3713.8842,3713.8842,3082.4681,3713.8842,3713.8842,
10/3/2024 4:30:00 AM,03MKBN_E,N,N,N,3719.8347,3719.8347,3076.3410,3719.8347,3719.8347,
10/3/2024 4:30:00 AM,03MKBN_SLACE,N,N,N,3719.8347,3719.8347,3009.8552,3719.8347,3719.8347,
10/3/2024 4:30:00 AM,03MLAYA_L01,N,N,N,3750.3313,3750.3313,3009.8552,3750.3313,3750.3313,
10/3/2024 4:30:00 AM,03MLAYA_SS,N,N,N,3750.3313,3750.3313,3009.8552,3750.3313,3750.3313,
10/3/2024 4:30:00 AM,03MLAYA_SS1,N,N,N,3750.3313,3750.3313,3009.8552,3750.3313,3750.3313,
10/3/2024 4:30:00 AM,03MLAYA_T2L1,N,N,N,3750.3313,3750.3313,3009.8552,3750.3313,3750.3313,
10/3/2024 4:30:00 AM,03MLAYA_T2L2,N,N,N,3719.0909,3719.0909,3009.8552,3719.0909,3719.0909,
10/3/2024 4:30:00 AM,03NAG_CSRC2B,N,N,N,3492.9702,3492.9702,3009.8552,3492.9702,3492.9702,
10/3/2024 4:30:00 AM,03NAG_CSRCO1,N,N,N,3492.9702,3492.9702,3009.8552,3492.9702,3492.9702,
10/3/2024 4:30:00 AM,03NAG_CSRCO2,N,N,N,3492.9702,3492.9702,3009.8552,3492.9702,3492.9702,
10/3/2024 4:30:00 AM,03NAG_CSRCO3,N,N,N,3492.5983,3492.5983,3009.8552,3492.5983,3492.5983,
10/3/2024 4:30:00 AM,03NAG_CSRCO4,N,N,N,3492.5983,3492.5983,3009.8552,3492.5983,3492.5983,
10/3/2024 4:30:00 AM,03NAG_SS,N,N,N,3492.2264,3492.2264,3009.8552,3492.2264,3492.2264,
10/3/2024 4:30:00 AM,03ORMAT_G01,N,N,N,3719.8347,3719.8347,3067.9003,3719.8347,3719.8347,
10/3/2024 4:30:00 AM,03ORMAT_SS,N,N,N,3719.8347,3719.8347,3009.8552,3719.8347,3719.8347,
10/3/2024 4:30:00 AM,03PAGBIL_G01,N,N,N,3572.9306,3572.9306,3208.9043,3572.9306,3572.9306,
10/3/2024 4:30:00 AM,03PAGBIL_G02,N,N,N,3719.0909,3719.0909,3146.6192,3719.0909,3719.0909,
10/3/2024 4:30:00 AM,03PAGBIL_G03,N,N,N,3572.1868,3572.1868,3033.2231,3572.1868,3572.1868,
10/3/2024 4:30:00 AM,03PAGEHV_SS,N,N,N,3590.4104,3590.4104,3009.8552,3590.4104,3590.4104,
10/3/2024 4:30:00 AM,03PALAK_G01,N,N,N,3779.3402,3779.3402,3112.2350,3779.3402,3779.3402,
10/3/2024 4:30:00 AM,03PALAYAN_G01,N,N,N,3396.6457,3396.6457,2944.2585,3396.6457,3396.6457,
10/3/2024 4:30:00 AM,03PGBIL_SS,N,N,N,3573.6745,3573.6745,3009.8552,3573.6745,3573.6745,
10/3/2024 4:30:00 AM,03PGBIL_SS1,N,N,N,3573.6745,3573.6745,3009.8552,3573.6745,3573.6745,
10/3/2024 4:30:00 AM,03PGBIL_SS2,N,N,N,3573.6745,3573.6745,3009.8552,3573.6745,3573.6745,
10/3/2024 4:30:00 AM,03QPPL_G01,N,N,N,3535.3678,3535.3678,2940.2471,3535.3678,3535.3678,
10/3/2024 4:30:00 AM,03QPPL_SU1,N,N,N,3535.3678,3535.3678,3009.8552,3535.3678,3535.3678,
10/3/2024 4:30:00 AM,03QPPL_T5L1,N,N,N,3535.3678,3535.3678,3009.8552,3535.3678,3535.3678,
10/3/2024 4:30:00 AM,03RCBMI_G01,N,N,N,3714.2561,3714.2561,3062.0145,3714.2561,3714.2561,
10/3/2024 4:30:00 AM,03RCBMI_G02,N,N,N,3714.2561,3714.2561,3062.0145,3714.2561,3714.2561,
10/3/2024 4:30:00 AM,03SBPL_G01,N,N,N,3535.3678,3535.3678,2818.6820,3535.3678,3535.3678,
10/3/2024 4:30:00 AM,03SBPL_L01,N,N,N,3535.3678,3535.3678,3009.8552,3535.3678,3535.3678,
10/3/2024 4:30:00 AM,03SLPGC_G01,N,N,N,3536.1116,3536.1116,2957.8026,3536.1116,3536.1116,
10/3/2024 4:30:00 AM,03SLPGC_G02,N,N,N,3536.4835,3536.4835,2954.8063,3536.4835,3536.4835,
10/3/2024 4:30:00 AM,03SLPGC_SS,N,N,N,3553.9633,3553.9633,3009.8552,3553.9633,3553.9633,
10/3/2024 4:30:00 AM,03SLTEC_G01,N,N,N,3536.1116,3536.1116,2841.7992,3536.1116,3536.1116,
10/3/2024 4:30:00 AM,03SLTEC_G02,N,N,N,3536.1116,3536.1116,2953.9543,3536.1116,3536.1116,
10/3/2024 4:30:00 AM,03SLTEC_SS,N,N,N,3537.5993,3537.5993,3009.8552,3537.5993,3537.5993,
10/3/2024 4:30:00 AM,03SNGAB_G01,N,N,N,3719.0909,3719.0909,3082.4440,3719.0909,3719.0909,
10/3/2024 4:30:00 AM,03SNGAB_S01,N,N,N,3706.4460,3706.4460,3009.8552,3706.4460,3706.4460,
10/3/2024 4:30:00 AM,03SOLACE_G01,N,N,N,3719.8347,3719.8347,3069.1805,3719.8347,3719.8347,
10/3/2024 4:30:00 AM,03STA-RI_G01,N,N,N,3519.0038,3519.0038,2942.9932,3519.0038,3519.0038,
10/3/2024 4:30:00 AM,03STA-RI_G02,N,N,N,3528.3015,3528.3015,2981.1050,3528.3015,3528.3015,
10/3/2024 4:30:00 AM,03STA-RI_G03,N,N,N,3719.0909,3719.0909,2605.6891,3719.0909,3719.0909,
10/3/2024 4:30:00 AM,03STA-RI_G04,N,N,N,3528.3015,3528.3015,2949.9040,3528.3015,3528.3015,
10/3/2024 4:30:00 AM,03STA-RI_G05,N,N,N,3704.9584,3704.9584,3055.9889,3704.9584,3704.9584,
10/3/2024 4:30:00 AM,03STA-RI_G06,N,N,N,3704.9584,3704.9584,3056.0272,3704.9584,3704.9584,
10/3/2024 4:30:00 AM,03STAR_SS1,N,N,N,3519.0038,3519.0038,3009.8552,3519.0038,3519.0038,
10/3/2024 4:30:00 AM,03STAR_SS2,N,N,N,3528.3015,3528.3015,3009.8552,3528.3015,3528.3015,
10/3/2024 4:30:00 AM,03STAR_SS3,N,N,N,3719.0909,3719.0909,3009.8552,3719.0909,3719.0909,
10/3/2024 4:30:00 AM,03STAR_SS4,N,N,N,3528.3015,3528.3015,3009.8552,3528.3015,3528.3015,
10/3/2024 4:30:00 AM,03STAR_SS5,N,N,N,3704.9584,3704.9584,3009.8552,3704.9584,3704.9584,
10/3/2024 4:30:00 AM,03STAR_SS6,N,N,N,3704.9584,3704.9584,3009.8552,3704.9584,3704.9584,
10/3/2024 4:30:00 AM,03STROS_T1L1,N,N,N,3699.0078,3699.0078,3009.8552,3699.0078,3699.0078,
10/3/2024 4:30:00 AM,03TANSOL_G01,N,N,N,3717.9752,3717.9752,2936.2066,3717.9752,3717.9752,
10/3/2024 4:30:00 AM,03TAYAB_SS,N,N,N,3594.8733,3594.8733,3009.8552,3594.8733,3594.8733,
10/3/2024 4:30:00 AM,03TAYAB_T1L1,N,N,N,3592.2699,3592.2699,3009.8552,3592.2699,3592.2699,
10/3/2024 4:30:00 AM,03TAYAB_T1L2,N,N,N,3592.2699,3592.2699,3009.8552,3592.2699,3592.2699,
10/3/2024 4:30:00 AM,03TGPP_G01,N,N,N,3469.5399,3469.5399,2890.4823,3469.5399,3469.5399,
10/3/2024 4:30:00 AM,03TGPP_L01,N,N,N,3469.5399,3469.5399,3009.8552,3469.5399,3469.5399,
10/3/2024 4:30:00 AM,03TIBAG_G01,N,N,N,3689.3382,3689.3382,2950.8144,3689.3382,3689.3382,
10/3/2024 4:30:00 AM,03TIWIA_SS,N,N,N,3719.0909,3719.0909,3009.8552,3719.0909,3719.0909,
10/3/2024 4:30:00 AM,03TIWIC_L01,N,N,N,3719.0909,3719.0909,3009.8552,3719.0909,3719.0909,
10/3/2024 4:30:00 AM,03TIWIC_SS,N,N,N,3471.0275,3471.0275,3009.8552,3471.0275,3471.0275,
10/3/2024 4:30:00 AM,03TIWI_A,N,N,N,3469.9118,3469.9118,2918.6568,3469.9118,3469.9118,
10/3/2024 4:30:00 AM,03TIWI_C,N,N,N,3469.5399,3469.5399,2909.0663,3469.5399,3469.5399,
10/3/2024 4:30:00 AM,03UPLAB_G01,N,N,N,3758.1414,3758.1414,3073.3177,3758.1414,3758.1414,
10/3/2024 4:30:00 AM,04BABAT_SS,N,N,N,3904.6735,3904.6735,3009.8552,3904.6735,3904.6735,
10/3/2024 4:30:00 AM,04BABAT_T1L1,N,N,N,3903.9297,3903.9297,3009.8552,3903.9297,3903.9297,
10/3/2024 4:30:00 AM,04BAGLI_T1L1,N,N,N,3907.2769,3907.2769,3009.8552,3907.2769,3907.2769,
10/3/2024 4:30:00 AM,04BAGLI_T1L2,N,N,N,3907.2769,3907.2769,3009.8552,3907.2769,3907.2769,
10/3/2024 4:30:00 AM,04BILGPP_G01,N,N,N,3797.1918,3797.1918,2859.4440,3797.1918,3797.1918,
10/3/2024 4:30:00 AM,04CLBYBNK_G01,N,N,N,3979.4273,3979.4273,3058.7224,3979.4273,3979.4273,
10/3/2024 4:30:00 AM,04CLBYOG_L02,N,N,N,3979.4273,3979.4273,3009.8552,3979.4273,3979.4273,
10/3/2024 4:30:00 AM,04CLBYOG_SS,N,N,N,3980.5430,3980.5430,3009.8552,3980.5430,3980.5430,
10/3/2024 4:30:00 AM,04IASMOD_G01,N,N,N,3817.6468,3817.6468,2939.6906,3817.6468,3817.6468,
10/3/2024 4:30:00 AM,04IASMOD_G02,N,N,N,3817.6468,3817.6468,2939.6906,3817.6468,3817.6468,
10/3/2024 4:30:00 AM,04IASMOD_G03,N,N,N,3817.6468,3817.6468,2939.6906,3817.6468,3817.6468,
10/3/2024 4:30:00 AM,04IASMOD_G04,N,N,N,3817.6468,3817.6468,2939.6906,3817.6468,3817.6468,
10/3/2024 4:30:00 AM,04IASMOD_G05,N,N,N,3817.6468,3817.6468,2939.6906,3817.6468,3817.6468,
10/3/2024 4:30:00 AM,04IASMOD_G06,N,N,N,3817.6468,3817.6468,2939.6906,3817.6468,3817.6468,
10/3/2024 4:30:00 AM,04ISABE_SS,N,N,N,3817.6468,3817.6468,3009.8552,3817.6468,3817.6468,
10/3/2024 4:30:00 AM,04ISABE_T1L1,N,N,N,3817.6468,3817.6468,3009.8552,3817.6468,3817.6468,
10/3/2024 4:30:00 AM,04ISABE_T2L1,N,N,N,3817.6468,3817.6468,3009.8552,3817.6468,3817.6468,
10/3/2024 4:30:00 AM,04ISABE_T3L1,N,N,N,3817.6468,3817.6468,3009.8552,3817.6468,3817.6468,
10/3/2024 4:30:00 AM,04ISABE_T4L2,N,N,N,3817.6468,3817.6468,3009.8552,3817.6468,3817.6468,
10/3/2024 4:30:00 AM,04ISABE_T5L2,N,N,N,3817.6468,3817.6468,3009.8552,3817.6468,3817.6468,
10/3/2024 4:30:00 AM,04LEYTE_A,N,N,N,3790.4975,3790.4975,2944.4211,3790.4975,3790.4975,
10/3/2024 4:30:00 AM,04LEYTE_S01,N,N,N,3790.4975,3790.4975,3009.8552,3790.4975,3790.4975,
10/3/2024 4:30:00 AM,04LGPP_G01,N,N,N,3774.1335,3774.1335,2903.5643,3774.1335,3774.1335,
10/3/2024 4:30:00 AM,04MAASI_SS,N,N,N,3829.5479,3829.5479,3009.8552,3829.5479,3829.5479,
10/3/2024 4:30:00 AM,04MAASI_T1L1,N,N,N,3829.9198,3829.9198,3009.8552,3829.9198,3829.9198,
10/3/2024 4:30:00 AM,04MAASI_T2L2,N,N,N,3829.9198,3829.9198,3009.8552,3829.9198,3829.9198,
10/3/2024 4:30:00 AM,04ORMOC_BAT,N,N,N,3797.1918,3797.1918,2394.1319,3797.1918,3797.1918,
10/3/2024 4:30:00 AM,04ORMOC_SS,N,N,N,3793.8446,3793.8446,3009.8552,3793.8446,3793.8446,
10/3/2024 4:30:00 AM,04ORMOC_T2L1,N,N,N,3797.1918,3797.1918,3009.8552,3797.1918,3797.1918,
10/3/2024 4:30:00 AM,04ORMOC_T2L2,N,N,N,3797.1918,3797.1918,3009.8552,3797.1918,3797.1918,
10/3/2024 4:30:00 AM,04PARA_SS,N,N,N,3954.8813,3954.8813,3009.8552,3954.8813,3954.8813,
10/3/2024 4:30:00 AM,04PHSOL_G01,N,N,N,3797.1918,3797.1918,2922.1895,3797.1918,3797.1918,
10/3/2024 4:30:00 AM,04SEPSOL_G01,N,N,N,3797.1918,3797.1918,2922.1895,3797.1918,3797.1918,
10/3/2024 4:30:00 AM,04SNAGU_L01,N,N,N,3979.4273,3979.4273,3009.8552,3979.4273,3979.4273,
10/3/2024 4:30:00 AM,04STAR_SS,N,N,N,3907.2769,3907.2769,3009.8552,3907.2769,3907.2769,
10/3/2024 4:30:00 AM,04TABAN_SS,N,N,N,3783.0593,3783.0593,3009.8552,3783.0593,3783.0593,
10/3/2024 4:30:00 AM,04TABAN_T1L1,N,N,N,3719.0909,3719.0909,3009.8552,3719.0909,3719.0909,
10/3/2024 4:30:00 AM,04TAFT_G01,N,N,N,4027.0316,4027.0316,3099.9033,4027.0316,4027.0316,
10/3/2024 4:30:00 AM,04TONGO_T2L2,N,N,N,3774.8773,3774.8773,3009.8552,3774.8773,3774.8773,
10/3/2024 4:30:00 AM,04UTH_G01,N,N,N,4008.0643,4008.0643,3256.6810,4008.0643,4008.0643,
10/3/2024 4:30:00 AM,04WRIGH_T1L1,N,N,N,3953.7655,3953.7655,3009.8552,3953.7655,3953.7655,
10/3/2024 4:30:00 AM,04WRIGH_T2L2,N,N,N,4027.0316,4027.0316,3009.8552,4027.0316,4027.0316,
10/3/2024 4:30:00 AM,05BANIL_T1L1,N,N,N,3743.6369,3743.6369,3009.8552,3743.6369,3743.6369,
10/3/2024 4:30:00 AM,05BANIL_T1L2,N,N,N,3743.6369,3743.6369,3009.8552,3743.6369,3743.6369,
10/3/2024 4:30:00 AM,05BANIL_T1L3,N,N,N,3743.2650,3743.2650,3009.8552,3743.2650,3743.2650,
10/3/2024 4:30:00 AM,05CALUNG_CEP,N,N,N,3691.1977,3691.1977,3009.8552,3691.1977,3691.1977,
10/3/2024 4:30:00 AM,05CARMENDPP_U01,N,N,N,3701.6112,3701.6112,2889.3853,3701.6112,3701.6112,
10/3/2024 4:30:00 AM,05CARMENDPP_U02,N,N,N,3701.6112,3701.6112,2889.3853,3701.6112,3701.6112,
10/3/2024 4:30:00 AM,05CARMENDPP_U03,N,N,N,3701.6112,3701.6112,2889.3853,3701.6112,3701.6112,
10/3/2024 4:30:00 AM,05CARMENDPP_U04,N,N,N,3701.6112,3701.6112,2889.3853,3701.6112,3701.6112,
10/3/2024 4:30:00 AM,05CDPPI_SS1,N,N,N,3719.0909,3719.0909,3009.8552,3719.0909,3719.0909,
10/3/2024 4:30:00 AM,05CDPPI_SS2,N,N,N,3719.0909,3719.0909,3009.8552,3719.0909,3719.0909,
10/3/2024 4:30:00 AM,05CEBU_SS,N,N,N,3730.9920,3730.9920,3009.8552,3730.9920,3730.9920,
10/3/2024 4:30:00 AM,05CEDC_SS,N,N,N,3685.9910,3685.9910,3009.8552,3685.9910,3685.9910,
10/3/2024 4:30:00 AM,05CEDC_U01,N,N,N,3685.6191,3685.6191,2881.0773,3685.6191,3685.6191,
10/3/2024 4:30:00 AM,05CEDC_U02,N,N,N,3685.6191,3685.6191,3092.3913,3685.6191,3685.6191,
10/3/2024 4:30:00 AM,05CEDC_U03,N,N,N,3685.6191,3685.6191,2881.4407,3685.6191,3685.6191,
10/3/2024 4:30:00 AM,05CEMEX_L01,N,N,N,3719.0909,3719.0909,3009.8552,3719.0909,3719.0909,
10/3/2024 4:30:00 AM,05COLON_L01,N,N,N,3719.4628,3719.4628,3009.8552,3719.4628,3719.4628,
10/3/2024 4:30:00 AM,05COMPS_SS,N,N,N,3758.5133,3758.5133,3009.8552,3758.5133,3758.5133,
10/3/2024 4:30:00 AM,05COMPS_T1L1,N,N,N,3757.7695,3757.7695,3009.8552,3757.7695,3757.7695,
10/3/2024 4:30:00 AM,05COMPS_T2L2,N,N,N,3757.7695,3757.7695,3009.8552,3757.7695,3757.7695,
10/3/2024 4:30:00 AM,05CPPC_U01,N,N,N,3739.9178,3739.9178,2913.2176,3739.9178,3739.9178,
10/3/2024 4:30:00 AM,05CPPC_U02,N,N,N,3739.9178,3739.9178,2913.2176,3739.9178,3739.9178,
10/3/2024 4:30:00 AM,05CPPC_U03,N,N,N,3739.9178,3739.9178,2913.2176,3739.9178,3739.9178,
10/3/2024 4:30:00 AM,05CPPC_U04,N,N,N,3739.9178,3739.9178,2913.2176,3739.9178,3739.9178,
10/3/2024 4:30:00 AM,05CPPC_U05,N,N,N,3739.9178,3739.9178,2913.2176,3739.9178,3739.9178,
10/3/2024 4:30:00 AM,05CPPC_U06,N,N,N,3739.9178,3739.9178,2913.2176,3739.9178,3739.9178,
10/3/2024 4:30:00 AM,05CPPC_U07,N,N,N,3739.9178,3739.9178,2913.2176,3739.9178,3739.9178,
10/3/2024 4:30:00 AM,05CPPC_U08,N,N,N,3739.9178,3739.9178,2913.2176,3739.9178,3739.9178,
10/3/2024 4:30:00 AM,05CPPC_U09,N,N,N,3739.9178,3739.9178,2913.2176,3739.9178,3739.9178,
10/3/2024 4:30:00 AM,05CPPC_U10,N,N,N,3739.9178,3739.9178,2913.2176,3739.9178,3739.9178,
10/3/2024 4:30:00 AM,05DAANB_SS,N,N,N,3774.8773,3774.8773,3009.8552,3774.8773,3774.8773,
10/3/2024 4:30:00 AM,05DMAN_SS,N,N,N,3690.0820,3690.0820,3009.8552,3690.0820,3690.0820,
10/3/2024 4:30:00 AM,05DMA_L01,N,N,N,3679.2966,3679.2966,3009.8552,3679.2966,3679.2966,
10/3/2024 4:30:00 AM,05EAUC_U01,N,N,N,3765.9515,3765.9515,2932.5578,3765.9515,3765.9515,
10/3/2024 4:30:00 AM,05EAUC_U02,N,N,N,3765.9515,3765.9515,2932.5578,3765.9515,3765.9515,
10/3/2024 4:30:00 AM,05EAUC_U03,N,N,N,3765.9515,3765.9515,2932.5578,3765.9515,3765.9515,
10/3/2024 4:30:00 AM,05EAUC_U04,N,N,N,3765.9515,3765.9515,2932.5578,3765.9515,3765.9515,
10/3/2024 4:30:00 AM,05KSPC_G01,N,N,N,3716.8595,3716.8595,2910.5931,3716.8595,3716.8595,
10/3/2024 4:30:00 AM,05KSPC_G02,N,N,N,3716.8595,3716.8595,2910.5878,3716.8595,3716.8595,
10/3/2024 4:30:00 AM,05KSPC_SS1,N,N,N,3716.8595,3716.8595,3009.8552,3716.8595,3716.8595,
10/3/2024 4:30:00 AM,05KSPC_SS2,N,N,N,3716.8595,3716.8595,3009.8552,3716.8595,3716.8595,
10/3/2024 4:30:00 AM,05LAPU_SS,N,N,N,3764.8357,3764.8357,3009.8552,3764.8357,3764.8357,
10/3/2024 4:30:00 AM,05MCTAN_T1L1,N,N,N,3765.9515,3765.9515,3009.8552,3765.9515,3765.9515,
10/3/2024 4:30:00 AM,05MNDUE_SS,N,N,N,3761.4885,3761.4885,3009.8552,3761.4885,3761.4885,
10/3/2024 4:30:00 AM,05MNDUE_T1L1,N,N,N,3762.2324,3762.2324,3009.8552,3762.2324,3762.2324,
10/3/2024 4:30:00 AM,05MNDUE_T1L2,N,N,N,3762.2324,3762.2324,3009.8552,3762.2324,3762.2324,
10/3/2024 4:30:00 AM,05MNDUE_T1L4,N,N,N,3762.2324,3762.2324,3009.8552,3762.2324,3762.2324,
10/3/2024 4:30:00 AM,05MNDUE_T1L5,N,N,N,3762.2324,3762.2324,3009.8552,3762.2324,3762.2324,
10/3/2024 4:30:00 AM,05NAGA_T1L1,N,N,N,3719.0909,3719.0909,3009.8552,3719.0909,3719.0909,
10/3/2024 4:30:00 AM,05NAGA_T2L2,N,N,N,3719.0909,3719.0909,3009.8552,3719.0909,3719.0909,
10/3/2024 4:30:00 AM,05NAGLES_L01,N,N,N,3725.7853,3725.7853,3009.8552,3725.7853,3725.7853,
10/3/2024 4:30:00 AM,05NNAGVE_L01,N,N,N,3719.0909,3719.0909,3009.8552,3719.0909,3719.0909,
10/3/2024 4:30:00 AM,05NNAGVE_L02,N,N,N,3719.0909,3719.0909,3009.8552,3719.0909,3719.0909,
10/3/2024 4:30:00 AM,05QUIOT_T1L1,N,N,N,3739.9178,3739.9178,3009.8552,3739.9178,3739.9178,
10/3/2024 4:30:00 AM,05SAMB_L01,N,N,N,3570.3273,3570.3273,3009.8552,3570.3273,3570.3273,
10/3/2024 4:30:00 AM,05SAMB_L02,N,N,N,3719.0909,3719.0909,3009.8552,3719.0909,3719.0909,
10/3/2024 4:30:00 AM,05SAMB_SS,N,N,N,3570.3273,3570.3273,3009.8552,3570.3273,3570.3273,
10/3/2024 4:30:00 AM,05TALATR1_SS,N,N,N,3691.1977,3691.1977,3009.8552,3691.1977,3691.1977,
10/3/2024 4:30:00 AM,05TALAV_SS,N,N,N,3691.1977,3691.1977,3009.8552,3691.1977,3691.1977,
10/3/2024 4:30:00 AM,05TALAV_T1L1,N,N,N,3691.1977,3691.1977,3009.8552,3691.1977,3691.1977,
10/3/2024 4:30:00 AM,05TALIS_T1L1,N,N,N,3719.0909,3719.0909,3009.8552,3719.0909,3719.0909,
10/3/2024 4:30:00 AM,05THVI_SS1,N,N,N,3699.7516,3699.7516,3009.8552,3699.7516,3699.7516,
10/3/2024 4:30:00 AM,05THVI_SS2,N,N,N,3699.7516,3699.7516,3009.8552,3699.7516,3699.7516,
10/3/2024 4:30:00 AM,05THVI_U01,N,N,N,3699.7516,3699.7516,2933.9296,3699.7516,3699.7516,
10/3/2024 4:30:00 AM,05THVI_U02,N,N,N,3699.7516,3699.7516,2938.8531,3699.7516,3699.7516,
10/3/2024 4:30:00 AM,05TOLEDO_BAT,N,N,N,3691.1977,3691.1977,2661.6878,3691.1977,3691.1977,
10/3/2024 4:30:00 AM,05TOLSOL_G01,N,N,N,3691.1977,3691.1977,2884.1611,3691.1977,3691.1977,
10/3/2024 4:30:00 AM,05TOL_CARMEN,N,N,N,3701.6112,3701.6112,3009.8552,3701.6112,3701.6112,
10/3/2024 4:30:00 AM,05TPC_G01,N,N,N,3701.6112,3701.6112,2889.3853,3701.6112,3701.6112,
10/3/2024 4:30:00 AM,05TPC_G02,N,N,N,3701.6112,3701.6112,2882.4865,3701.6112,3701.6112,
10/3/2024 4:30:00 AM,05TPC_L01,N,N,N,3701.6112,3701.6112,3009.8552,3701.6112,3701.6112,
10/3/2024 4:30:00 AM,05TPC_S01,N,N,N,3701.6112,3701.6112,3009.8552,3701.6112,3701.6112,
10/3/2024 4:30:00 AM,05TPC_S02,N,N,N,3701.6112,3701.6112,3009.8552,3701.6112,3701.6112,
10/3/2024 4:30:00 AM,05TPVI_U01,N,N,N,3719.0909,3719.0909,2897.4497,3719.0909,3719.0909,
10/3/2024 4:30:00 AM,05TPVI_U02,N,N,N,3719.0909,3719.0909,2897.4497,3719.0909,3719.0909,
10/3/2024 4:30:00 AM,05TPVI_U03,N,N,N,3719.0909,3719.0909,2897.4497,3719.0909,3719.0909,
10/3/2024 4:30:00 AM,05TPVI_U04,N,N,N,3719.0909,3719.0909,2897.4497,3719.0909,3719.0909,
10/3/2024 4:30:00 AM,05TPVI_U05,N,N,N,3719.0909,3719.0909,2897.4497,3719.0909,3719.0909,
10/3/2024 4:30:00 AM,05TPVI_U06,N,N,N,3719.0909,3719.0909,2897.4497,3719.0909,3719.0909,
10/3/2024 4:30:00 AM,06AMLAN_SS,N,N,N,3495.9455,3495.9455,3009.8552,3495.9455,3495.9455,
10/3/2024 4:30:00 AM,06AMLAN_T1L1,N,N,N,3498.9207,3498.9207,3009.8552,3498.9207,3498.9207,
10/3/2024 4:30:00 AM,06AMLAN_T2L2,N,N,N,3498.9207,3498.9207,3009.8552,3498.9207,3498.9207,
10/3/2024 4:30:00 AM,06AMLA_G01,N,N,N,3498.9207,3498.9207,2718.4921,3498.9207,3498.9207,
10/3/2024 4:30:00 AM,06BACOL_SS,N,N,N,3749.9594,3749.9594,3009.8552,3749.9594,3749.9594,
10/3/2024 4:30:00 AM,06BACOL_T1L1,N,N,N,3748.4717,3748.4717,3009.8552,3748.4717,3748.4717,
10/3/2024 4:30:00 AM,06BACOL_T1L2,N,N,N,3748.4717,3748.4717,3009.8552,3748.4717,3748.4717,
10/3/2024 4:30:00 AM,06BACOL_T2L2,N,N,N,3748.4717,3748.4717,3009.8552,3748.4717,3748.4717,
10/3/2024 4:30:00 AM,06BACOL_T3L3,N,N,N,3748.4717,3748.4717,3009.8552,3748.4717,3748.4717,
10/3/2024 4:30:00 AM,06BBGPP_G01,N,N,N,3749.9594,3749.9594,2849.1353,3749.9594,3749.9594,
10/3/2024 4:30:00 AM,06BBGPP_L01,N,N,N,3749.9594,3749.9594,3009.8552,3749.9594,3749.9594,
10/3/2024 4:30:00 AM,06BCLBAS_LD1,N,N,N,3748.4717,3748.4717,3009.8552,3748.4717,3748.4717,
10/3/2024 4:30:00 AM,06BCL_SS,N,N,N,3751.4470,3751.4470,3009.8552,3751.4470,3751.4470,
10/3/2024 4:30:00 AM,06BISCOM_G01,N,N,N,3761.8605,3761.8605,2937.0627,3761.8605,3761.8605,
10/3/2024 4:30:00 AM,06CABI_G01,N,N,N,3498.9207,3498.9207,2718.4921,3498.9207,3498.9207,
10/3/2024 4:30:00 AM,06CADIZL_SS,N,N,N,3786.7784,3786.7784,3009.8552,3786.7784,3786.7784,
10/3/2024 4:30:00 AM,06CADIZL_T1L1,N,N,N,3786.0345,3786.0345,3009.8552,3786.0345,3786.0345,
10/3/2024 4:30:00 AM,06CADIZL_T1L2,N,N,N,3786.0345,3786.0345,3009.8552,3786.0345,3786.0345,
10/3/2024 4:30:00 AM,06CADIZL_T1L3,N,N,N,3786.0345,3786.0345,3009.8552,3786.0345,3786.0345,
10/3/2024 4:30:00 AM,06CADIZL_T1L4,N,N,N,3786.0345,3786.0345,3009.8552,3786.0345,3786.0345,
10/3/2024 4:30:00 AM,06CARSOL_G01,N,N,N,3748.4717,3748.4717,2927.6096,3748.4717,3748.4717,
10/3/2024 4:30:00 AM,06CAY_SS,N,N,N,3714.2561,3714.2561,3009.8552,3714.2561,3714.2561,
10/3/2024 4:30:00 AM,06CENPRI_U01,N,N,N,3748.4717,3748.4717,2927.6096,3748.4717,3748.4717,
10/3/2024 4:30:00 AM,06CENPRI_U02,N,N,N,3748.4717,3748.4717,2927.6096,3748.4717,3748.4717,
10/3/2024 4:30:00 AM,06CENPRI_U03,N,N,N,3748.4717,3748.4717,2927.6096,3748.4717,3748.4717,
10/3/2024 4:30:00 AM,06CENPRI_U04,N,N,N,3748.4717,3748.4717,2927.6096,3748.4717,3748.4717,
10/3/2024 4:30:00 AM,06CENPRI_U05,N,N,N,3748.4717,3748.4717,2927.6096,3748.4717,3748.4717,
10/3/2024 4:30:00 AM,06CLTRAVA_SS,N,N,N,3714.2561,3714.2561,3009.8552,3714.2561,3714.2561,
10/3/2024 4:30:00 AM,06FFHC_G01,N,N,N,3786.0345,3786.0345,3086.4063,3786.0345,3786.0345,
10/3/2024 4:30:00 AM,06GAHIT_SS,N,N,N,3740.6616,3740.6616,3009.8552,3740.6616,3740.6616,
10/3/2024 4:30:00 AM,06HELIOS_G01,N,N,N,3719.0909,3719.0909,2913.7594,3719.0909,3719.0909,
10/3/2024 4:30:00 AM,06HELIOS_S01,N,N,N,3719.0909,3719.0909,3009.8552,3719.0909,3719.0909,
10/3/2024 4:30:00 AM,06HPCO_G01,N,N,N,3719.0909,3719.0909,2897.4497,3719.0909,3719.0909,
10/3/2024 4:30:00 AM,06HPCO_G02,N,N,N,3748.4717,3748.4717,2897.4497,3748.4717,3748.4717,
10/3/2024 4:30:00 AM,06KABAN_BAT,N,N,N,3767.4391,3767.4391,2947.7389,3767.4391,3767.4391,
10/3/2024 4:30:00 AM,06KABAN_L01,N,N,N,3767.4391,3767.4391,3009.8552,3767.4391,3767.4391,
10/3/2024 4:30:00 AM,06KABAN_SS,N,N,N,3767.4391,3767.4391,3009.8552,3767.4391,3767.4391,
10/3/2024 4:30:00 AM,06KABAN_T1L1,N,N,N,3761.8605,3761.8605,3009.8552,3761.8605,3761.8605,
10/3/2024 4:30:00 AM,06KABAN_T2L2,N,N,N,3761.8605,3761.8605,3009.8552,3761.8605,3761.8605,
10/3/2024 4:30:00 AM,06MABIN_SS,N,N,N,3492.2264,3492.2264,3009.8552,3492.2264,3492.2264,
10/3/2024 4:30:00 AM,06MABIN_T1L1,N,N,N,3491.8545,3491.8545,3009.8552,3491.8545,3491.8545,
10/3/2024 4:30:00 AM,06MABIN_T2L2,N,N,N,3491.8545,3491.8545,3009.8552,3491.8545,3491.8545,
10/3/2024 4:30:00 AM,06MANSOL_G01,N,N,N,3786.0345,3786.0345,2913.6334,3786.0345,3786.0345,
10/3/2024 4:30:00 AM,06MNTSOL_G01,N,N,N,3498.9207,3498.9207,2718.4921,3498.9207,3498.9207,
10/3/2024 4:30:00 AM,06NASULO_G01,N,N,N,3458.7545,3458.7545,2688.1269,3458.7545,3458.7545,
10/3/2024 4:30:00 AM,06NTNEGB_G01,N,N,N,3719.0909,3719.0909,2897.4497,3719.0909,3719.0909,
10/3/2024 4:30:00 AM,06PAL1A_G01,N,N,N,3471.3995,3471.3995,2654.1433,3471.3995,3471.3995,
10/3/2024 4:30:00 AM,06PAL1A_SS,N,N,N,3473.2590,3473.2590,3009.8552,3473.2590,3473.2590,
10/3/2024 4:30:00 AM,06PAL2A_U01,N,N,N,3459.1265,3459.1265,2697.5710,3459.1265,3459.1265,
10/3/2024 4:30:00 AM,06PAL2A_U02,N,N,N,3459.1265,3459.1265,2687.0831,3459.1265,3459.1265,
10/3/2024 4:30:00 AM,06PAL2A_U03,N,N,N,3459.1265,3459.1265,2683.2773,3459.1265,3459.1265,
10/3/2024 4:30:00 AM,06PAL2A_U04,N,N,N,3719.0909,3719.0909,2897.4497,3719.0909,3719.0909,
10/3/2024 4:30:00 AM,06PGPP2_SS,N,N,N,3460.6141,3460.6141,3009.8552,3460.6141,3460.6141,
10/3/2024 4:30:00 AM,06SACASL_G01,N,N,N,3710.1651,3710.1651,2898.5246,3710.1651,3710.1651,
10/3/2024 4:30:00 AM,06SACASL_G02,N,N,N,3710.1651,3710.1651,2526.4114,3710.1651,3710.1651,
10/3/2024 4:30:00 AM,06SACSUN_G01,N,N,N,3710.1651,3710.1651,2898.5246,3710.1651,3710.1651,
10/3/2024 4:30:00 AM,06SCBE_G01,N,N,N,3786.0345,3786.0345,2913.6334,3786.0345,3786.0345,
10/3/2024 4:30:00 AM,06SCBIOP_G01,N,N,N,3703.4707,3703.4707,2922.1429,3703.4707,3703.4707,
10/3/2024 4:30:00 AM,06SLYSOL_G01,N,N,N,3748.4717,3748.4717,2927.6096,3748.4717,3748.4717,
10/3/2024 4:30:00 AM,06SNCARLOS_SS,N,N,N,3710.1651,3710.1651,3009.8552,3710.1651,3710.1651,
10/3/2024 4:30:00 AM,06STNEGB_G01,N,N,N,3719.0909,3719.0909,2897.4497,3719.0909,3719.0909,
10/3/2024 4:30:00 AM,06URC_G01,N,N,N,3491.8545,3491.8545,2720.2177,3491.8545,3491.8545,
10/3/2024 4:30:00 AM,06VMC_G01,N,N,N,3719.0909,3719.0909,2897.4497,3719.0909,3719.0909,
10/3/2024 4:30:00 AM,06VMC_G02,N,N,N,3748.4717,3748.4717,3096.3653,3748.4717,3748.4717,
10/3/2024 4:30:00 AM,07BDPP_U01,N,N,N,3695.2887,3695.2887,2886.7326,3695.2887,3695.2887,
10/3/2024 4:30:00 AM,07BDPP_U02,N,N,N,3695.2887,3695.2887,2886.7326,3695.2887,3695.2887,
10/3/2024 4:30:00 AM,07BDPP_U03,N,N,N,3695.2887,3695.2887,2886.7326,3695.2887,3695.2887,
10/3/2024 4:30:00 AM,07BDPP_U04,N,N,N,3695.2887,3695.2887,2886.7326,3695.2887,3695.2887,
10/3/2024 4:30:00 AM,07BOHOL_T1L1,N,N,N,3793.8446,3793.8446,3009.8552,3793.8446,3793.8446,
10/3/2024 4:30:00 AM,07BOHOL_T4L4,N,N,N,3793.8446,3793.8446,3009.8552,3793.8446,3793.8446,
10/3/2024 4:30:00 AM,07COREL_T1L1,N,N,N,3695.2887,3695.2887,3009.8552,3695.2887,3695.2887,
10/3/2024 4:30:00 AM,07COREL_T1L2,N,N,N,3695.2887,3695.2887,3009.8552,3695.2887,3695.2887,
10/3/2024 4:30:00 AM,07COREL_T1L3,N,N,N,3695.2887,3695.2887,3009.8552,3695.2887,3695.2887,
10/3/2024 4:30:00 AM,07CRA_SS,N,N,N,3697.8921,3697.8921,3009.8552,3697.8921,3697.8921,
10/3/2024 4:30:00 AM,07JANOPO_G01,N,N,N,3695.2887,3695.2887,2886.7326,3695.2887,3695.2887,
10/3/2024 4:30:00 AM,07LOBOC_G01,N,N,N,3695.2887,3695.2887,2968.7916,3695.2887,3695.2887,
10/3/2024 4:30:00 AM,07LOBOC_G02,N,N,N,3695.2887,3695.2887,3103.8930,3695.2887,3695.2887,
10/3/2024 4:30:00 AM,07SEVILL_G01,N,N,N,3695.2887,3695.2887,2886.7326,3695.2887,3695.2887,
10/3/2024 4:30:00 AM,07TPLPB4_U01,N,N,N,3793.8446,3793.8446,2947.1735,3793.8446,3793.8446,
10/3/2024 4:30:00 AM,07TPLPB4_U02,N,N,N,3793.8446,3793.8446,2978.9631,3793.8446,3793.8446,
10/3/2024 4:30:00 AM,07TPLPB4_U03,N,N,N,3793.8446,3793.8446,2947.1735,3793.8446,3793.8446,
10/3/2024 4:30:00 AM,07TPLPB4_U04,N,N,N,3793.8446,3793.8446,2947.1735,3793.8446,3793.8446,
10/3/2024 4:30:00 AM,07UBAY_BAT,N,N,N,3793.8446,3793.8446,2947.9841,3793.8446,3793.8446,
10/3/2024 4:30:00 AM,07UBAY_T1L1,N,N,N,3793.8446,3793.8446,3009.8552,3793.8446,3793.8446,
10/3/2024 4:30:00 AM,07UBAY_T2L2,N,N,N,3793.8446,3793.8446,3009.8552,3793.8446,3793.8446,
10/3/2024 4:30:00 AM,07UBAY_T3L3,N,N,N,3793.8446,3793.8446,3009.8552,3793.8446,3793.8446,
10/3/2024 4:30:00 AM,08BANTAP_L01,N,N,N,3825.4569,3825.4569,3009.8552,3825.4569,3825.4569,
10/3/2024 4:30:00 AM,08BARO_SS,N,N,N,3741.4055,3741.4055,3009.8552,3741.4055,3741.4055,
10/3/2024 4:30:00 AM,08BARTAC_L01,N,N,N,3719.0909,3719.0909,3009.8552,3719.0909,3719.0909,
10/3/2024 4:30:00 AM,08BARTAC_SS,N,N,N,3741.4055,3741.4055,3009.8552,3741.4055,3741.4055,
10/3/2024 4:30:00 AM,08BVISTA_L01,N,N,N,3829.9198,3829.9198,3009.8552,3829.9198,3829.9198,
10/3/2024 4:30:00 AM,08BVISTA_L02,N,N,N,3829.9198,3829.9198,3009.8552,3829.9198,3829.9198,
10/3/2024 4:30:00 AM,08CASA_G01,N,N,N,3770.7863,3770.7863,2959.2597,3770.7863,3770.7863,
10/3/2024 4:30:00 AM,08CASA_G02,N,N,N,3770.7863,3770.7863,2959.2597,3770.7863,3770.7863,
10/3/2024 4:30:00 AM,08CONCP_T1L1,N,N,N,3728.0167,3728.0167,3009.8552,3728.0167,3728.0167,
10/3/2024 4:30:00 AM,08COSMO_G01,N,N,N,3719.0909,3719.0909,2940.6801,3719.0909,3719.0909,
10/3/2024 4:30:00 AM,08DINGL_SS,N,N,N,3770.7863,3770.7863,3009.8552,3770.7863,3770.7863,
10/3/2024 4:30:00 AM,08DINGL_T1L1,N,N,N,3770.7863,3770.7863,3009.8552,3770.7863,3770.7863,
10/3/2024 4:30:00 AM,08DINGL_T1L2,N,N,N,3770.7863,3770.7863,3009.8552,3770.7863,3770.7863,
10/3/2024 4:30:00 AM,08DINGL_T1L3,N,N,N,3770.0425,3770.0425,3009.8552,3770.0425,3770.0425,
10/3/2024 4:30:00 AM,08DINGL_T1L4,N,N,N,3770.0425,3770.0425,3009.8552,3770.0425,3770.0425,
10/3/2024 4:30:00 AM,08DINGL_T2L1,N,N,N,3770.7863,3770.7863,3009.8552,3770.7863,3770.7863,
10/3/2024 4:30:00 AM,08DINGL_T2L2,N,N,N,3770.7863,3770.7863,3009.8552,3770.7863,3770.7863,
10/3/2024 4:30:00 AM,08GLOBAL_G01,N,N,N,3887.5657,3887.5657,3001.9178,3887.5657,3887.5657,
10/3/2024 4:30:00 AM,08NABASDPP_U01,N,N,N,3887.5657,3887.5657,3001.9178,3887.5657,3887.5657,
10/3/2024 4:30:00 AM,08NABASDPP_U02,N,N,N,3887.5657,3887.5657,3001.9178,3887.5657,3887.5657,
10/3/2024 4:30:00 AM,08NABAS_L01,N,N,N,3887.5657,3887.5657,3009.8552,3887.5657,3887.5657,
10/3/2024 4:30:00 AM,08NABAS_L02,N,N,N,3887.5657,3887.5657,3009.8552,3887.5657,3887.5657,
10/3/2024 4:30:00 AM,08NABAS_L03,N,N,N,3887.5657,3887.5657,3009.8552,3887.5657,3887.5657,
10/3/2024 4:30:00 AM,08NABAS_SS,N,N,N,3887.9376,3887.9376,3009.8552,3887.9376,3887.9376,
10/3/2024 4:30:00 AM,08PALM_G01,N,N,N,3728.0167,3728.0167,2909.4381,3728.0167,3728.0167,
10/3/2024 4:30:00 AM,08PALM_S01,N,N,N,3728.0167,3728.0167,3009.8552,3728.0167,3728.0167,
10/3/2024 4:30:00 AM,08PANIT_SS,N,N,N,3830.2917,3830.2917,3009.8552,3830.2917,3830.2917,
10/3/2024 4:30:00 AM,08PANIT_T1L1,N,N,N,3829.9198,3829.9198,3009.8552,3829.9198,3829.9198,
10/3/2024 4:30:00 AM,08PANIT_T2L2,N,N,N,3829.9198,3829.9198,3009.8552,3829.9198,3829.9198,
10/3/2024 4:30:00 AM,08PDPP1_U02,N,N,N,3770.7863,3770.7863,2959.3374,3770.7863,3770.7863,
10/3/2024 4:30:00 AM,08PDPP1_U03,N,N,N,3770.7863,3770.7863,2959.3374,3770.7863,3770.7863,
10/3/2024 4:30:00 AM,08PDPP1_U05,N,N,N,3770.7863,3770.7863,2959.3374,3770.7863,3770.7863,
10/3/2024 4:30:00 AM,08PDPP3_C,N,N,N,3770.7863,3770.7863,2959.4004,3770.7863,3770.7863,
10/3/2024 4:30:00 AM,08PDPP3_E,N,N,N,3770.7863,3770.7863,2959.4004,3770.7863,3770.7863,
10/3/2024 4:30:00 AM,08PDPP3_G,N,N,N,3770.7863,3770.7863,2576.5516,3770.7863,3770.7863,
10/3/2024 4:30:00 AM,08PDPP3_H,N,N,N,3770.7863,3770.7863,2576.5516,3770.7863,3770.7863,
10/3/2024 4:30:00 AM,08PDPP3_S01,N,N,N,3770.7863,3770.7863,3009.8552,3770.7863,3770.7863,
10/3/2024 4:30:00 AM,08PEDC_SS1,N,N,N,3712.0246,3712.0246,3009.8552,3712.0246,3712.0246,
10/3/2024 4:30:00 AM,08PEDC_SS2,N,N,N,3712.0246,3712.0246,3009.8552,3712.0246,3712.0246,
10/3/2024 4:30:00 AM,08PEDC_SS3,N,N,N,3711.6527,3711.6527,3009.8552,3711.6527,3711.6527,
10/3/2024 4:30:00 AM,08PEDC_T1L1,N,N,N,3712.3965,3712.3965,3009.8552,3712.3965,3712.3965,
10/3/2024 4:30:00 AM,08PEDC_T1L2,N,N,N,3712.7685,3712.7685,3009.8552,3712.7685,3712.7685,
10/3/2024 4:30:00 AM,08PEDC_U01,N,N,N,3712.0246,3712.0246,2947.3605,3712.0246,3712.0246,
10/3/2024 4:30:00 AM,08PEDC_U02,N,N,N,3712.0246,3712.0246,2948.2597,3712.0246,3712.0246,
10/3/2024 4:30:00 AM,08PEDC_U03,N,N,N,3711.6527,3711.6527,2947.7036,3711.6527,3711.6527,
10/3/2024 4:30:00 AM,08PWIND_G01,N,N,N,3887.5657,3887.5657,2862.8830,3887.5657,3887.5657,
10/3/2024 4:30:00 AM,08PWIND_G02,N,N,N,3887.5657,3887.5657,2911.0771,3887.5657,3887.5657,
10/3/2024 4:30:00 AM,08SLWIND_G01,N,N,N,3829.9198,3829.9198,2858.0826,3829.9198,3829.9198,
10/3/2024 4:30:00 AM,08SLWIND_L01,N,N,N,3829.9198,3829.9198,3009.8552,3829.9198,3829.9198,
10/3/2024 4:30:00 AM,08SNJOSE_L01,N,N,N,3719.0909,3719.0909,3009.8552,3719.0909,3719.0909,
10/3/2024 4:30:00 AM,08SNJOSE_L02,N,N,N,3719.0909,3719.0909,3009.8552,3719.0909,3719.0909,
10/3/2024 4:30:00 AM,08SNJOSE_L03,N,N,N,3719.0909,3719.0909,3009.8552,3719.0909,3719.0909,
10/3/2024 4:30:00 AM,08STBAR_SS1,N,N,N,3750.7032,3750.7032,3009.8552,3750.7032,3750.7032,
10/3/2024 4:30:00 AM,08STBAR_SS2,N,N,N,3750.7032,3750.7032,3009.8552,3750.7032,3750.7032,
10/3/2024 4:30:00 AM,08STBAR_SS3,N,N,N,3750.7032,3750.7032,3009.8552,3750.7032,3750.7032,
10/3/2024 4:30:00 AM,08STBAR_T1L1,N,N,N,3750.7032,3750.7032,3009.8552,3750.7032,3750.7032,
10/3/2024 4:30:00 AM,08STBAR_T2L2,N,N,N,3750.7032,3750.7032,3009.8552,3750.7032,3750.7032,
10/3/2024 4:30:00 AM,08STBPB1_U01,N,N,N,3750.7032,3750.7032,2961.9083,3750.7032,3750.7032,
10/3/2024 4:30:00 AM,08STBPB1_U02,N,N,N,3750.7032,3750.7032,2961.9083,3750.7032,3750.7032,
10/3/2024 4:30:00 AM,08STBPB1_U03,N,N,N,3750.7032,3750.7032,2961.9083,3750.7032,3750.7032,
10/3/2024 4:30:00 AM,08STBPB1_U04,N,N,N,3750.7032,3750.7032,3205.2319,3750.7032,3750.7032,
10/3/2024 4:30:00 AM,08SUWECO_G01,N,N,N,3750.7032,3750.7032,3091.1981,3750.7032,3750.7032,
10/3/2024 4:30:00 AM,08TIMBA_G01,N,N,N,3887.5657,3887.5657,2985.0676,3887.5657,3887.5657,
10/3/2024 4:30:00 AM,09AURORA_SS,N,Y,N,3440.2318,3097.0894,3393.70,3440.2318,3097.0894,
10/3/2024 4:30:00 AM,09CLB_T1L1,N,Y,N,3440.2318,3099.1676,3393.70,3440.2318,3099.1676,
10/3/2024 4:30:00 AM,09JIMDSL_U01,N,Y,N,3099.1676,3099.1676,2794.7060,3099.1676,3099.1676,
10/3/2024 4:30:00 AM,09JIMDSL_U02,N,Y,N,3099.1676,3099.1676,2794.7060,3099.1676,3099.1676,
10/3/2024 4:30:00 AM,09KAP_T1L1,N,Y,N,3440.2318,3099.1676,3393.70,3440.2318,3099.1676,
10/3/2024 4:30:00 AM,09LALA_SS,N,Y,N,3440.2318,3021.6810,3393.70,3440.2318,3021.6810,
10/3/2024 4:30:00 AM,09LIBPOWR_G01,N,Y,N,3099.1676,3099.1676,2812.9331,3099.1676,3099.1676,
10/3/2024 4:30:00 AM,09MHY_T1L1,N,Y,N,3440.2318,3099.1676,3393.70,3440.2318,3099.1676,
10/3/2024 4:30:00 AM,09MLS_T1L1,N,Y,N,3440.2318,3372.3005,3393.70,3440.2318,3372.3005,
10/3/2024 4:30:00 AM,09NAGA_SS,N,Y,N,3440.2318,3371.1129,3393.70,3440.2318,3371.1129,
10/3/2024 4:30:00 AM,09PANABNK_U01,N,Y,N,3099.1676,3099.1676,2794.7060,3099.1676,3099.1676,
10/3/2024 4:30:00 AM,09PANABNK_U02,N,Y,N,3099.1676,3099.1676,2794.7060,3099.1676,3099.1676,
10/3/2024 4:30:00 AM,09PITOGO_SS,N,Y,N,3440.2318,3572.9937,3393.70,3440.2318,3572.9937,
10/3/2024 4:30:00 AM,09POLAN_SS,N,Y,N,3440.2318,3133.6061,3393.70,3440.2318,3133.6061,
10/3/2024 4:30:00 AM,09RXS_T2L1,N,Y,N,3440.2318,3134.1998,3393.70,3440.2318,3134.1998,
10/3/2024 4:30:00 AM,09SANGALI_BAT,N,Y,N,3545.9773,3545.9773,3174.7273,3545.9773,3545.9773,
10/3/2024 4:30:00 AM,09SJG_T1L1,N,Y,N,3440.2318,3572.1031,3393.70,3440.2318,3572.1031,
10/3/2024 4:30:00 AM,09SML_T1L1,N,Y,N,3440.2318,3099.1676,3393.70,3440.2318,3099.1676,
10/3/2024 4:30:00 AM,09SRW_T1L1,N,Y,N,3440.2318,3372.3005,3393.70,3440.2318,3372.3005,
10/3/2024 4:30:00 AM,09TMG_T1L1,N,Y,N,3440.2318,3572.1031,3393.70,3440.2318,3572.1031,
10/3/2024 4:30:00 AM,09TMG_T2L1,N,Y,N,3440.2318,3545.9773,3393.70,3440.2318,3545.9773,
10/3/2024 4:30:00 AM,09TUL_T1L1,N,Y,N,3440.2318,3572.1031,3393.70,3440.2318,3572.1031,
10/3/2024 4:30:00 AM,09WMPC_S01,N,Y,N,3440.2318,3545.9773,3393.70,3440.2318,3545.9773,
10/3/2024 4:30:00 AM,09WMPC_U01,N,Y,N,3545.9773,3545.9773,3174.7273,3545.9773,3545.9773,
10/3/2024 4:30:00 AM,09WMPC_U02,N,Y,N,3545.9773,3545.9773,3174.7273,3545.9773,3545.9773,
10/3/2024 4:30:00 AM,09WMPC_U03,N,Y,N,3545.9773,3545.9773,3174.7273,3545.9773,3545.9773,
10/3/2024 4:30:00 AM,09WMPC_U04,N,Y,N,3545.9773,3545.9773,3174.7273,3545.9773,3545.9773,
10/3/2024 4:30:00 AM,09WMPC_U05,N,Y,N,3545.9773,3545.9773,3174.7273,3545.9773,3545.9773,
10/3/2024 4:30:00 AM,09WMPC_U06,N,Y,N,3545.9773,3545.9773,3174.7273,3545.9773,3545.9773,
10/3/2024 4:30:00 AM,09WMPC_U07,N,Y,N,3545.9773,3545.9773,3174.7273,3545.9773,3545.9773,
10/3/2024 4:30:00 AM,09WMPC_U08,N,Y,N,3545.9773,3545.9773,3174.7273,3545.9773,3545.9773,
10/3/2024 4:30:00 AM,09WMPC_U09,N,Y,N,3545.9773,3545.9773,3174.7273,3545.9773,3545.9773,
10/3/2024 4:30:00 AM,09WMPC_U10,N,Y,N,3545.9773,3545.9773,3174.7273,3545.9773,3545.9773,
10/3/2024 4:30:00 AM,09ZAMBO_SS,N,Y,N,3440.2318,3545.9773,3393.70,3440.2318,3545.9773,
10/3/2024 4:30:00 AM,09ZAMSAN_L01,N,Y,N,3440.2318,3545.9773,3393.70,3440.2318,3545.9773,
10/3/2024 4:30:00 AM,10AG6_T2L1,N,Y,N,3440.2318,2961.4136,3393.70,3440.2318,2961.4136,
10/3/2024 4:30:00 AM,10AGUS1_SS,N,Y,N,3440.2318,2939.4442,3393.70,3440.2318,2939.4442,
10/3/2024 4:30:00 AM,10AGUS1_U01,N,Y,N,2939.1473,2939.1473,2686.0036,2939.1473,2939.1473,
10/3/2024 4:30:00 AM,10AGUS1_U02,N,Y,N,2968.8357,2968.8357,2636.0193,2968.8357,2968.8357,
10/3/2024 4:30:00 AM,10AGUS2_SS,N,Y,N,3440.2318,2940.0380,3393.70,3440.2318,2940.0380,
10/3/2024 4:30:00 AM,10AGUS2_U01,N,Y,N,2940.0380,2940.0380,2635.1356,2940.0380,2940.0380,
10/3/2024 4:30:00 AM,10AGUS2_U02,N,Y,N,2940.0380,2940.0380,2643.2288,2940.0380,2940.0380,
10/3/2024 4:30:00 AM,10AGUS2_U03,N,Y,N,2940.0380,2940.0380,2654.7418,2940.0380,2940.0380,
10/3/2024 4:30:00 AM,10AGUS4_SS,N,Y,N,3440.2318,2959.3354,3393.70,3440.2318,2959.3354,
10/3/2024 4:30:00 AM,10AGUS4_U01,N,Y,N,2959.3354,2959.3354,2676.3205,2959.3354,2959.3354,
10/3/2024 4:30:00 AM,10AGUS4_U02,N,Y,N,2959.3354,2959.3354,2668.2611,2959.3354,2959.3354,
10/3/2024 4:30:00 AM,10AGUS4_U03,N,Y,N,2959.3354,2959.3354,2668.3840,2959.3354,2959.3354,
10/3/2024 4:30:00 AM,10AGUS5_SS,N,Y,N,3440.2318,2962.0074,3393.70,3440.2318,2962.0074,
10/3/2024 4:30:00 AM,10AGUS5_U01,N,Y,N,2962.0074,2962.0074,2660.8533,2962.0074,2962.0074,
10/3/2024 4:30:00 AM,10AGUS5_U02,N,Y,N,2962.0074,2962.0074,2665.7764,2962.0074,2962.0074,
10/3/2024 4:30:00 AM,10AGUS6_SS,N,Y,N,3440.2318,2955.1790,3393.70,3440.2318,2955.1790,
10/3/2024 4:30:00 AM,10AGUS6_U01,N,Y,N,2955.1790,2955.1790,2659.6851,2955.1790,2955.1790,
10/3/2024 4:30:00 AM,10AGUS6_U02,N,Y,N,2968.8357,2968.8357,2657.8955,2968.8357,2968.8357,
10/3/2024 4:30:00 AM,10AGUS6_U03,N,Y,N,2955.1790,2955.1790,2609.3655,2955.1790,2955.1790,
10/3/2024 4:30:00 AM,10AGUS6_U04,N,Y,N,2968.8357,2968.8357,2684.8722,2968.8357,2968.8357,
10/3/2024 4:30:00 AM,10AGUS6_U05,N,Y,N,2955.1790,2955.1790,2657.1566,2955.1790,2955.1790,
10/3/2024 4:30:00 AM,10AGUS7_U01,N,Y,N,2955.1790,2955.1790,2672.0761,2955.1790,2955.1790,
10/3/2024 4:30:00 AM,10AGUS7_U02,N,Y,N,2955.1790,2955.1790,2679.9490,2955.1790,2955.1790,
10/3/2024 4:30:00 AM,10BALOI_L01,N,Y,N,3440.2318,2955.1790,3393.70,3440.2318,2955.1790,
10/3/2024 4:30:00 AM,10BALOI_SS,N,Y,N,3440.2318,2975.6640,3393.70,3440.2318,2975.6640,
10/3/2024 4:30:00 AM,10BUR_T1L1,N,Y,N,3440.2318,2955.1790,3393.70,3440.2318,2955.1790,
10/3/2024 4:30:00 AM,10BUR_T1L2,N,Y,N,3440.2318,2955.1790,3393.70,3440.2318,2955.1790,
10/3/2024 4:30:00 AM,10GNPK_U01,N,Y,N,2981.6017,2981.6017,2691.3782,2981.6017,2981.6017,
10/3/2024 4:30:00 AM,10GNPK_U02,N,Y,N,2968.8357,2968.8357,2689.3093,2968.8357,2968.8357,
10/3/2024 4:30:00 AM,10GNPK_U03,N,Y,N,2982.4923,2982.4923,2684.8722,2982.4923,2982.4923,
10/3/2024 4:30:00 AM,10GNPK_U04,N,Y,N,2968.8357,2968.8357,2764.7712,2968.8357,2968.8357,
10/3/2024 4:30:00 AM,10IDPP_G01,N,Y,N,2980.1173,2980.1173,2684.3447,2980.1173,2980.1173,
10/3/2024 4:30:00 AM,10IDPP_SS,N,Y,N,3440.2318,2980.1173,3393.70,3440.2318,2980.1173,
10/3/2024 4:30:00 AM,10KAUSWGN_SS,N,Y,N,3440.2318,2982.7892,3393.70,3440.2318,2982.7892,
10/3/2024 4:30:00 AM,10KAU_T1L1,N,Y,N,3440.2318,2955.1790,3393.70,3440.2318,2955.1790,
10/3/2024 4:30:00 AM,10KIW_T1L1,N,Y,N,3440.2318,2955.1790,3393.70,3440.2318,2955.1790,
10/3/2024 4:30:00 AM,10KIW_T2L1,N,Y,N,3440.2318,2981.6017,3393.70,3440.2318,2981.6017,
10/3/2024 4:30:00 AM,10LGAIT_SS,N,Y,N,3440.2318,2981.3048,3393.70,3440.2318,2981.3048,
10/3/2024 4:30:00 AM,10LIAN_G01,N,Y,N,2955.1790,2955.1790,2670.1035,2955.1790,2955.1790,
10/3/2024 4:30:00 AM,10MCN_T1L1,N,Y,N,3440.2318,2961.4136,3393.70,3440.2318,2961.4136,
10/3/2024 4:30:00 AM,10MCR_T1L1,N,Y,N,3440.2318,2961.4136,3393.70,3440.2318,2961.4136,
10/3/2024 4:30:00 AM,10MCT_T1L1,N,Y,N,3440.2318,2955.1790,3393.70,3440.2318,2955.1790,
10/3/2024 4:30:00 AM,10MEGC_G01,N,Y,N,2955.1790,2955.1790,2658.5486,2955.1790,2955.1790,
10/3/2024 4:30:00 AM,10MLN_T1L1,N,Y,N,3440.2318,2939.7411,3393.70,3440.2318,2939.7411,
10/3/2024 4:30:00 AM,10MPL_T1L1,N,Y,N,3440.2318,2955.1790,3393.70,3440.2318,2955.1790,
10/3/2024 4:30:00 AM,10MRW_T1L1,N,Y,N,3440.2318,2939.7411,3393.70,3440.2318,2939.7411,
10/3/2024 4:30:00 AM,10MRW_T2L1,N,Y,N,3440.2318,2961.4136,3393.70,3440.2318,2961.4136,
10/3/2024 4:30:00 AM,10NUN_T1L2,N,Y,N,3440.2318,2955.1790,3393.70,3440.2318,2955.1790,
10/3/2024 4:30:00 AM,10OPO_T1L1,N,Y,N,3440.2318,2981.6017,3393.70,3440.2318,2981.6017,
10/3/2024 4:30:00 AM,10PAT_T1L1,N,Y,N,3440.2318,2981.6017,3393.70,3440.2318,2981.6017,
10/3/2024 4:30:00 AM,10PGW_T1L1,N,Y,N,3440.2318,2981.6017,3393.70,3440.2318,2981.6017,
10/3/2024 4:30:00 AM,10PLT_T1L1,N,Y,N,3440.2318,2980.1173,3393.70,3440.2318,2980.1173,
10/3/2024 4:30:00 AM,10PLT_T2L1,N,Y,N,3440.2318,2981.6017,3393.70,3440.2318,2981.6017,
10/3/2024 4:30:00 AM,10PPEI_U01,N,Y,N,2955.1790,2955.1790,2728.0881,2955.1790,2955.1790,
10/3/2024 4:30:00 AM,10SRZ_T1L1,N,Y,N,3440.2318,2961.4136,3393.70,3440.2318,2961.4136,
10/3/2024 4:30:00 AM,11CDO_T1L1,N,Y,N,3440.2318,3000.3053,3393.70,3440.2318,3000.3053,
10/3/2024 4:30:00 AM,11CRYSSUG_G01,N,Y,N,2988.7269,2988.7269,2731.9568,2988.7269,2988.7269,
10/3/2024 4:30:00 AM,11FDC_SS,N,Y,N,3440.2318,2954.2884,3393.70,3440.2318,2954.2884,
10/3/2024 4:30:00 AM,11FDC_U01,N,Y,N,2953.9915,2953.9915,2743.4816,2953.9915,2953.9915,
10/3/2024 4:30:00 AM,11FDC_U02,N,Y,N,2953.9915,2953.9915,2674.1943,2953.9915,2953.9915,
10/3/2024 4:30:00 AM,11FDC_U03,N,Y,N,2953.9915,2953.9915,2667.4693,2953.9915,2953.9915,
10/3/2024 4:30:00 AM,11FGBPC_G01,N,Y,N,2973.5858,2973.5858,2689.7567,2973.5858,2973.5858,
10/3/2024 4:30:00 AM,11JASAAN_SS,N,Y,N,3440.2318,2982.4923,3393.70,3440.2318,2982.4923,
10/3/2024 4:30:00 AM,11JASA_BAT,N,Y,N,2973.5858,2973.5858,2579.4919,2973.5858,2973.5858,
10/3/2024 4:30:00 AM,11KBSOL_G01,N,Y,N,3016.0402,3016.0402,2751.5469,3016.0402,3016.0402,
10/3/2024 4:30:00 AM,11KEGMAR_G01,N,Y,N,2988.7269,2988.7269,2731.9568,2988.7269,2988.7269,
10/3/2024 4:30:00 AM,11KIBAWE_SS,N,Y,N,3440.2318,3016.0402,3393.70,3440.2318,3016.0402,
10/3/2024 4:30:00 AM,11KIB_T1L1,N,Y,N,3440.2318,2988.7269,3393.70,3440.2318,2988.7269,
10/3/2024 4:30:00 AM,11KIB_T1L2,N,Y,N,3440.2318,2988.7269,3393.70,3440.2318,2988.7269,
10/3/2024 4:30:00 AM,11KIRAS_G01,N,Y,N,2973.8827,2973.8827,2689.8383,2973.8827,2973.8827,
10/3/2024 4:30:00 AM,11KNG_T1L1,N,Y,N,3440.2318,2973.5858,3393.70,3440.2318,2973.5858,
10/3/2024 4:30:00 AM,11LBA_T1L1,N,Y,N,3440.2318,2982.4923,3393.70,3440.2318,2982.4923,
10/3/2024 4:30:00 AM,11LUN_T1L1,N,Y,N,3440.2318,2973.8827,3393.70,3440.2318,2973.8827,
10/3/2024 4:30:00 AM,11MAN1_S01,N,Y,N,3440.2318,2962.6011,3393.70,3440.2318,2962.6011,
10/3/2024 4:30:00 AM,11MAN2_S01,N,Y,N,3440.2318,2962.6011,3393.70,3440.2318,2962.6011,
10/3/2024 4:30:00 AM,11MANFOR_G01,N,Y,N,2962.6011,2962.6011,2723.4253,2962.6011,2962.6011,
10/3/2024 4:30:00 AM,11MANFOR_G02,N,Y,N,2962.6011,2962.6011,2716.5505,2962.6011,2962.6011,
10/3/2024 4:30:00 AM,11MANOLO_SS,N,Y,N,3440.2318,2962.8980,3393.70,3440.2318,2962.8980,
10/3/2024 4:30:00 AM,11MARAM_SS,N,Y,N,3440.2318,3038.6033,3393.70,3440.2318,3038.6033,
10/3/2024 4:30:00 AM,11MINBAL_G01,N,Y,N,2973.8827,2973.8827,2687.5801,2973.8827,2973.8827,
10/3/2024 4:30:00 AM,11MINBU_G01,N,Y,N,2973.8827,2973.8827,2697.7630,2973.8827,2973.8827,
10/3/2024 4:30:00 AM,11MLY_T1L1,N,Y,N,3440.2318,2988.7269,3393.70,3440.2318,2988.7269,
10/3/2024 4:30:00 AM,11MNCBLG_G01,N,Y,N,2973.5858,2973.5858,2710.05,2973.5858,2973.5858,
10/3/2024 4:30:00 AM,11MNRGY_G01,N,Y,N,2973.8827,2973.8827,2689.8383,2973.8827,2973.8827,
10/3/2024 4:30:00 AM,11MNRGY_G02,N,Y,N,2973.8827,2973.8827,2689.8383,2973.8827,2973.8827,
10/3/2024 4:30:00 AM,11MOR_T1L1,N,Y,N,3440.2318,3000.3053,3393.70,3440.2318,3000.3053,
10/3/2024 4:30:00 AM,11NAT_T1L1,N,Y,N,3440.2318,2973.8827,3393.70,3440.2318,2973.8827,
10/3/2024 4:30:00 AM,11NAT_T2L1,N,Y,N,3440.2318,2973.5858,3393.70,3440.2318,2973.5858,
10/3/2024 4:30:00 AM,11NBPC_G01,N,Y,N,2988.7269,2988.7269,2731.9568,2988.7269,2988.7269,
10/3/2024 4:30:00 AM,11OPOL_SS,N,Y,N,3440.2318,3000.0085,3393.70,3440.2318,3000.0085,
10/3/2024 4:30:00 AM,11OPO_T1L1,N,Y,N,3440.2318,3000.3053,3393.70,3440.2318,3000.3053,
10/3/2024 4:30:00 AM,11PACERM_G01,N,Y,N,3000.3053,3000.3053,2707.4536,3000.3053,3000.3053,
10/3/2024 4:30:00 AM,11PAL_T1L1,N,Y,N,3440.2318,3016.0402,3393.70,3440.2318,3016.0402,
10/3/2024 4:30:00 AM,11PG4_T1L1,N,Y,N,3440.2318,2988.7269,3393.70,3440.2318,2988.7269,
10/3/2024 4:30:00 AM,11PKBUK_G01,N,Y,N,2973.8827,2973.8827,2689.8383,2973.8827,2973.8827,
10/3/2024 4:30:00 AM,11PKBUK_U01,N,Y,N,2973.8827,2973.8827,2696.8068,2973.8827,2973.8827,
10/3/2024 4:30:00 AM,11PKBUK_U02,N,Y,N,2973.8827,2973.8827,2696.8068,2973.8827,2973.8827,
10/3/2024 4:30:00 AM,11PULA4_U01,N,Y,N,2988.1331,2988.1331,2642.8243,2988.1331,2988.1331,
10/3/2024 4:30:00 AM,11PULA4_U02,N,Y,N,2988.1331,2988.1331,2768.8048,2988.1331,2988.1331,
10/3/2024 4:30:00 AM,11PULA4_U03,N,Y,N,2988.43,2988.43,2709.5038,2988.43,2988.43,
10/3/2024 4:30:00 AM,11SME_T1L1,N,Y,N,3440.2318,2968.8357,3393.70,3440.2318,2968.8357,
10/3/2024 4:30:00 AM,11SMH_T1L1,N,Y,N,3440.2318,2968.8357,3393.70,3440.2318,2968.8357,
10/3/2024 4:30:00 AM,11STEAG_U01,N,Y,N,2968.5388,2968.5388,2691.1191,2968.5388,2968.5388,
10/3/2024 4:30:00 AM,11STEAG_U02,N,Y,N,2968.5388,2968.5388,2689.3182,2968.5388,2968.5388,
10/3/2024 4:30:00 AM,11TAGOL_SS,N,Y,N,3440.2318,2968.8357,3393.70,3440.2318,2968.8357,
10/3/2024 4:30:00 AM,11VILLA_BAT,N,Y,N,2969.7263,2969.7263,2685.8192,2969.7263,2969.7263,
10/3/2024 4:30:00 AM,11VILLA_L01,N,Y,N,3440.2318,2969.7263,3393.70,3440.2318,2969.7263,
10/3/2024 4:30:00 AM,11VILLA_SS,N,Y,N,3440.2318,2981.6017,3393.70,3440.2318,2981.6017,
10/3/2024 4:30:00 AM,12ALE_T1L1,N,Y,N,3440.2318,3250.8751,3393.70,3440.2318,3250.8751,
10/3/2024 4:30:00 AM,12ASIGA_G01,N,Y,N,3157.6536,3157.6536,2927.0726,3157.6536,3157.6536,
10/3/2024 4:30:00 AM,12BAG_T1L1,N,Y,N,3440.2318,3242.5623,3393.70,3440.2318,3242.5623,
10/3/2024 4:30:00 AM,12BISLIG_SS,N,Y,N,3440.2318,3242.5623,3393.70,3440.2318,3242.5623,
10/3/2024 4:30:00 AM,12BUTUAN_SS,N,Y,N,3440.2318,3157.6536,3393.70,3440.2318,3157.6536,
10/3/2024 4:30:00 AM,12BUT_T2L1,N,Y,N,3440.2318,3132.4185,3393.70,3440.2318,3132.4185,
10/3/2024 4:30:00 AM,12BYG_T1L1,N,Y,N,3440.2318,3157.6536,3393.70,3440.2318,3157.6536,
10/3/2024 4:30:00 AM,12KEGGIN_G01,N,Y,N,3132.4185,3132.4185,2861.3971,3132.4185,3132.4185,
10/3/2024 4:30:00 AM,12KEGTAN_G01,N,Y,N,3250.8751,3250.8751,2962.7083,3250.8751,3250.8751,
10/3/2024 4:30:00 AM,12LKMAINIT_G01,N,Y,N,3157.6536,3157.6536,2880.3558,3157.6536,3157.6536,
10/3/2024 4:30:00 AM,12LMO_T1L1,N,Y,N,3440.2318,3157.6536,3393.70,3440.2318,3157.6536,
10/3/2024 4:30:00 AM,12MAD_T1L1,N,Y,N,3440.2318,2968.8357,3393.70,3440.2318,2968.8357,
10/3/2024 4:30:00 AM,12NACSUR_G01,N,Y,N,3178.7324,3178.7324,2953.7586,3178.7324,3178.7324,
10/3/2024 4:30:00 AM,12NASIP_SS,N,Y,N,3440.2318,3132.1216,3393.70,3440.2318,3132.1216,
10/3/2024 4:30:00 AM,12NAS_T1L1,N,Y,N,3440.2318,3157.6536,3393.70,3440.2318,3157.6536,
10/3/2024 4:30:00 AM,12PBA_T1L1,N,Y,N,3440.2318,3242.5623,3393.70,3440.2318,3242.5623,
10/3/2024 4:30:00 AM,12PKSFRA_U01,N,Y,N,3250.8751,3250.8751,2962.7083,3250.8751,3250.8751,
10/3/2024 4:30:00 AM,12PKSFRA_U02,N,Y,N,3250.8751,3250.8751,2962.7083,3250.8751,3250.8751,
10/3/2024 4:30:00 AM,12PLACER_SS,N,Y,N,3440.2318,3178.7324,3393.70,3440.2318,3178.7324,
10/3/2024 4:30:00 AM,12SFRAN_SS,N,Y,N,3440.2318,3251.1720,3393.70,3440.2318,3251.1720,
10/3/2024 4:30:00 AM,12SLU_T1L1,N,Y,N,3440.2318,3132.4185,3393.70,3440.2318,3132.4185,
10/3/2024 4:30:00 AM,12SNT_T1L1,N,Y,N,3440.2318,3157.6536,3393.70,3440.2318,3157.6536,
10/3/2024 4:30:00 AM,12STCRUZ_L01,N,Y,N,3440.2318,3178.7324,3393.70,3440.2318,3178.7324,
10/3/2024 4:30:00 AM,12SUR_T1L1,N,Y,N,3440.2318,3178.7324,3393.70,3440.2318,3178.7324,
10/3/2024 4:30:00 AM,12TBD_T1L1,N,Y,N,3440.2318,2968.8357,3393.70,3440.2318,2968.8357,
10/3/2024 4:30:00 AM,12TBO_T1L1,N,Y,N,3440.2318,3242.5623,3393.70,3440.2318,3242.5623,
10/3/2024 4:30:00 AM,12TDG_T1L1,N,Y,N,3440.2318,3250.8751,3393.70,3440.2318,3250.8751,
10/3/2024 4:30:00 AM,12THERMA2_SS,N,Y,N,3440.2318,3132.1216,3393.70,3440.2318,3132.1216,
10/3/2024 4:30:00 AM,12TM2_U01,N,Y,N,3132.1216,3132.1216,2861.2619,3132.1216,3132.1216,
10/3/2024 4:30:00 AM,12TM2_U02,N,Y,N,3132.1216,3132.1216,2861.2619,3132.1216,3132.1216,
10/3/2024 4:30:00 AM,12TRE_T1L1,N,Y,N,3440.2318,3242.5623,3393.70,3440.2318,3242.5623,
10/3/2024 4:30:00 AM,13ASU_T1L1,N,Y,N,3440.2318,3184.3732,3393.70,3440.2318,3184.3732,
10/3/2024 4:30:00 AM,13BAJ_T1L1,N,Y,N,3440.2318,3078.6826,3393.70,3440.2318,3078.6826,
10/3/2024 4:30:00 AM,13BNS_T1L1,N,Y,N,3440.2318,3076.9013,3393.70,3440.2318,3076.9013,
10/3/2024 4:30:00 AM,13BNY_T1L1,N,Y,N,3440.2318,3165.6695,3393.70,3440.2318,3165.6695,
10/3/2024 4:30:00 AM,13BUNAW_SS,N,Y,N,3440.2318,3058.7914,3393.70,3440.2318,3058.7914,
10/3/2024 4:30:00 AM,13CULAMAN_SS,N,Y,N,3440.2318,2917.4748,3393.70,3440.2318,2917.4748,
10/3/2024 4:30:00 AM,13DAVAO_SS,N,Y,N,3440.2318,3078.6826,3393.70,3440.2318,3078.6826,
10/3/2024 4:30:00 AM,13DAV_T1L1,N,Y,N,3440.2318,3061.1665,3393.70,3440.2318,3061.1665,
10/3/2024 4:30:00 AM,13DCPP_U01,N,Y,N,3061.1665,3061.1665,2778.0677,3061.1665,3061.1665,
10/3/2024 4:30:00 AM,13DCPP_U02,N,Y,N,3061.1665,3061.1665,2758.7547,3061.1665,3061.1665,
10/3/2024 4:30:00 AM,13DIGSOL_G01,N,Y,N,3076.9013,3076.9013,2780.7179,3076.9013,3076.9013,
10/3/2024 4:30:00 AM,13DIG_T1L1,N,Y,N,3440.2318,3078.6826,3393.70,3440.2318,3078.6826,
10/3/2024 4:30:00 AM,13DIG_T2L1,N,Y,N,3440.2318,3076.9013,3393.70,3440.2318,3076.9013,
10/3/2024 4:30:00 AM,13DIG_T3L1,N,Y,N,3440.2318,3061.1665,3393.70,3440.2318,3061.1665,
10/3/2024 4:30:00 AM,13DLP_T1L1,N,Y,N,3440.2318,3078.6826,3393.70,3440.2318,3078.6826,
10/3/2024 4:30:00 AM,13DLP_T1L2,N,Y,N,3440.2318,3078.6826,3393.70,3440.2318,3078.6826,
10/3/2024 4:30:00 AM,13DLP_T1L3,N,Y,N,3440.2318,3078.6826,3393.70,3440.2318,3078.6826,
10/3/2024 4:30:00 AM,13DLP_T2L1,N,Y,N,3440.2318,3070.0730,3393.70,3440.2318,3070.0730,
10/3/2024 4:30:00 AM,13DRA_T1L1,N,Y,N,3440.2318,2968.8357,3393.70,3440.2318,2968.8357,
10/3/2024 4:30:00 AM,13DRA_T1L2,N,Y,N,3440.2318,3069.7761,3393.70,3440.2318,3069.7761,
10/3/2024 4:30:00 AM,13DSP_T1L1,N,Y,N,3440.2318,3076.9013,3393.70,3440.2318,3076.9013,
10/3/2024 4:30:00 AM,13DSR_T1L1,N,Y,N,3440.2318,2917.7717,3393.70,3440.2318,2917.7717,
10/3/2024 4:30:00 AM,13EUROH_G01,N,Y,N,3184.3732,3184.3732,2881.1611,3184.3732,3184.3732,
10/3/2024 4:30:00 AM,13MACO_BAT,N,Y,N,3165.6695,3165.6695,2820.9134,3165.6695,3165.6695,
10/3/2024 4:30:00 AM,13MACO_SS,N,Y,N,3440.2318,3165.6695,3393.70,3440.2318,3165.6695,
10/3/2024 4:30:00 AM,13MAGDBNK_G01,N,Y,N,3165.6695,3165.6695,2862.9115,3165.6695,3165.6695,
10/3/2024 4:30:00 AM,13MAGDBNK_U01,N,Y,N,3165.6695,3165.6695,2862.9115,3165.6695,3165.6695,
10/3/2024 4:30:00 AM,13MAGDBNK_U02,N,Y,N,3165.6695,3165.6695,2862.9115,3165.6695,3165.6695,
10/3/2024 4:30:00 AM,13MAGDBNK_U03,N,Y,N,3165.6695,3165.6695,2862.9115,3165.6695,3165.6695,
10/3/2024 4:30:00 AM,13MALITA_BAT,N,Y,N,2917.7717,2917.7717,2602.2273,2917.7717,2917.7717,
10/3/2024 4:30:00 AM,13MATAN_SS,N,Y,N,3440.2318,2947.4601,3393.70,3440.2318,2947.4601,
10/3/2024 4:30:00 AM,13MATIBNK_G01,N,Y,N,2968.8357,2968.8357,2684.8722,2968.8357,2968.8357,
10/3/2024 4:30:00 AM,13MON_T1L1,N,Y,N,3440.2318,3184.3732,3393.70,3440.2318,3184.3732,
10/3/2024 4:30:00 AM,13MPCDIG_G01,N,Y,N,3076.9013,3076.9013,2780.7179,3076.9013,3076.9013,
10/3/2024 4:30:00 AM,13MSR_T1L1,N,Y,N,3440.2318,3184.3732,3393.70,3440.2318,3184.3732,
10/3/2024 4:30:00 AM,13NABUN_SS,N,Y,N,3440.2318,3184.3732,3393.70,3440.2318,3184.3732,
10/3/2024 4:30:00 AM,13PMA_T1L1,N,Y,N,3440.2318,3076.9013,3393.70,3440.2318,3076.9013,
10/3/2024 4:30:00 AM,13SIBULAN_G01,N,Y,N,3078.6826,3078.6826,2772.2252,3078.6826,3078.6826,
10/3/2024 4:30:00 AM,13SMC_U01,N,Y,N,2913.6153,2913.6153,2677.5833,2913.6153,2913.6153,
10/3/2024 4:30:00 AM,13SMC_U02,N,Y,N,2915.0998,2915.0998,2668.9807,2915.0998,2915.0998,
10/3/2024 4:30:00 AM,13TALOM1_G01,N,Y,N,3078.6826,3078.6826,2792.0159,3078.6826,3078.6826,
10/3/2024 4:30:00 AM,13TALOM23_G01,N,Y,N,3078.6826,3078.6826,2788.8930,3078.6826,3078.6826,
10/3/2024 4:30:00 AM,13TGM_T1L1,N,Y,N,3440.2318,3165.6695,3393.70,3440.2318,3165.6695,
10/3/2024 4:30:00 AM,13THERMA1_SS,N,Y,N,3440.2318,3165.6695,3393.70,3440.2318,3165.6695,
10/3/2024 4:30:00 AM,13TM1_U01,N,Y,N,3165.6695,3165.6695,2668.5169,3165.6695,3165.6695,
10/3/2024 4:30:00 AM,13TM1_U02,N,Y,N,3165.6695,3165.6695,2862.9115,3165.6695,3165.6695,
10/3/2024 4:30:00 AM,13TORIL_SS,N,Y,N,3440.2318,3057.9008,3393.70,3440.2318,3057.9008,
10/3/2024 4:30:00 AM,13TUDAY2_G01,N,Y,N,3078.6826,3078.6826,2785.2581,3078.6826,3078.6826,
10/3/2024 4:30:00 AM,14ALMADA_G01,N,Y,N,3154.0910,3154.0910,2873.8558,3154.0910,3154.0910,
10/3/2024 4:30:00 AM,14ASTROSOL_G01,N,Y,N,3124.6996,3124.6996,2826.0695,3124.6996,3124.6996,
10/3/2024 4:30:00 AM,14BGN_T1L1,N,Y,N,3440.2318,3038.0096,3393.70,3440.2318,3038.0096,
10/3/2024 4:30:00 AM,14BGN_T2L1,N,Y,N,3440.2318,3162.7007,3393.70,3440.2318,3162.7007,
10/3/2024 4:30:00 AM,14BIOGS_G01,N,Y,N,3162.7007,3162.7007,2858.2173,3162.7007,3162.7007,
10/3/2024 4:30:00 AM,14BIOMS_U01,N,Y,N,3162.7007,3162.7007,2866.0501,3162.7007,3162.7007,
10/3/2024 4:30:00 AM,14COTSUGR_G01,N,Y,N,3038.0096,3038.0096,2751.1142,3038.0096,3038.0096,
10/3/2024 4:30:00 AM,14DSA_T1L1,N,Y,N,3440.2318,3154.0910,3393.70,3440.2318,3154.0910,
10/3/2024 4:30:00 AM,14DSA_T2L1,N,Y,N,3440.2318,3162.7007,3393.70,3440.2318,3162.7007,
10/3/2024 4:30:00 AM,14GENSAN_SS,N,Y,N,3440.2318,3124.9964,3393.70,3440.2318,3124.9964,
10/3/2024 4:30:00 AM,14GERBIO_G01,N,Y,N,3162.7007,3162.7007,2866.0501,3162.7007,3162.7007,
10/3/2024 4:30:00 AM,14GLA_T1L1,N,Y,N,3440.2318,3124.6996,3393.70,3440.2318,3124.6996,
10/3/2024 4:30:00 AM,14KAMANGA_SS,N,Y,N,3440.2318,3075.4169,3393.70,3440.2318,3075.4169,
10/3/2024 4:30:00 AM,14KAM_L03,N,Y,N,3440.2318,3124.6996,3393.70,3440.2318,3124.6996,
10/3/2024 4:30:00 AM,14KIDAP_SS,N,Y,N,3440.2318,3037.7127,3393.70,3440.2318,3037.7127,
10/3/2024 4:30:00 AM,14KLN_T1L1,N,Y,N,3440.2318,3162.7007,3393.70,3440.2318,3162.7007,
10/3/2024 4:30:00 AM,14LAMSAN_G01,N,Y,N,3154.0910,3154.0910,2882.2379,3154.0910,3154.0910,
10/3/2024 4:30:00 AM,14LLE_T1L1,N,Y,N,3440.2318,3124.6996,3393.70,3440.2318,3124.6996,
10/3/2024 4:30:00 AM,14MARBEL_U01,N,Y,N,3162.7007,3162.7007,2866.0501,3162.7007,3162.7007,
10/3/2024 4:30:00 AM,14MID_T1L1,N,Y,N,3440.2318,3154.0910,3393.70,3440.2318,3154.0910,
10/3/2024 4:30:00 AM,14MTAPO_U01,N,Y,N,3037.4158,3037.4158,2699.5491,3037.4158,3037.4158,
10/3/2024 4:30:00 AM,14MTAPO_U02,N,Y,N,3037.7127,3037.7127,2768.7699,3037.7127,3037.7127,
10/3/2024 4:30:00 AM,14MTAPO_U03,N,Y,N,3038.0096,3038.0096,2750.2922,3038.0096,3038.0096,
10/3/2024 4:30:00 AM,14NVSOL_G01,N,Y,N,3162.7007,3162.7007,2866.0501,3162.7007,3162.7007,
10/3/2024 4:30:00 AM,14PKPSOC_G01,N,Y,N,3124.6996,3124.6996,2826.0695,3124.6996,3124.6996,
10/3/2024 4:30:00 AM,14PTU_T1L1,N,Y,N,3440.2318,3124.6996,3393.70,3440.2318,3124.6996,
10/3/2024 4:30:00 AM,14SARANG_U01,N,Y,N,3124.6996,3124.6996,2827.8918,3124.6996,3124.6996,
10/3/2024 4:30:00 AM,14SARANG_U02,N,Y,N,3075.12,3075.12,2796.4450,3075.12,3075.12,
10/3/2024 4:30:00 AM,14SIGHYDRO_G01,N,Y,N,3124.6996,3124.6996,2824.1774,3124.6996,3124.6996,
10/3/2024 4:30:00 AM,14SKU_T1L1,N,Y,N,3440.2318,3154.0910,3393.70,3440.2318,3154.0910,
10/3/2024 4:30:00 AM,14SMY_T1L1,N,Y,N,3440.2318,3154.0910,3393.70,3440.2318,3154.0910,
10/3/2024 4:30:00 AM,14SPGI_U01,N,Y,N,3162.7007,3162.7007,2686.2686,3162.7007,3162.7007,
10/3/2024 4:30:00 AM,14SRL_T1L1,N,Y,N,3440.2318,3162.7007,3393.70,3440.2318,3162.7007,
10/3/2024 4:30:00 AM,14SULTAN_SS,N,Y,N,3440.2318,3154.0910,3393.70,3440.2318,3154.0910,
10/3/2024 4:30:00 AM,14SUPKOR_G01,N,Y,N,3162.7007,3162.7007,2866.0501,3162.7007,3162.7007,
10/3/2024 4:30:00 AM,14TACSUR_L02,N,Y,N,3440.2318,3162.7007,3393.70,3440.2318,3162.7007,
10/3/2024 4:30:00 AM,14TACUR_SS,N,Y,N,3440.2318,3162.9975,3393.70,3440.2318,3162.9975,
10/3/2024 4:30:00 AM,14TIN_T1L1,N,Y,N,3440.2318,3124.6996,3393.70,3440.2318,3124.6996,
10/3/2024 4:30:00 AM,14TIN_T1L2,N,Y,N,3440.2318,3124.6996,3393.70,3440.2318,3124.6996,
EOF
