TIME_INTERVAL,RESOURCE_NAME,AP_FLAG,SEC_FLAG,PSM_FLAG,DIPC_PRICE,RTD_PRICE,ADMIN_PRICE,SEC_PRICE,PSM_PRICE,
7/11/2024 2:40:00 AM,01ACNPC_G01,N,N,N,3635.8587,3635.8587,3541.7796,3635.8587,3635.8587,
7/11/2024 2:40:00 AM,01AEC_L01,N,N,N,3624.3266,3624.3266,3420.2502,3624.3266,3624.3266,
7/11/2024 2:40:00 AM,01AMBUK_SS,N,N,N,3698.5645,3698.5645,3420.2502,3698.5645,3698.5645,
7/11/2024 2:40:00 AM,01AMBUK_T1L1,N,N,N,3698.5645,3698.5645,3420.2502,3698.5645,3698.5645,
7/11/2024 2:40:00 AM,01AMBUK_U01,N,N,N,3698.5645,3698.5645,3657.3628,3698.5645,3698.5645,
7/11/2024 2:40:00 AM,01AMBUK_U02,N,N,N,3698.5645,3698.5645,3657.3628,3698.5645,3698.5645,
7/11/2024 2:40:00 AM,01AMBUK_U03,N,N,N,3698.5645,3698.5645,3822.5886,3698.5645,3698.5645,
7/11/2024 2:40:00 AM,01AMPHAW_G01,N,N,N,3685.5909,3685.5909,3610.9285,3685.5909,3685.5909,
7/11/2024 2:40:00 AM,01ANDA_G01,N,N,N,3624.3266,3624.3266,3578.5066,3624.3266,3624.3266,
7/11/2024 2:40:00 AM,01ANGAT_A,N,N,N,3590.0906,3590.0906,3500.2637,3590.0906,3590.0906,
7/11/2024 2:40:00 AM,01ANGAT_M,N,N,N,3594.0548,3594.0548,3505.3926,3594.0548,3594.0548,
7/11/2024 2:40:00 AM,01ANGAT_SS,N,N,N,3592.6132,3592.6132,3420.2502,3592.6132,3592.6132,
7/11/2024 2:40:00 AM,01ANGAT_T5L1,N,N,N,3603.7850,3603.7850,3420.2502,3603.7850,3603.7850,
7/11/2024 2:40:00 AM,01APEC_G01,N,N,N,3624.3266,3624.3266,3600.8238,3624.3266,3624.3266,
7/11/2024 2:40:00 AM,01ARAYSOL_G01,N,N,N,3624.3266,3624.3266,3536.3338,3624.3266,3624.3266,
7/11/2024 2:40:00 AM,01ARAYSOL_G02,N,N,N,3624.3266,3624.3266,3536.3338,3624.3266,3624.3266,
7/11/2024 2:40:00 AM,01ARMSOL_G01,N,N,N,3635.8587,3635.8587,3543.9297,3635.8587,3635.8587,
7/11/2024 2:40:00 AM,01BAKSIP_G01,N,N,N,3685.5909,3685.5909,3598.0773,3685.5909,3685.5909,
7/11/2024 2:40:00 AM,01BAKUN_G01,N,N,N,3668.6531,3668.6531,3613.6214,3668.6531,3668.6531,
7/11/2024 2:40:00 AM,01BAKUN_SS,N,N,N,3669.0135,3669.0135,3420.2502,3669.0135,3669.0135,
7/11/2024 2:40:00 AM,01BALNEO_L01,N,N,N,3613.8756,3613.8756,3420.2502,3613.8756,3613.8756,
7/11/2024 2:40:00 AM,01BALNEO_L02,N,N,N,3613.8756,3613.8756,3420.2502,3613.8756,3613.8756,
7/11/2024 2:40:00 AM,01BALNEO_SS,N,N,N,3604.5057,3604.5057,3420.2502,3604.5057,3604.5057,
7/11/2024 2:40:00 AM,01BALSIK_SS,N,N,N,3491.7073,3491.7073,3420.2502,3491.7073,3491.7073,
7/11/2024 2:40:00 AM,01BALWIND_G01,N,N,N,3730.9986,3730.9986,3631.6850,3730.9986,3730.9986,
7/11/2024 2:40:00 AM,01BANTAY_SS,N,N,N,3745.4137,3745.4137,3420.2502,3745.4137,3745.4137,
7/11/2024 2:40:00 AM,01BATAAN_SS,N,N,N,3392.2428,3392.2428,3420.2502,3392.2428,3392.2428,
7/11/2024 2:40:00 AM,01BAUANG_GS1,N,N,N,3664.6889,3664.6889,3568.9787,3664.6889,3664.6889,
7/11/2024 2:40:00 AM,01BAUANG_GS2,N,N,N,3664.6889,3664.6889,3569.2370,3664.6889,3664.6889,
7/11/2024 2:40:00 AM,01BAUANG_GS3,N,N,N,3664.6889,3664.6889,3569.2370,3664.6889,3664.6889,
7/11/2024 2:40:00 AM,01BAUANG_SS,N,N,N,3673.3380,3673.3380,3420.2502,3673.3380,3673.3380,
7/11/2024 2:40:00 AM,01BAUAN_T1L1,N,N,N,3675.5003,3675.5003,3420.2502,3675.5003,3675.5003,
7/11/2024 2:40:00 AM,01BAUAN_T1L2,N,N,N,3675.5003,3675.5003,3420.2502,3675.5003,3675.5003,
7/11/2024 2:40:00 AM,01BAUAN_T1L3,N,N,N,3675.5003,3675.5003,3420.2502,3675.5003,3675.5003,
7/11/2024 2:40:00 AM,01BAUAN_T2L1,N,N,N,3675.5003,3675.5003,3420.2502,3675.5003,3675.5003,
7/11/2024 2:40:00 AM,01BAUAN_T2L2,N,N,N,3674.4192,3674.4192,3420.2502,3674.4192,3674.4192,
7/11/2024 2:40:00 AM,01BCNOT_SS,N,N,N,3688.8343,3688.8343,3420.2502,3688.8343,3688.8343,
7/11/2024 2:40:00 AM,01BCNOT_T1L1,N,N,N,3689.1947,3689.1947,3420.2502,3689.1947,3689.1947,
7/11/2024 2:40:00 AM,01BCNOT_T1L2,N,N,N,3689.1947,3689.1947,3420.2502,3689.1947,3689.1947,
7/11/2024 2:40:00 AM,01BINENG_G01,N,N,N,3685.5909,3685.5909,3792.7737,3685.5909,3685.5909,
7/11/2024 2:40:00 AM,01BINGA_SS,N,N,N,3679.8248,3679.8248,3420.2502,3679.8248,3679.8248,
7/11/2024 2:40:00 AM,01BINGA_T1L1,N,N,N,3680.5456,3680.5456,3420.2502,3680.5456,3680.5456,
7/11/2024 2:40:00 AM,01BINGA_U01,N,N,N,3679.8248,3679.8248,3573.8027,3679.8248,3679.8248,
7/11/2024 2:40:00 AM,01BINGA_U02,N,N,N,3679.8248,3679.8248,3434.5881,3679.8248,3679.8248,
7/11/2024 2:40:00 AM,01BINGA_U03,N,N,N,3679.8248,3679.8248,3568.8652,3679.8248,3679.8248,
7/11/2024 2:40:00 AM,01BINGA_U04,N,N,N,3679.8248,3679.8248,3568.4897,3679.8248,3679.8248,
7/11/2024 2:40:00 AM,01BNTAY_T1L1,N,N,N,3603.7850,3603.7850,3420.2502,3603.7850,3603.7850,
7/11/2024 2:40:00 AM,01BNTAY_T1L2,N,N,N,3745.4137,3745.4137,3420.2502,3745.4137,3745.4137,
7/11/2024 2:40:00 AM,01BNTAY_T1L3,N,N,N,3745.4137,3745.4137,3420.2502,3745.4137,3745.4137,
7/11/2024 2:40:00 AM,01BOSUNG_G01,N,N,N,3744.6930,3744.6930,3656.1776,3744.6930,3744.6930,
7/11/2024 2:40:00 AM,01BOTOLAN_SS,N,N,N,3545.7640,3545.7640,3420.2502,3545.7640,3545.7640,
7/11/2024 2:40:00 AM,01BOTOL_T1L1,N,N,N,3552.2509,3552.2509,3420.2502,3552.2509,3552.2509,
7/11/2024 2:40:00 AM,01BOTOL_T1L2,N,N,N,3552.2509,3552.2509,3420.2502,3552.2509,3552.2509,
7/11/2024 2:40:00 AM,01BPC_T1L1,N,N,N,3392.6032,3392.6032,3420.2502,3392.6032,3392.6032,
7/11/2024 2:40:00 AM,01BPC_T2L2,N,N,N,3392.6032,3392.6032,3420.2502,3392.6032,3392.6032,
7/11/2024 2:40:00 AM,01BPPC_SS,N,N,N,3664.6889,3664.6889,3420.2502,3664.6889,3664.6889,
7/11/2024 2:40:00 AM,01BT2020_G01,N,N,N,3485.9412,3485.9412,3335.4728,3485.9412,3485.9412,
7/11/2024 2:40:00 AM,01BT2020_G02,N,N,N,3485.9412,3485.9412,3469.7838,3485.9412,3485.9412,
7/11/2024 2:40:00 AM,01BTNSOL_G01,N,N,N,3395.1258,3395.1258,3331.8177,3395.1258,3395.1258,
7/11/2024 2:40:00 AM,01BTPP_T3L1,N,N,N,3395.1258,3395.1258,3420.2502,3395.1258,3395.1258,
7/11/2024 2:40:00 AM,01BTPP_T3L2,N,N,N,3395.1258,3395.1258,3420.2502,3395.1258,3395.1258,
7/11/2024 2:40:00 AM,01BTPP_T3L3,N,N,N,3395.1258,3395.1258,3420.2502,3395.1258,3395.1258,
7/11/2024 2:40:00 AM,01BTPP_T3L4,N,N,N,3395.1258,3395.1258,3420.2502,3395.1258,3395.1258,
7/11/2024 2:40:00 AM,01BTPP_T3L5,N,N,N,3395.1258,3395.1258,3420.2502,3395.1258,3395.1258,
7/11/2024 2:40:00 AM,01BTPP_T4L1,N,N,N,3603.7850,3603.7850,3420.2502,3603.7850,3603.7850,
7/11/2024 2:40:00 AM,01BTSOLEN_BAT,N,N,N,3395.1258,3395.1258,3331.8177,3395.1258,3395.1258,
7/11/2024 2:40:00 AM,01BTSOLEN_G01,N,N,N,3395.1258,3395.1258,3331.8177,3395.1258,3395.1258,
7/11/2024 2:40:00 AM,01BULSOL_G01,N,N,N,3640.1832,3640.1832,3553.1073,3640.1832,3640.1832,
7/11/2024 2:40:00 AM,01BURGOS_G01,N,N,N,3739.6477,3739.6477,3712.3581,3739.6477,3739.6477,
7/11/2024 2:40:00 AM,01BURGOS_G02,N,N,N,3744.6930,3744.6930,3656.1776,3744.6930,3744.6930,
7/11/2024 2:40:00 AM,01BURGOS_G03,N,N,N,3744.6930,3744.6930,3656.1776,3744.6930,3744.6930,
7/11/2024 2:40:00 AM,01BURGOS_SS,N,N,N,3739.6477,3739.6477,3420.2502,3739.6477,3739.6477,
7/11/2024 2:40:00 AM,01BUTAO_G01,N,N,N,3627.57,3627.57,3520.1608,3627.57,3627.57,
7/11/2024 2:40:00 AM,01BYOMB_DID,N,N,N,3796.2271,3796.2271,3420.2502,3796.2271,3796.2271,
7/11/2024 2:40:00 AM,01BYOMB_SS,N,N,N,3793.3441,3793.3441,3420.2502,3793.3441,3793.3441,
7/11/2024 2:40:00 AM,01BYOMB_T1L1,N,N,N,3797.3082,3797.3082,3420.2502,3797.3082,3797.3082,
7/11/2024 2:40:00 AM,01BYOMB_T1L2,N,N,N,3796.2271,3796.2271,3420.2502,3796.2271,3796.2271,
7/11/2024 2:40:00 AM,01BYOMB_T1L3,N,N,N,3797.3082,3797.3082,3420.2502,3797.3082,3797.3082,
7/11/2024 2:40:00 AM,01CABSOL_G01,N,N,N,3679.8248,3679.8248,3588.6046,3679.8248,3679.8248,
7/11/2024 2:40:00 AM,01CAGBIO_G01,N,N,N,3897.1331,3897.1331,3834.4313,3897.1331,3897.1331,
7/11/2024 2:40:00 AM,01CAGYSOL_G01,N,N,N,4122.3696,4122.3696,3866.0728,4122.3696,4122.3696,
7/11/2024 2:40:00 AM,01CALIBUNK_G01,N,N,N,3624.3266,3624.3266,3536.3338,3624.3266,3624.3266,
7/11/2024 2:40:00 AM,01CAPRIS_G01,N,N,N,3739.6477,3739.6477,3731.8401,3739.6477,3739.6477,
7/11/2024 2:40:00 AM,01CAPRIS_G02,N,N,N,3739.6477,3739.6477,3900.0156,3739.6477,3739.6477,
7/11/2024 2:40:00 AM,01CASECN_G01,N,N,N,3603.7850,3603.7850,3502.4523,3603.7850,3603.7850,
7/11/2024 2:40:00 AM,01CASECN_SS,N,N,N,3603.7850,3603.7850,3420.2502,3603.7850,3603.7850,
7/11/2024 2:40:00 AM,01CAYBSOL_G01,N,N,N,3554.7735,3554.7735,3508.3434,3554.7735,3554.7735,
7/11/2024 2:40:00 AM,01CBNTU_SS,N,N,N,3680.1852,3680.1852,3420.2502,3680.1852,3680.1852,
7/11/2024 2:40:00 AM,01CBNTU_T1L1,N,N,N,3679.8248,3679.8248,3420.2502,3679.8248,3679.8248,
7/11/2024 2:40:00 AM,01CBNTU_T1L3,N,N,N,3679.8248,3679.8248,3420.2502,3679.8248,3679.8248,
7/11/2024 2:40:00 AM,01CBNTU_T2L1,N,N,N,3679.8248,3679.8248,3420.2502,3679.8248,3679.8248,
7/11/2024 2:40:00 AM,01CBNTU_T2L2,N,N,N,3679.8248,3679.8248,3420.2502,3679.8248,3679.8248,
7/11/2024 2:40:00 AM,01CBN_CELCOR,N,N,N,3679.8248,3679.8248,3420.2502,3679.8248,3679.8248,
7/11/2024 2:40:00 AM,01CIP2_G01,N,N,N,3689.1947,3689.1947,3599.0947,3689.1947,3689.1947,
7/11/2024 2:40:00 AM,01CLARK_L01,N,N,N,3603.7850,3603.7850,3420.2502,3603.7850,3603.7850,
7/11/2024 2:40:00 AM,01CLARK_L02,N,N,N,3633.3360,3633.3360,3420.2502,3633.3360,3633.3360,
7/11/2024 2:40:00 AM,01CLARK_L03,N,N,N,3633.3360,3633.3360,3420.2502,3633.3360,3633.3360,
7/11/2024 2:40:00 AM,01CLARK_L04,N,N,N,3634.4172,3634.4172,3420.2502,3634.4172,3634.4172,
7/11/2024 2:40:00 AM,01CLARK_SS,N,N,N,3633.3360,3633.3360,3420.2502,3633.3360,3633.3360,
7/11/2024 2:40:00 AM,01CLARK_T1L1,N,N,N,3633.3360,3633.3360,3420.2502,3633.3360,3633.3360,
7/11/2024 2:40:00 AM,01CLARK_T1L2,N,N,N,3633.3360,3633.3360,3420.2502,3633.3360,3633.3360,
7/11/2024 2:40:00 AM,01CLARK_T2L1,N,N,N,3603.7850,3603.7850,3420.2502,3603.7850,3603.7850,
7/11/2024 2:40:00 AM,01CLASOL_G01,N,N,N,3633.3360,3633.3360,3540.5818,3633.3360,3633.3360,
7/11/2024 2:40:00 AM,01CLEANG_G01,N,N,N,3485.9412,3485.9412,3406.8125,3485.9412,3485.9412,
7/11/2024 2:40:00 AM,01CNCEP_BAT,N,N,N,3635.4983,3635.4983,3543.5026,3635.4983,3635.4983,
7/11/2024 2:40:00 AM,01CNCEP_CAT,N,N,N,3635.4983,3635.4983,3420.2502,3635.4983,3635.4983,
7/11/2024 2:40:00 AM,01CNCEP_DAP2,N,N,N,3635.4983,3635.4983,3420.2502,3635.4983,3635.4983,
7/11/2024 2:40:00 AM,01CNCEP_SS,N,N,N,3629.7322,3629.7322,3420.2502,3629.7322,3629.7322,
7/11/2024 2:40:00 AM,01CNCEP_T1L3,N,N,N,3629.7322,3629.7322,3420.2502,3629.7322,3629.7322,
7/11/2024 2:40:00 AM,01CNCEP_TEI,N,N,N,3635.8587,3635.8587,3420.2502,3635.8587,3635.8587,
7/11/2024 2:40:00 AM,01CN_TRELC1,N,N,N,3635.8587,3635.8587,3420.2502,3635.8587,3635.8587,
7/11/2024 2:40:00 AM,01CN_TRELC2,N,N,N,3635.4983,3635.4983,3420.2502,3635.4983,3635.4983,
7/11/2024 2:40:00 AM,01CONSOL_G01,N,N,N,3635.4983,3635.4983,3543.5026,3635.4983,3635.4983,
7/11/2024 2:40:00 AM,01CRUZD_MECO,N,N,N,3640.1832,3640.1832,3420.2502,3640.1832,3640.1832,
7/11/2024 2:40:00 AM,01CRUZD_SS,N,N,N,3638.0209,3638.0209,3420.2502,3638.0209,3638.0209,
7/11/2024 2:40:00 AM,01CRUZD_T2L1,N,N,N,3640.1832,3640.1832,3420.2502,3640.1832,3640.1832,
7/11/2024 2:40:00 AM,01CURIM_SS,N,N,N,3753.3421,3753.3421,3420.2502,3753.3421,3753.3421,
7/11/2024 2:40:00 AM,01CURIM_T1L1,N,N,N,3754.7836,3754.7836,3420.2502,3754.7836,3754.7836,
7/11/2024 2:40:00 AM,01CURIM_T1L2,N,N,N,3754.7836,3754.7836,3420.2502,3754.7836,3754.7836,
7/11/2024 2:40:00 AM,01CURSOL_G02,N,N,N,3754.7836,3754.7836,3675.7637,3754.7836,3754.7836,
7/11/2024 2:40:00 AM,01DALSOL_G01,N,N,N,3635.8587,3635.8587,3543.9297,3635.8587,3635.8587,
7/11/2024 2:40:00 AM,01DUHAT_SS,N,N,N,3625.7681,3625.7681,3420.2502,3625.7681,3625.7681,
7/11/2024 2:40:00 AM,01DUHAT_T1L1,N,N,N,3633.3360,3633.3360,3420.2502,3633.3360,3633.3360,
7/11/2024 2:40:00 AM,01EHVSJ_SS,N,N,N,3571.7113,3571.7113,3420.2502,3571.7113,3571.7113,
7/11/2024 2:40:00 AM,01EHVSM_SS,N,N,N,3580.3604,3580.3604,3420.2502,3580.3604,3580.3604,
7/11/2024 2:40:00 AM,01GAMU_BAT,N,N,N,3902.5388,3902.5388,3420.2502,3902.5388,3902.5388,
7/11/2024 2:40:00 AM,01GAMU_BATL,N,N,N,3902.5388,3902.5388,3420.2502,3902.5388,3902.5388,
7/11/2024 2:40:00 AM,01GAMU_SS,N,N,N,3897.1331,3897.1331,3420.2502,3897.1331,3897.1331,
7/11/2024 2:40:00 AM,01GAMU_T1L1,N,N,N,3902.5388,3902.5388,3420.2502,3902.5388,3902.5388,
7/11/2024 2:40:00 AM,01GAMU_T1L2,N,N,N,3897.1331,3897.1331,3420.2502,3897.1331,3897.1331,
7/11/2024 2:40:00 AM,01GFII_G01,N,N,N,3902.5388,3902.5388,3818.7055,3902.5388,3902.5388,
7/11/2024 2:40:00 AM,01GIFT_G01,N,N,N,3679.8248,3679.8248,3588.5056,3679.8248,3679.8248,
7/11/2024 2:40:00 AM,01GIFT_G02,N,N,N,3679.8248,3679.8248,3589.5167,3679.8248,3679.8248,
7/11/2024 2:40:00 AM,01GIGSOL_G01,N,N,N,3552.2509,3552.2509,3461.4245,3552.2509,3552.2509,
7/11/2024 2:40:00 AM,01GNPD_SS,N,N,N,3463.5977,3463.5977,3420.2502,3463.5977,3463.5977,
7/11/2024 2:40:00 AM,01GNPD_U01,N,N,N,3440.1731,3440.1731,3328.4783,3440.1731,3440.1731,
7/11/2024 2:40:00 AM,01GNPD_U02,N,N,N,3434.7675,3434.7675,3398.1250,3434.7675,3434.7675,
7/11/2024 2:40:00 AM,01GRGOLD_G01,N,N,N,3679.8248,3679.8248,3595.3660,3679.8248,3679.8248,
7/11/2024 2:40:00 AM,01HANJI_SS,N,N,N,3513.6904,3513.6904,3420.2502,3513.6904,3513.6904,
7/11/2024 2:40:00 AM,01HANJI_T1L1,N,N,N,3513.6904,3513.6904,3420.2502,3513.6904,3513.6904,
7/11/2024 2:40:00 AM,01HANJI_T2L1,N,N,N,3513.6904,3513.6904,3420.2502,3513.6904,3513.6904,
7/11/2024 2:40:00 AM,01HERMO_FBL,N,N,N,3485.9412,3485.9412,3420.2502,3485.9412,3485.9412,
7/11/2024 2:40:00 AM,01HERMO_SS,N,N,N,3482.3374,3482.3374,3420.2502,3482.3374,3482.3374,
7/11/2024 2:40:00 AM,01HERMO_T1L1,N,N,N,3485.9412,3485.9412,3420.2502,3485.9412,3485.9412,
7/11/2024 2:40:00 AM,01HERMO_T1L2,N,N,N,3485.9412,3485.9412,3420.2502,3485.9412,3485.9412,
7/11/2024 2:40:00 AM,01HERMO_T1L3,N,N,N,3603.7850,3603.7850,3420.2502,3603.7850,3603.7850,
7/11/2024 2:40:00 AM,01HERMO_T1L4,N,N,N,3485.9412,3485.9412,3420.2502,3485.9412,3485.9412,
7/11/2024 2:40:00 AM,01HYPGRN_G01,N,N,N,3633.3360,3633.3360,3543.4112,3633.3360,3633.3360,
7/11/2024 2:40:00 AM,01IBEC_G01,N,N,N,3875.15,3875.15,3762.3205,3875.15,3875.15,
7/11/2024 2:40:00 AM,01IBULAO_G01,N,N,N,3797.3082,3797.3082,3876.8086,3797.3082,3797.3082,
7/11/2024 2:40:00 AM,01IPOWER_G01,N,N,N,3679.8248,3679.8248,3552.6285,3679.8248,3679.8248,
7/11/2024 2:40:00 AM,01IPOWER_G02,N,N,N,3679.8248,3679.8248,3588.7149,3679.8248,3679.8248,
7/11/2024 2:40:00 AM,01KDAM_SS,N,N,N,3564.1433,3564.1433,3420.2502,3564.1433,3564.1433,
7/11/2024 2:40:00 AM,01LAMAO_BAT,N,N,N,3383.9541,3383.9541,3123.2096,3383.9541,3383.9541,
7/11/2024 2:40:00 AM,01LAMAO_SS,N,N,N,3384.3145,3384.3145,3420.2502,3384.3145,3384.3145,
7/11/2024 2:40:00 AM,01LAOAG_SS,N,N,N,3741.4496,3741.4496,3420.2502,3741.4496,3741.4496,
7/11/2024 2:40:00 AM,01LAOAG_T1L1,N,N,N,3745.0534,3745.0534,3420.2502,3745.0534,3745.0534,
7/11/2024 2:40:00 AM,01LAOAG_T1L2,N,N,N,3745.0534,3745.0534,3420.2502,3745.0534,3745.0534,
7/11/2024 2:40:00 AM,01LAOAG_T2L2,N,N,N,3744.6930,3744.6930,3420.2502,3744.6930,3744.6930,
7/11/2024 2:40:00 AM,01LAOSOL_G01,N,N,N,3554.7735,3554.7735,3450.3944,3554.7735,3554.7735,
7/11/2024 2:40:00 AM,01LAOSOL_SS,N,N,N,3554.7735,3554.7735,3420.2502,3554.7735,3554.7735,
7/11/2024 2:40:00 AM,01LASUER_U01,N,N,N,3897.1331,3897.1331,3801.8833,3897.1331,3897.1331,
7/11/2024 2:40:00 AM,01LATRI_SS,N,N,N,3682.3475,3682.3475,3420.2502,3682.3475,3682.3475,
7/11/2024 2:40:00 AM,01LATRI_T1L1,N,N,N,3685.5909,3685.5909,3420.2502,3685.5909,3685.5909,
7/11/2024 2:40:00 AM,01LATRI_T2L1,N,N,N,3685.5909,3685.5909,3420.2502,3685.5909,3685.5909,
7/11/2024 2:40:00 AM,01LATRI_T2L2,N,N,N,3685.5909,3685.5909,3420.2502,3685.5909,3685.5909,
7/11/2024 2:40:00 AM,01LATRI_T2L3,N,N,N,3685.5909,3685.5909,3420.2502,3685.5909,3685.5909,
7/11/2024 2:40:00 AM,01LAT_BENECO,N,N,N,3685.5909,3685.5909,3420.2502,3685.5909,3685.5909,
7/11/2024 2:40:00 AM,01LAT_PHILEX,N,N,N,3685.5909,3685.5909,3420.2502,3685.5909,3685.5909,
7/11/2024 2:40:00 AM,01LBRDR_SS,N,N,N,3555.1339,3555.1339,3420.2502,3555.1339,3555.1339,
7/11/2024 2:40:00 AM,01LBR_CNPELC,N,N,N,3603.7850,3603.7850,3420.2502,3603.7850,3603.7850,
7/11/2024 2:40:00 AM,01LBR_DECORP,N,N,N,3556.2150,3556.2150,3420.2502,3556.2150,3556.2150,
7/11/2024 2:40:00 AM,01LBR_PNELC1,N,N,N,3556.9358,3556.9358,3420.2502,3556.9358,3556.9358,
7/11/2024 2:40:00 AM,01LIMAY_BAT,N,N,N,3395.1258,3395.1258,3451.8182,3395.1258,3395.1258,
7/11/2024 2:40:00 AM,01LIMAY_SS,N,N,N,3392.2428,3392.2428,3420.2502,3392.2428,3392.2428,
7/11/2024 2:40:00 AM,01LIMAY_U01,N,N,N,3392.2428,3392.2428,3328.9891,3392.2428,3392.2428,
7/11/2024 2:40:00 AM,01LIMAY_U02,N,N,N,3392.2428,3392.2428,3328.9891,3392.2428,3392.2428,
7/11/2024 2:40:00 AM,01LIMAY_U03,N,N,N,3392.2428,3392.2428,3328.9891,3392.2428,3392.2428,
7/11/2024 2:40:00 AM,01LIMAY_U04,N,N,N,3392.2428,3392.2428,3328.9891,3392.2428,3392.2428,
7/11/2024 2:40:00 AM,01LIMAY_U05,N,N,N,3392.2428,3392.2428,3328.9891,3392.2428,3392.2428,
7/11/2024 2:40:00 AM,01LIMAY_U06,N,N,N,3392.2428,3392.2428,3328.9891,3392.2428,3392.2428,
7/11/2024 2:40:00 AM,01LIMAY_U07,N,N,N,3392.2428,3392.2428,3328.9891,3392.2428,3392.2428,
7/11/2024 2:40:00 AM,01LIMAY_U08,N,N,N,3392.2428,3392.2428,3328.9891,3392.2428,3392.2428,
7/11/2024 2:40:00 AM,01MAEC_G01,N,N,N,3754.7836,3754.7836,3675.7637,3754.7836,3754.7836,
7/11/2024 2:40:00 AM,01MAEC_S01,N,N,N,3754.7836,3754.7836,3420.2502,3754.7836,3754.7836,
7/11/2024 2:40:00 AM,01MAGAPIT_BAT,N,N,N,4122.3696,4122.3696,3866.0728,4122.3696,4122.3696,
7/11/2024 2:40:00 AM,01MAGAT_BAT,N,N,N,3873.3481,3873.3481,3755.3390,3873.3481,3873.3481,
7/11/2024 2:40:00 AM,01MAGAT_SS,N,N,N,3873.3481,3873.3481,3420.2502,3873.3481,3873.3481,
7/11/2024 2:40:00 AM,01MAGAT_U01,N,N,N,3873.3481,3873.3481,3290.4684,3873.3481,3873.3481,
7/11/2024 2:40:00 AM,01MAGAT_U02,N,N,N,3873.3481,3873.3481,3934.0503,3873.3481,3873.3481,
7/11/2024 2:40:00 AM,01MAGAT_U03,N,N,N,3873.3481,3873.3481,3905.2239,3873.3481,3873.3481,
7/11/2024 2:40:00 AM,01MAGAT_U04,N,N,N,3873.3481,3873.3481,3614.6640,3873.3481,3873.3481,
7/11/2024 2:40:00 AM,01MALOL_SS,N,N,N,3572.7924,3572.7924,3420.2502,3572.7924,3572.7924,
7/11/2024 2:40:00 AM,01MALOL_T1L1,N,N,N,3582.5226,3582.5226,3420.2502,3582.5226,3582.5226,
7/11/2024 2:40:00 AM,01MARIS_U01,N,N,N,3875.15,3875.15,3809.6395,3875.15,3875.15,
7/11/2024 2:40:00 AM,01MARIS_U02,N,N,N,3875.15,3875.15,3798.9229,3875.15,3875.15,
7/11/2024 2:40:00 AM,01MARSOL_G01,N,N,N,3373.8635,3373.8635,3315.1781,3373.8635,3373.8635,
7/11/2024 2:40:00 AM,01MARVEL_AUX,N,N,N,3371.3408,3371.3408,3420.2502,3371.3408,3371.3408,
7/11/2024 2:40:00 AM,01MARVEL_G01,N,N,N,3369.8993,3369.8993,3375.0023,3369.8993,3369.8993,
7/11/2024 2:40:00 AM,01MARVEL_G02,N,N,N,3369.8993,3369.8993,3233.9531,3369.8993,3369.8993,
7/11/2024 2:40:00 AM,01MARVEL_SS,N,N,N,3371.3408,3371.3408,3420.2502,3371.3408,3371.3408,
7/11/2024 2:40:00 AM,01MASIWA_G01,N,N,N,3679.8248,3679.8248,3588.6046,3679.8248,3679.8248,
7/11/2024 2:40:00 AM,01MASIWA_SS,N,N,N,3679.8248,3679.8248,3420.2502,3679.8248,3679.8248,
7/11/2024 2:40:00 AM,01MATUNO_G01,N,N,N,3796.2271,3796.2271,3896.6204,3796.2271,3796.2271,
7/11/2024 2:40:00 AM,01MEXICO_SS,N,N,N,3619.2813,3619.2813,3420.2502,3619.2813,3619.2813,
7/11/2024 2:40:00 AM,01MEX_AEC,N,N,N,3623.2454,3623.2454,3420.2502,3623.2454,3623.2454,
7/11/2024 2:40:00 AM,01MEX_CISP,N,N,N,3624.3266,3624.3266,3420.2502,3624.3266,3624.3266,
7/11/2024 2:40:00 AM,01MEX_CLARK1,N,N,N,3624.3266,3624.3266,3420.2502,3624.3266,3624.3266,
7/11/2024 2:40:00 AM,01MEX_CLARK2,N,N,N,3624.3266,3624.3266,3420.2502,3624.3266,3624.3266,
7/11/2024 2:40:00 AM,01MEX_CND,N,N,N,3624.3266,3624.3266,3420.2502,3624.3266,3624.3266,
7/11/2024 2:40:00 AM,01MEX_L01,N,N,N,3624.3266,3624.3266,3420.2502,3624.3266,3624.3266,
7/11/2024 2:40:00 AM,01MEX_MIC,N,N,N,3623.2454,3623.2454,3420.2502,3623.2454,3623.2454,
7/11/2024 2:40:00 AM,01MEX_PELCO1,N,N,N,3624.3266,3624.3266,3420.2502,3624.3266,3624.3266,
7/11/2024 2:40:00 AM,01MEX_PIMP,N,N,N,3624.3266,3624.3266,3420.2502,3624.3266,3624.3266,
7/11/2024 2:40:00 AM,01MEX_SFLAPC,N,N,N,3620.0020,3620.0020,3420.2502,3620.0020,3620.0020,
7/11/2024 2:40:00 AM,01MEX_SKK,N,N,N,3623.2454,3623.2454,3420.2502,3623.2454,3623.2454,
7/11/2024 2:40:00 AM,01MPGC_SS,N,N,N,3461.7959,3461.7959,3420.2502,3461.7959,3461.7959,
7/11/2024 2:40:00 AM,01MPGC_U01,N,N,N,3603.7850,3603.7850,3355.3162,3603.7850,3603.7850,
7/11/2024 2:40:00 AM,01MPGC_U02,N,N,N,3446.66,3446.66,3360.8458,3446.66,3446.66,
7/11/2024 2:40:00 AM,01MPGC_U03,N,N,N,3446.2996,3446.2996,3360.4051,3446.2996,3446.2996,
7/11/2024 2:40:00 AM,01MPGC_U04,N,N,N,3454.2279,3454.2279,3564.6225,3454.2279,3454.2279,
7/11/2024 2:40:00 AM,01MRVEL_T1L1,N,N,N,3373.8635,3373.8635,3420.2502,3373.8635,3373.8635,
7/11/2024 2:40:00 AM,01MSINLO_BAT,N,N,N,3473.3280,3473.3280,3361.7479,3473.3280,3473.3280,
7/11/2024 2:40:00 AM,01MSINLO_G01,N,N,N,3471.8865,3471.8865,3321.9116,3471.8865,3471.8865,
7/11/2024 2:40:00 AM,01MSINLO_G02,N,N,N,3603.7850,3603.7850,3284.1611,3603.7850,3603.7850,
7/11/2024 2:40:00 AM,01MSINLO_G03,N,N,N,3471.8865,3471.8865,3387.8570,3471.8865,3471.8865,
7/11/2024 2:40:00 AM,01MSINLO_SS,N,N,N,3473.3280,3473.3280,3420.2502,3473.3280,3473.3280,
7/11/2024 2:40:00 AM,01NIABAL_G01,N,N,N,3875.15,3875.15,3725.9998,3875.15,3875.15,
7/11/2024 2:40:00 AM,01NMHC_G01,N,N,N,3685.5909,3685.5909,3579.7136,3685.5909,3685.5909,
7/11/2024 2:40:00 AM,01NMHC_G03,N,N,N,3685.5909,3685.5909,3585.5339,3685.5909,3685.5909,
7/11/2024 2:40:00 AM,01NSNMN_L01,N,N,N,3603.7850,3603.7850,3420.2502,3603.7850,3603.7850,
7/11/2024 2:40:00 AM,01NSNMN_L02,N,N,N,3611.7133,3611.7133,3420.2502,3611.7133,3611.7133,
7/11/2024 2:40:00 AM,01NSNMN_SS,N,N,N,3603.7850,3603.7850,3420.2502,3603.7850,3603.7850,
7/11/2024 2:40:00 AM,01NSNMN_T1L1,N,N,N,3607.0284,3607.0284,3420.2502,3607.0284,3607.0284,
7/11/2024 2:40:00 AM,01NWIND_G01,N,N,N,3744.6930,3744.6930,3145.7533,3744.6930,3744.6930,
7/11/2024 2:40:00 AM,01NWIND_G02,N,N,N,3744.6930,3744.6930,3198.1695,3744.6930,3744.6930,
7/11/2024 2:40:00 AM,01NWIND_L01,N,N,N,3744.6930,3744.6930,3420.2502,3744.6930,3744.6930,
7/11/2024 2:40:00 AM,01OLONG_SS,N,N,N,3499.6356,3499.6356,3420.2502,3499.6356,3499.6356,
7/11/2024 2:40:00 AM,01OLONG_T1L1,N,N,N,3502.8790,3502.8790,3420.2502,3502.8790,3502.8790,
7/11/2024 2:40:00 AM,01OLONG_T2L2,N,N,N,3502.8790,3502.8790,3420.2502,3502.8790,3502.8790,
7/11/2024 2:40:00 AM,01OLONG_T3L3,N,N,N,3502.8790,3502.8790,3420.2502,3502.8790,3502.8790,
7/11/2024 2:40:00 AM,01PAGCAP_L01,N,N,N,3739.6477,3739.6477,3420.2502,3739.6477,3739.6477,
7/11/2024 2:40:00 AM,01PAGUD_SS,N,N,N,3739.6477,3739.6477,3420.2502,3739.6477,3739.6477,
7/11/2024 2:40:00 AM,01PASQSOL_G01,N,N,N,3741.8099,3741.8099,3653.4429,3741.8099,3741.8099,
7/11/2024 2:40:00 AM,01PAVGSOL_G01,N,N,N,3603.7850,3603.7850,3331.4988,3603.7850,3603.7850,
7/11/2024 2:40:00 AM,01PETRON_G01,N,N,N,3391.5220,3391.5220,3438.3503,3391.5220,3391.5220,
7/11/2024 2:40:00 AM,01PETSOL_G01,N,N,N,3635.4983,3635.4983,3543.5026,3635.4983,3635.4983,
7/11/2024 2:40:00 AM,01PETSOL_G02,N,N,N,3635.4983,3635.4983,3543.5026,3635.4983,3635.4983,
7/11/2024 2:40:00 AM,01PNTBNG_SS,N,N,N,3647.7512,3647.7512,3420.2502,3647.7512,3647.7512,
7/11/2024 2:40:00 AM,01PNTBNG_U01,N,N,N,3647.7512,3647.7512,3552.2743,3647.7512,3647.7512,
7/11/2024 2:40:00 AM,01PNTBNG_U02,N,N,N,3647.7512,3647.7512,3552.2743,3647.7512,3647.7512,
7/11/2024 2:40:00 AM,01RASLAG_G01,N,N,N,3624.3266,3624.3266,3536.3338,3624.3266,3624.3266,
7/11/2024 2:40:00 AM,01RASLAG_G02,N,N,N,3624.3266,3624.3266,3536.3338,3624.3266,3624.3266,
7/11/2024 2:40:00 AM,01RASLAG_G03,N,N,N,3624.3266,3624.3266,3536.3338,3624.3266,3624.3266,
7/11/2024 2:40:00 AM,01SABANG_G01,N,N,N,3685.5909,3685.5909,3582.3556,3685.5909,3685.5909,
7/11/2024 2:40:00 AM,01SANMIGSOL_G01,N,N,N,3640.1832,3640.1832,3553.1073,3640.1832,3640.1832,
7/11/2024 2:40:00 AM,01SE_ABRECO,N,N,N,3721.2684,3721.2684,3420.2502,3721.2684,3721.2684,
7/11/2024 2:40:00 AM,01SLANGN_G01,N,N,N,3685.5909,3685.5909,3585.5339,3685.5909,3685.5909,
7/11/2024 2:40:00 AM,01SMBELL_G01,N,N,N,3797.3082,3797.3082,3685.6480,3797.3082,3797.3082,
7/11/2024 2:40:00 AM,01SMC_G01,N,N,N,3382.5126,3382.5126,3296.0796,3382.5126,3382.5126,
7/11/2024 2:40:00 AM,01SMC_G02,N,N,N,3382.5126,3382.5126,3347.6926,3382.5126,3382.5126,
7/11/2024 2:40:00 AM,01SMC_G03,N,N,N,3382.5126,3382.5126,3347.7296,3382.5126,3382.5126,
7/11/2024 2:40:00 AM,01SMC_G04,N,N,N,3367.3767,3367.3767,3328.0206,3367.3767,3367.3767,
7/11/2024 2:40:00 AM,01SMC_SS,N,N,N,3382.5126,3382.5126,3420.2502,3382.5126,3382.5126,
7/11/2024 2:40:00 AM,01SMC_SS2,N,N,N,3382.5126,3382.5126,3420.2502,3382.5126,3382.5126,
7/11/2024 2:40:00 AM,01SMC_SS3,N,N,N,3382.5126,3382.5126,3420.2502,3382.5126,3382.5126,
7/11/2024 2:40:00 AM,01SMC_SS4,N,N,N,3367.3767,3367.3767,3420.2502,3367.3767,3367.3767,
7/11/2024 2:40:00 AM,01SNEST_SS,N,N,N,3715.5023,3715.5023,3420.2502,3715.5023,3715.5023,
7/11/2024 2:40:00 AM,01SNEST_T3L1,N,N,N,3726.3137,3726.3137,3420.2502,3726.3137,3726.3137,
7/11/2024 2:40:00 AM,01SNEST_T3L2,N,N,N,3726.3137,3726.3137,3420.2502,3726.3137,3726.3137,
7/11/2024 2:40:00 AM,01SNJOSE_L01,N,N,N,3598.7397,3598.7397,3420.2502,3598.7397,3598.7397,
7/11/2024 2:40:00 AM,01SNJOSE_SS,N,N,N,3592.2529,3592.2529,3420.2502,3592.2529,3592.2529,
7/11/2024 2:40:00 AM,01SNJOS_CAM,N,N,N,3598.7397,3598.7397,3420.2502,3598.7397,3598.7397,
7/11/2024 2:40:00 AM,01SNJOS_T1L1,N,N,N,3597.6585,3597.6585,3420.2502,3597.6585,3597.6585,
7/11/2024 2:40:00 AM,01SNJOS_T1L2,N,N,N,3628.2907,3628.2907,3420.2502,3628.2907,3628.2907,
7/11/2024 2:40:00 AM,01SNJOS_T1L3,N,N,N,3598.3793,3598.3793,3420.2502,3598.3793,3598.3793,
7/11/2024 2:40:00 AM,01SNMAN_BAT,N,N,N,3627.57,3627.57,3546.7032,3627.57,3627.57,
7/11/2024 2:40:00 AM,01SNMAN_LYO,N,N,N,3627.57,3627.57,3420.2502,3627.57,3627.57,
7/11/2024 2:40:00 AM,01SNMAN_SS,N,N,N,3604.1454,3604.1454,3420.2502,3604.1454,3604.1454,
7/11/2024 2:40:00 AM,01SNMAN_T1L2,N,N,N,3627.57,3627.57,3420.2502,3627.57,3627.57,
7/11/2024 2:40:00 AM,01SNMARSOL_G01,N,N,N,3482.3374,3482.3374,3401.1466,3482.3374,3482.3374,
7/11/2024 2:40:00 AM,01SNMAR_SS,N,N,N,3482.3374,3482.3374,3420.2502,3482.3374,3482.3374,
7/11/2024 2:40:00 AM,01SNM_PNELC3,N,N,N,3627.57,3627.57,3420.2502,3627.57,3627.57,
7/11/2024 2:40:00 AM,01SNTGO_SS,N,N,N,3874.0689,3874.0689,3420.2502,3874.0689,3874.0689,
7/11/2024 2:40:00 AM,01SNTGO_T1L1,N,N,N,3875.15,3875.15,3420.2502,3875.15,3875.15,
7/11/2024 2:40:00 AM,01SNTGO_T1L2,N,N,N,3875.15,3875.15,3420.2502,3875.15,3875.15,
7/11/2024 2:40:00 AM,01SNTGO_T1L3,N,N,N,3875.15,3875.15,3420.2502,3875.15,3875.15,
7/11/2024 2:40:00 AM,01SNTGO_T2L1,N,N,N,3875.15,3875.15,3420.2502,3875.15,3875.15,
7/11/2024 2:40:00 AM,01SNTGO_T2L2,N,N,N,3875.15,3875.15,3420.2502,3875.15,3875.15,
7/11/2024 2:40:00 AM,01SPABUL_G01,N,N,N,3640.1832,3640.1832,3553.1073,3640.1832,3640.1832,
7/11/2024 2:40:00 AM,01SROQUE_SS,N,N,N,3603.7850,3603.7850,3420.2502,3603.7850,3603.7850,
7/11/2024 2:40:00 AM,01SROQUE_U01,N,N,N,3603.7850,3603.7850,3502.4523,3603.7850,3603.7850,
7/11/2024 2:40:00 AM,01SROQUE_U02,N,N,N,3603.7850,3603.7850,3502.4523,3603.7850,3603.7850,
7/11/2024 2:40:00 AM,01SROQUE_U03,N,N,N,3603.7850,3603.7850,3502.4523,3603.7850,3603.7850,
7/11/2024 2:40:00 AM,01SUAL_G01,N,N,N,3536.3942,3536.3942,3483.3182,3536.3942,3536.3942,
7/11/2024 2:40:00 AM,01SUAL_G02,N,N,N,3542.8810,3542.8810,3480.9744,3542.8810,3542.8810,
7/11/2024 2:40:00 AM,01SUAL_T3L1,N,N,N,3544.6829,3544.6829,3420.2502,3544.6829,3544.6829,
7/11/2024 2:40:00 AM,01SUBIC_T3L1,N,N,N,3493.8695,3493.8695,3420.2502,3493.8695,3493.8695,
7/11/2024 2:40:00 AM,01SUBIC_T3L2,N,N,N,3493.8695,3493.8695,3420.2502,3493.8695,3493.8695,
7/11/2024 2:40:00 AM,01SUBSOL_G01,N,N,N,3493.8695,3493.8695,3411.5224,3493.8695,3493.8695,
7/11/2024 2:40:00 AM,01SUPSOL_G01,N,N,N,3493.8695,3493.8695,3625.2985,3493.8695,3493.8695,
7/11/2024 2:40:00 AM,01S_ENRO_G01,N,N,N,3493.8695,3493.8695,3411.5224,3493.8695,3493.8695,
7/11/2024 2:40:00 AM,01S_ENRO_SS,N,N,N,3493.8695,3493.8695,3420.2502,3493.8695,3493.8695,
7/11/2024 2:40:00 AM,01TERASU_G01,N,N,N,3635.8587,3635.8587,3543.9297,3635.8587,3635.8587,
7/11/2024 2:40:00 AM,01TGEGA_SS,N,N,N,4107.5941,4107.5941,3420.2502,4107.5941,4107.5941,
7/11/2024 2:40:00 AM,01TGEGA_T1L1,N,N,N,4122.3696,4122.3696,3420.2502,4122.3696,4122.3696,
7/11/2024 2:40:00 AM,01TG_CGELCO1,N,N,N,4122.3696,4122.3696,3420.2502,4122.3696,4122.3696,
7/11/2024 2:40:00 AM,01TG_CGELCO2,N,N,N,4122.3696,4122.3696,3420.2502,4122.3696,4122.3696,
7/11/2024 2:40:00 AM,01TG_ISELCO2,N,N,N,4122.3696,4122.3696,3420.2502,4122.3696,4122.3696,
7/11/2024 2:40:00 AM,01TRASU_L01,N,N,N,3635.8587,3635.8587,3420.2502,3635.8587,3635.8587,
7/11/2024 2:40:00 AM,01TRUSTBIO_G01,N,N,N,3624.3266,3624.3266,3536.3338,3624.3266,3624.3266,
7/11/2024 2:40:00 AM,01TRUSTSOL_G01,N,N,N,3624.3266,3624.3266,3723.3894,3624.3266,3624.3266,
7/11/2024 2:40:00 AM,01T_ASIA_G01,N,N,N,3598.0189,3598.0189,3517.5416,3598.0189,3598.0189,
7/11/2024 2:40:00 AM,01T_ASI_T3L1,N,N,N,3598.0189,3598.0189,3420.2502,3598.0189,3598.0189,
7/11/2024 2:40:00 AM,01UPPC_G01,N,N,N,3624.3266,3624.3266,3536.3338,3624.3266,3624.3266,
7/11/2024 2:40:00 AM,01VSGRIP_G01,N,N,N,3679.8248,3679.8248,3582.7950,3679.8248,3679.8248,
7/11/2024 2:40:00 AM,01YHGRN_G01,N,N,N,3485.9412,3485.9412,3406.8125,3485.9412,3485.9412,
7/11/2024 2:40:00 AM,01ZAMSOL_G01,N,N,N,3552.2509,3552.2509,3461.4245,3552.2509,3552.2509,
7/11/2024 2:40:00 AM,02ARANE_T1L1,N,N,N,3647.0304,3647.0304,3420.2502,3647.0304,3647.0304,
7/11/2024 2:40:00 AM,02BALNT_T1L1,N,N,N,3627.57,3627.57,3420.2502,3627.57,3627.57,
7/11/2024 2:40:00 AM,02DOLOR_T1L1,N,N,N,3645.5889,3645.5889,3420.2502,3645.5889,3645.5889,
7/11/2024 2:40:00 AM,02ECOPRK_G01,N,N,N,3627.57,3627.57,3541.7568,3627.57,3627.57,
7/11/2024 2:40:00 AM,02ECOTAGA_G01,N,N,N,3627.57,3627.57,3541.7568,3627.57,3627.57,
7/11/2024 2:40:00 AM,02MMPP_G01,N,N,N,3627.57,3627.57,3541.7568,3627.57,3627.57,
7/11/2024 2:40:00 AM,02PACO_T1L1,N,N,N,3648.8323,3648.8323,3420.2502,3648.8323,3648.8323,
7/11/2024 2:40:00 AM,02PNGEA_G01,N,N,N,3627.57,3627.57,3535.7649,3627.57,3627.57,
7/11/2024 2:40:00 AM,02PNGYSOL_G01,N,N,N,3645.5889,3645.5889,3558.0839,3645.5889,3645.5889,
7/11/2024 2:40:00 AM,02SMNRTH_G01,N,N,N,3627.57,3627.57,3541.7568,3627.57,3627.57,
7/11/2024 2:40:00 AM,02SUCAT_T1L1,N,N,N,3599.4604,3599.4604,3420.2502,3599.4604,3599.4604,
7/11/2024 2:40:00 AM,02TMOBIL_G01,N,N,N,3627.57,3627.57,3541.7568,3627.57,3627.57,
7/11/2024 2:40:00 AM,02TMOBIL_G02,N,N,N,3627.57,3627.57,3541.7568,3627.57,3627.57,
7/11/2024 2:40:00 AM,02TMOBIL_G03,N,N,N,3627.57,3627.57,3541.7568,3627.57,3627.57,
7/11/2024 2:40:00 AM,02TMOBIL_G04,N,N,N,3627.57,3627.57,3541.7568,3627.57,3627.57,
7/11/2024 2:40:00 AM,02VALSOL_G01,N,N,N,3627.57,3627.57,3541.7568,3627.57,3627.57,
7/11/2024 2:40:00 AM,02ZAPOT_T1L1,N,N,N,3581.4415,3581.4415,3420.2502,3581.4415,3581.4415,
7/11/2024 2:40:00 AM,03ADISOL_G01,N,N,N,3425.0372,3425.0372,3350.3885,3425.0372,3425.0372,
7/11/2024 2:40:00 AM,03ALMNOS_BAT1,N,N,N,3593.6944,3593.6944,3506.7124,3593.6944,3593.6944,
7/11/2024 2:40:00 AM,03ALMNOS_BAT2,N,N,N,3593.6944,3593.6944,3548.4367,3593.6944,3593.6944,
7/11/2024 2:40:00 AM,03AMADEO_T1L1,N,N,N,3528.8263,3528.8263,3420.2502,3528.8263,3528.8263,
7/11/2024 2:40:00 AM,03AVION_SS,N,N,N,3568.4679,3568.4679,3420.2502,3568.4679,3568.4679,
7/11/2024 2:40:00 AM,03AVION_U01,N,N,N,3568.1075,3568.1075,3479.8270,3568.1075,3568.1075,
7/11/2024 2:40:00 AM,03AVION_U02,N,N,N,3568.1075,3568.1075,3520.6264,3568.1075,3568.1075,
7/11/2024 2:40:00 AM,03AWOC_G01,N,N,N,3645.5889,3645.5889,3083.21,3645.5889,3645.5889,
7/11/2024 2:40:00 AM,03BACMAN_SS,N,N,N,3325.2124,3325.2124,3420.2502,3325.2124,3325.2124,
7/11/2024 2:40:00 AM,03BACMAN_U01,N,N,N,3310.0765,3310.0765,3326.5670,3310.0765,3310.0765,
7/11/2024 2:40:00 AM,03BACMAN_U02,N,N,N,3310.4369,3310.4369,3192.0201,3310.4369,3310.4369,
7/11/2024 2:40:00 AM,03BACMAN_U03,N,N,N,3324.1313,3324.1313,3199.9012,3324.1313,3324.1313,
7/11/2024 2:40:00 AM,03BALUG_G01,N,N,N,3637.6606,3637.6606,3550.3483,3637.6606,3637.6606,
7/11/2024 2:40:00 AM,03BART_G01,N,N,N,3410.9825,3410.9825,3269.3936,3410.9825,3410.9825,
7/11/2024 2:40:00 AM,03BATAN_SS,N,N,N,3576.7566,3576.7566,3420.2502,3576.7566,3576.7566,
7/11/2024 2:40:00 AM,03BATAN_T1L2,N,N,N,3591.1717,3591.1717,3420.2502,3591.1717,3591.1717,
7/11/2024 2:40:00 AM,03BATAN_T2L2,N,N,N,3578.1981,3578.1981,3420.2502,3578.1981,3578.1981,
7/11/2024 2:40:00 AM,03BAT_BTLEC2,N,N,N,3580,3580,3420.2502,3580,3580,
7/11/2024 2:40:00 AM,03BAT_LIP01,N,N,N,3580,3580,3420.2502,3580,3580,
7/11/2024 2:40:00 AM,03BAT_LIP02,N,N,N,3580,3580,3420.2502,3580,3580,
7/11/2024 2:40:00 AM,03BAT_MECO,N,N,N,3580,3580,3420.2502,3580,3580,
7/11/2024 2:40:00 AM,03BAT_MECO1,N,N,N,3580,3580,3420.2502,3580,3580,
7/11/2024 2:40:00 AM,03BAT_MECO2,N,N,N,3580,3580,3420.2502,3580,3580,
7/11/2024 2:40:00 AM,03BAT_ROS01,N,N,N,3580,3580,3420.2502,3580,3580,
7/11/2024 2:40:00 AM,03BAT_T1L1,N,N,N,3591.1717,3591.1717,3420.2502,3591.1717,3591.1717,
7/11/2024 2:40:00 AM,03BAT_T2L1,N,N,N,3578.1981,3578.1981,3420.2502,3578.1981,3578.1981,
7/11/2024 2:40:00 AM,03BBEC_G01,N,N,N,3410.9825,3410.9825,3271.0378,3410.9825,3410.9825,
7/11/2024 2:40:00 AM,03BINAN_SS,N,N,N,3574.9547,3574.9547,3420.2502,3574.9547,3574.9547,
7/11/2024 2:40:00 AM,03BINAN_T1L1,N,N,N,3580,3580,3420.2502,3580,3580,
7/11/2024 2:40:00 AM,03BOTOCA_G01,N,N,N,3637.3002,3637.3002,3058.0923,3637.3002,3637.3002,
7/11/2024 2:40:00 AM,03BOTOCA_L01,N,N,N,3637.6606,3637.6606,3420.2502,3637.6606,3637.6606,
7/11/2024 2:40:00 AM,03BOTOCA_SS,N,N,N,3637.3002,3637.3002,3420.2502,3637.3002,3637.3002,
7/11/2024 2:40:00 AM,03CADPI_G01,N,N,N,3425.0372,3425.0372,3350.3885,3425.0372,3425.0372,
7/11/2024 2:40:00 AM,03CALACA_G01,N,N,N,3420.7127,3420.7127,3320.4041,3420.7127,3420.7127,
7/11/2024 2:40:00 AM,03CALACA_G02,N,N,N,3421.0731,3421.0731,3346.1468,3421.0731,3421.0731,
7/11/2024 2:40:00 AM,03CALAMBA_L01,N,N,N,3593.3340,3593.3340,3420.2502,3593.3340,3593.3340,
7/11/2024 2:40:00 AM,03CALAMBA_SS,N,N,N,3587.2076,3587.2076,3420.2502,3587.2076,3587.2076,
7/11/2024 2:40:00 AM,03CALAU_SS,N,N,N,3648.1115,3648.1115,3420.2502,3648.1115,3648.1115,
7/11/2024 2:40:00 AM,03CALAU_T1L1,N,N,N,3651.3549,3651.3549,3420.2502,3651.3549,3651.3549,
7/11/2024 2:40:00 AM,03CALIRY_G01,N,N,N,3637.6606,3637.6606,3551.2150,3637.6606,3637.6606,
7/11/2024 2:40:00 AM,03CALIRY_SS,N,N,N,3637.6606,3637.6606,3420.2502,3637.6606,3637.6606,
7/11/2024 2:40:00 AM,03CALIRY_SS1,N,N,N,3637.6606,3637.6606,3420.2502,3637.6606,3637.6606,
7/11/2024 2:40:00 AM,03CALIR_TAL1,N,N,N,3638.0209,3638.0209,3420.2502,3638.0209,3638.0209,
7/11/2024 2:40:00 AM,03CALI_FLECO,N,N,N,3638.0209,3638.0209,3420.2502,3638.0209,3638.0209,
7/11/2024 2:40:00 AM,03CALSOL_G01,N,N,N,3425.0372,3425.0372,3350.3885,3425.0372,3425.0372,
7/11/2024 2:40:00 AM,03CLABSOL_G01,N,N,N,3411.3429,3411.3429,3269.8338,3411.3429,3411.3429,
7/11/2024 2:40:00 AM,03CLACA_SS,N,N,N,3480.5355,3480.5355,3420.2502,3480.5355,3480.5355,
7/11/2024 2:40:00 AM,03CLA_BCNOT,N,N,N,3406.2976,3406.2976,3420.2502,3406.2976,3406.2976,
7/11/2024 2:40:00 AM,03CLA_BTLEC1,N,N,N,3425.0372,3425.0372,3420.2502,3425.0372,3425.0372,
7/11/2024 2:40:00 AM,03CLA_STLCOR,N,N,N,3425.0372,3425.0372,3420.2502,3425.0372,3425.0372,
7/11/2024 2:40:00 AM,03CLA_T1L1,N,N,N,3425.0372,3425.0372,3420.2502,3425.0372,3425.0372,
7/11/2024 2:40:00 AM,03CLBATO_G01,N,N,N,3651.3549,3651.3549,3685.1907,3651.3549,3651.3549,
7/11/2024 2:40:00 AM,03DARAG_SS,N,N,N,3361.6106,3361.6106,3420.2502,3361.6106,3361.6106,
7/11/2024 2:40:00 AM,03DARAG_T1L1,N,N,N,3603.7850,3603.7850,3420.2502,3603.7850,3603.7850,
7/11/2024 2:40:00 AM,03DAR_ALECO,N,N,N,3364.4937,3364.4937,3420.2502,3364.4937,3364.4937,
7/11/2024 2:40:00 AM,03DAR_SRECO2,N,N,N,3367.3767,3367.3767,3420.2502,3367.3767,3367.3767,
7/11/2024 2:40:00 AM,03DAR_STDOM,N,N,N,3364.4937,3364.4937,3420.2502,3364.4937,3364.4937,
7/11/2024 2:40:00 AM,03DASMA_L01,N,N,N,3555.8546,3555.8546,3420.2502,3555.8546,3555.8546,
7/11/2024 2:40:00 AM,03DASMA_SS,N,N,N,3544.3225,3544.3225,3420.2502,3544.3225,3544.3225,
7/11/2024 2:40:00 AM,03EERI_G01,N,N,N,3479.8148,3479.8148,3392.5005,3479.8148,3479.8148,
7/11/2024 2:40:00 AM,03EERI_G02,N,N,N,3479.8148,3479.8148,3372.1077,3479.8148,3479.8148,
7/11/2024 2:40:00 AM,03EERI_G03,N,N,N,3603.7850,3603.7850,3372.1077,3603.7850,3603.7850,
7/11/2024 2:40:00 AM,03EERI_L01,N,N,N,3479.8148,3479.8148,3420.2502,3479.8148,3479.8148,
7/11/2024 2:40:00 AM,03EERI_SS,N,N,N,3479.8148,3479.8148,3420.2502,3479.8148,3479.8148,
7/11/2024 2:40:00 AM,03GUMAC_SS,N,N,N,3575.3151,3575.3151,3420.2502,3575.3151,3575.3151,
7/11/2024 2:40:00 AM,03GUMAC_T1L1,N,N,N,3577.8377,3577.8377,3420.2502,3577.8377,3577.8377,
7/11/2024 2:40:00 AM,03GUMAC_T1L2,N,N,N,3577.8377,3577.8377,3420.2502,3577.8377,3577.8377,
7/11/2024 2:40:00 AM,03GUMAC_T1L3,N,N,N,3577.8377,3577.8377,3420.2502,3577.8377,3577.8377,
7/11/2024 2:40:00 AM,03GUMAC_T1L4,N,N,N,3577.8377,3577.8377,3420.2502,3577.8377,3577.8377,
7/11/2024 2:40:00 AM,03ILIJAN_G01,N,N,N,3479.0940,3479.0940,3351.3316,3479.0940,3479.0940,
7/11/2024 2:40:00 AM,03ILIJAN_G02,N,N,N,3478.7336,3478.7336,3427.8054,3478.7336,3478.7336,
7/11/2024 2:40:00 AM,03ILIJAN_SS,N,N,N,3479.0940,3479.0940,3420.2502,3479.0940,3479.0940,
7/11/2024 2:40:00 AM,03ILIJAN_SS2,N,N,N,3478.7336,3478.7336,3420.2502,3478.7336,3478.7336,
7/11/2024 2:40:00 AM,03INARI_G01,N,N,N,3411.3429,3411.3429,3165.7432,3411.3429,3411.3429,
7/11/2024 2:40:00 AM,03INGRID_GS1,N,N,N,3637.6606,3637.6606,3547.1011,3637.6606,3637.6606,
7/11/2024 2:40:00 AM,03INGRID_GS2,N,N,N,3637.6606,3637.6606,3547.1011,3637.6606,3637.6606,
7/11/2024 2:40:00 AM,03INGRID_GS3,N,N,N,3637.6606,3637.6606,3547.1011,3637.6606,3637.6606,
7/11/2024 2:40:00 AM,03INGRID_GS4,N,N,N,3637.6606,3637.6606,3547.1011,3637.6606,3637.6606,
7/11/2024 2:40:00 AM,03INGRID_GS5,N,N,N,3637.6606,3637.6606,3547.1011,3637.6606,3637.6606,
7/11/2024 2:40:00 AM,03INGRID_GS6,N,N,N,3637.6606,3637.6606,3547.1011,3637.6606,3637.6606,
7/11/2024 2:40:00 AM,03KAL_E_T1L1,N,N,N,3634.0568,3634.0568,3420.2502,3634.0568,3634.0568,
7/11/2024 2:40:00 AM,03KAL_G01,N,N,N,3635.4983,3635.4983,3546.7623,3635.4983,3635.4983,
7/11/2024 2:40:00 AM,03KAL_G02,N,N,N,3638.0209,3638.0209,3420.2502,3638.0209,3638.0209,
7/11/2024 2:40:00 AM,03KAL_G03,N,N,N,3640.5436,3640.5436,3420.2502,3640.5436,3640.5436,
7/11/2024 2:40:00 AM,03KAL_G04,N,N,N,3640.5436,3640.5436,3420.2502,3640.5436,3640.5436,
7/11/2024 2:40:00 AM,03KAL_SS,N,N,N,3635.4983,3635.4983,3420.2502,3635.4983,3635.4983,
7/11/2024 2:40:00 AM,03LABO_SS,N,N,N,3502.5186,3502.5186,3420.2502,3502.5186,3502.5186,
7/11/2024 2:40:00 AM,03LABO_T1L1,N,N,N,3505.7620,3505.7620,3420.2502,3505.7620,3505.7620,
7/11/2024 2:40:00 AM,03LABO_T1L2,N,N,N,3504.3205,3504.3205,3420.2502,3504.3205,3504.3205,
7/11/2024 2:40:00 AM,03LMHP_G01,N,N,N,3405.9372,3405.9372,3320.5757,3405.9372,3405.9372,
7/11/2024 2:40:00 AM,03LUMBAN_BAT,N,N,N,3634.0568,3634.0568,3542.3116,3634.0568,3634.0568,
7/11/2024 2:40:00 AM,03LUMBAN_BATL,N,N,N,3634.0568,3634.0568,3420.2502,3634.0568,3634.0568,
7/11/2024 2:40:00 AM,03LUMBAN_SS,N,N,N,3633.6964,3633.6964,3420.2502,3633.6964,3633.6964,
7/11/2024 2:40:00 AM,03LWERLAB_G01,N,N,N,3634.0568,3634.0568,3449.2201,3634.0568,3634.0568,
7/11/2024 2:40:00 AM,03MAJAY_G01,N,N,N,3637.6606,3637.6606,3435.5044,3637.6606,3637.6606,
7/11/2024 2:40:00 AM,03MAKBA_T3L1,N,N,N,3593.6944,3593.6944,3420.2502,3593.6944,3593.6944,
7/11/2024 2:40:00 AM,03MAKBA_T3L2,N,N,N,3603.7850,3603.7850,3420.2502,3603.7850,3603.7850,
7/11/2024 2:40:00 AM,03MALAYA_G01,N,N,N,3637.6606,3637.6606,3547.1011,3637.6606,3637.6606,
7/11/2024 2:40:00 AM,03MALAYA_G02,N,N,N,3603.7850,3603.7850,3514.0321,3603.7850,3603.7850,
7/11/2024 2:40:00 AM,03MEC_G01,N,N,N,3555.8546,3555.8546,3470.1552,3555.8546,3555.8546,
7/11/2024 2:40:00 AM,03MGI_G02,N,N,N,3651.3549,3651.3549,3562.6880,3651.3549,3651.3549,
7/11/2024 2:40:00 AM,03MGPP_G01,N,N,N,3651.3549,3651.3549,3563.0398,3651.3549,3651.3549,
7/11/2024 2:40:00 AM,03MKBNA_SS,N,N,N,3592.2529,3592.2529,3420.2502,3592.2529,3592.2529,
7/11/2024 2:40:00 AM,03MKBNB_SS,N,N,N,3591.5321,3591.5321,3420.2502,3591.5321,3591.5321,
7/11/2024 2:40:00 AM,03MKBNC_SS,N,N,N,3603.7850,3603.7850,3420.2502,3603.7850,3603.7850,
7/11/2024 2:40:00 AM,03MKBND_SS,N,N,N,3590.8114,3590.8114,3420.2502,3590.8114,3590.8114,
7/11/2024 2:40:00 AM,03MKBNE_SS,N,N,N,3593.6944,3593.6944,3420.2502,3593.6944,3593.6944,
7/11/2024 2:40:00 AM,03MKBN_A,N,N,N,3569.9094,3569.9094,3484.8001,3569.9094,3569.9094,
7/11/2024 2:40:00 AM,03MKBN_B,N,N,N,3587.2076,3587.2076,3504.8628,3587.2076,3587.2076,
7/11/2024 2:40:00 AM,03MKBN_C,N,N,N,3603.7850,3603.7850,3514.0321,3603.7850,3603.7850,
7/11/2024 2:40:00 AM,03MKBN_D,N,N,N,3589.0095,3589.0095,3500.6960,3589.0095,3589.0095,
7/11/2024 2:40:00 AM,03MKBN_E,N,N,N,3593.6944,3593.6944,3496.9539,3593.6944,3593.6944,
7/11/2024 2:40:00 AM,03MKBN_SLACE,N,N,N,3593.6944,3593.6944,3420.2502,3593.6944,3593.6944,
7/11/2024 2:40:00 AM,03MLAYA_L01,N,N,N,3637.6606,3637.6606,3420.2502,3637.6606,3637.6606,
7/11/2024 2:40:00 AM,03MLAYA_SS,N,N,N,3637.6606,3637.6606,3420.2502,3637.6606,3637.6606,
7/11/2024 2:40:00 AM,03MLAYA_SS1,N,N,N,3637.6606,3637.6606,3420.2502,3637.6606,3637.6606,
7/11/2024 2:40:00 AM,03MLAYA_T2L1,N,N,N,3637.6606,3637.6606,3420.2502,3637.6606,3637.6606,
7/11/2024 2:40:00 AM,03MLAYA_T2L2,N,N,N,3603.7850,3603.7850,3420.2502,3603.7850,3603.7850,
7/11/2024 2:40:00 AM,03NAG_CSRC2B,N,N,N,3411.3429,3411.3429,3420.2502,3411.3429,3411.3429,
7/11/2024 2:40:00 AM,03NAG_CSRCO1,N,N,N,3411.3429,3411.3429,3420.2502,3411.3429,3411.3429,
7/11/2024 2:40:00 AM,03NAG_CSRCO2,N,N,N,3411.3429,3411.3429,3420.2502,3411.3429,3411.3429,
7/11/2024 2:40:00 AM,03NAG_CSRCO3,N,N,N,3410.9825,3410.9825,3420.2502,3410.9825,3410.9825,
7/11/2024 2:40:00 AM,03NAG_CSRCO4,N,N,N,3410.9825,3410.9825,3420.2502,3410.9825,3410.9825,
7/11/2024 2:40:00 AM,03NAG_SS,N,N,N,3410.6221,3410.6221,3420.2502,3410.6221,3410.6221,
7/11/2024 2:40:00 AM,03ORMAT_G01,N,N,N,3603.7850,3603.7850,3453.8598,3603.7850,3603.7850,
7/11/2024 2:40:00 AM,03ORMAT_SS,N,N,N,3593.6944,3593.6944,3420.2502,3593.6944,3593.6944,
7/11/2024 2:40:00 AM,03PAGBIL_G01,N,N,N,3603.7850,3603.7850,3401.5208,3603.7850,3603.7850,
7/11/2024 2:40:00 AM,03PAGBIL_G02,N,N,N,3458.1921,3458.1921,3399.4685,3458.1921,3458.1921,
7/11/2024 2:40:00 AM,03PAGBIL_G03,N,N,N,3457.8317,3457.8317,3367.2547,3457.8317,3457.8317,
7/11/2024 2:40:00 AM,03PAGEHV_SS,N,N,N,3478.7336,3478.7336,3420.2502,3478.7336,3478.7336,
7/11/2024 2:40:00 AM,03PALAK_G01,N,N,N,3651.3549,3651.3549,3598.5337,3651.3549,3651.3549,
7/11/2024 2:40:00 AM,03PALAYAN_G01,N,N,N,3321.2482,3321.2482,3328.1232,3321.2482,3321.2482,
7/11/2024 2:40:00 AM,03PGBIL_SS,N,N,N,3459.2732,3459.2732,3420.2502,3459.2732,3459.2732,
7/11/2024 2:40:00 AM,03PGBIL_SS1,N,N,N,3603.7850,3603.7850,3420.2502,3603.7850,3603.7850,
7/11/2024 2:40:00 AM,03PGBIL_SS2,N,N,N,3459.2732,3459.2732,3420.2502,3459.2732,3459.2732,
7/11/2024 2:40:00 AM,03QPPL_G01,N,N,N,3405.9372,3405.9372,3315.3001,3405.9372,3405.9372,
7/11/2024 2:40:00 AM,03QPPL_SU1,N,N,N,3405.9372,3405.9372,3420.2502,3405.9372,3405.9372,
7/11/2024 2:40:00 AM,03QPPL_T5L1,N,N,N,3405.9372,3405.9372,3420.2502,3405.9372,3405.9372,
7/11/2024 2:40:00 AM,03RCBMI_G01,N,N,N,3578.1981,3578.1981,3495.3075,3578.1981,3578.1981,
7/11/2024 2:40:00 AM,03RCBMI_G02,N,N,N,3578.1981,3578.1981,3495.3075,3578.1981,3578.1981,
7/11/2024 2:40:00 AM,03SBPL_G01,N,N,N,3405.9372,3405.9372,3320.8896,3405.9372,3405.9372,
7/11/2024 2:40:00 AM,03SBPL_L01,N,N,N,3405.9372,3405.9372,3420.2502,3405.9372,3405.9372,
7/11/2024 2:40:00 AM,03SLPGC_G01,N,N,N,3403.7749,3403.7749,3331.3414,3403.7749,3403.7749,
7/11/2024 2:40:00 AM,03SLPGC_G02,N,N,N,3403.7749,3403.7749,3330.6001,3403.7749,3403.7749,
7/11/2024 2:40:00 AM,03SLPGC_SS,N,N,N,3421.4335,3421.4335,3420.2502,3421.4335,3421.4335,
7/11/2024 2:40:00 AM,03SLTEC_G01,N,N,N,3404.4957,3404.4957,3334.2242,3404.4957,3404.4957,
7/11/2024 2:40:00 AM,03SLTEC_G02,N,N,N,3404.4957,3404.4957,3334.0931,3404.4957,3404.4957,
7/11/2024 2:40:00 AM,03SLTEC_SS,N,N,N,3406.2976,3406.2976,3420.2502,3406.2976,3406.2976,
7/11/2024 2:40:00 AM,03SNGAB_G01,N,N,N,3564.1433,3564.1433,3595.7398,3564.1433,3564.1433,
7/11/2024 2:40:00 AM,03SNGAB_S01,N,N,N,3564.1433,3564.1433,3420.2502,3564.1433,3564.1433,
7/11/2024 2:40:00 AM,03SOLACE_G01,N,N,N,3593.6944,3593.6944,3506.7124,3593.6944,3593.6944,
7/11/2024 2:40:00 AM,03STA-RI_G01,N,N,N,3358.7276,3358.7276,3305.5947,3358.7276,3358.7276,
7/11/2024 2:40:00 AM,03STA-RI_G02,N,N,N,3373.8635,3373.8635,3314.2872,3373.8635,3373.8635,
7/11/2024 2:40:00 AM,03STA-RI_G03,N,N,N,3374.5843,3374.5843,3314.5754,3374.5843,3374.5843,
7/11/2024 2:40:00 AM,03STA-RI_G04,N,N,N,3374.5843,3374.5843,3314.2872,3374.5843,3374.5843,
7/11/2024 2:40:00 AM,03STA-RI_G05,N,N,N,3568.1075,3568.1075,3355.6523,3568.1075,3568.1075,
7/11/2024 2:40:00 AM,03STA-RI_G06,N,N,N,3568.8283,3568.8283,3358.7638,3568.8283,3568.8283,
7/11/2024 2:40:00 AM,03STAR_SS1,N,N,N,3358.7276,3358.7276,3420.2502,3358.7276,3358.7276,
7/11/2024 2:40:00 AM,03STAR_SS2,N,N,N,3373.8635,3373.8635,3420.2502,3373.8635,3373.8635,
7/11/2024 2:40:00 AM,03STAR_SS3,N,N,N,3374.5843,3374.5843,3420.2502,3374.5843,3374.5843,
7/11/2024 2:40:00 AM,03STAR_SS4,N,N,N,3374.5843,3374.5843,3420.2502,3374.5843,3374.5843,
7/11/2024 2:40:00 AM,03STAR_SS5,N,N,N,3568.1075,3568.1075,3420.2502,3568.1075,3568.1075,
7/11/2024 2:40:00 AM,03STAR_SS6,N,N,N,3568.8283,3568.8283,3420.2502,3568.8283,3568.8283,
7/11/2024 2:40:00 AM,03STROS_T1L1,N,N,N,3574.5943,3574.5943,3420.2502,3574.5943,3574.5943,
7/11/2024 2:40:00 AM,03TAYAB_SS,N,N,N,3483.7789,3483.7789,3420.2502,3483.7789,3483.7789,
7/11/2024 2:40:00 AM,03TAYAB_T1L1,N,N,N,3479.8148,3479.8148,3420.2502,3479.8148,3479.8148,
7/11/2024 2:40:00 AM,03TAYAB_T1L2,N,N,N,3479.8148,3479.8148,3420.2502,3479.8148,3479.8148,
7/11/2024 2:40:00 AM,03TGPP_G01,N,N,N,3387.5579,3387.5579,3161.2118,3387.5579,3387.5579,
7/11/2024 2:40:00 AM,03TGPP_L01,N,N,N,3387.5579,3387.5579,3420.2502,3387.5579,3387.5579,
7/11/2024 2:40:00 AM,03TIBAG_G01,N,N,N,3634.0568,3634.0568,3542.3116,3634.0568,3634.0568,
7/11/2024 2:40:00 AM,03TIWIA_SS,N,N,N,3389.3598,3389.3598,3420.2502,3389.3598,3389.3598,
7/11/2024 2:40:00 AM,03TIWIC_L01,N,N,N,3603.7850,3603.7850,3420.2502,3603.7850,3603.7850,
7/11/2024 2:40:00 AM,03TIWIC_SS,N,N,N,3389.3598,3389.3598,3420.2502,3389.3598,3389.3598,
7/11/2024 2:40:00 AM,03TIWI_A,N,N,N,3388.6390,3388.6390,3248.9431,3388.6390,3388.6390,
7/11/2024 2:40:00 AM,03TIWI_C,N,N,N,3388.2786,3388.2786,3251.8369,3388.2786,3388.2786,
7/11/2024 2:40:00 AM,03UPLAB_G01,N,N,N,3634.0568,3634.0568,3533.9996,3634.0568,3634.0568,
7/11/2024 2:40:00 AM,04BABAT_SS,N,N,N,3745.4137,3745.4137,3420.2502,3745.4137,3745.4137,
7/11/2024 2:40:00 AM,04BABAT_T1L1,N,N,N,3745.0534,3745.0534,3420.2502,3745.0534,3745.0534,
7/11/2024 2:40:00 AM,04BAGLI_T1L1,N,N,N,3747.9364,3747.9364,3420.2502,3747.9364,3747.9364,
7/11/2024 2:40:00 AM,04BAGLI_T1L2,N,N,N,3747.9364,3747.9364,3420.2502,3747.9364,3747.9364,
7/11/2024 2:40:00 AM,04BILGPP_G01,N,N,N,3631.5341,3631.5341,3719.7302,3631.5341,3631.5341,
7/11/2024 2:40:00 AM,04CLBYBNK_G01,N,N,N,3808.48,3808.48,3879.4857,3808.48,3808.48,
7/11/2024 2:40:00 AM,04CLBYOG_L02,N,N,N,3808.1196,3808.1196,3420.2502,3808.1196,3808.1196,
7/11/2024 2:40:00 AM,04CLBYOG_SS,N,N,N,3808.8403,3808.8403,3420.2502,3808.8403,3808.8403,
7/11/2024 2:40:00 AM,04IASMOD_G01,N,N,N,3616.3982,3616.3982,3701.3194,3616.3982,3616.3982,
7/11/2024 2:40:00 AM,04IASMOD_G02,N,N,N,3616.3982,3616.3982,3891.3156,3616.3982,3616.3982,
7/11/2024 2:40:00 AM,04IASMOD_G03,N,N,N,3616.3982,3616.3982,3861.4825,3616.3982,3616.3982,
7/11/2024 2:40:00 AM,04IASMOD_G04,N,N,N,3616.3982,3616.3982,3864.6310,3616.3982,3616.3982,
7/11/2024 2:40:00 AM,04IASMOD_G05,N,N,N,3616.3982,3616.3982,3878.5858,3616.3982,3616.3982,
7/11/2024 2:40:00 AM,04IASMOD_G06,N,N,N,3616.3982,3616.3982,3877.6123,3616.3982,3616.3982,
7/11/2024 2:40:00 AM,04ISABE_SS,N,N,N,3616.3982,3616.3982,3420.2502,3616.3982,3616.3982,
7/11/2024 2:40:00 AM,04ISABE_T1L1,N,N,N,3616.3982,3616.3982,3420.2502,3616.3982,3616.3982,
7/11/2024 2:40:00 AM,04ISABE_T2L1,N,N,N,3616.3982,3616.3982,3420.2502,3616.3982,3616.3982,
7/11/2024 2:40:00 AM,04ISABE_T3L1,N,N,N,3603.7850,3603.7850,3420.2502,3603.7850,3603.7850,
7/11/2024 2:40:00 AM,04ISABE_T4L2,N,N,N,3616.3982,3616.3982,3420.2502,3616.3982,3616.3982,
7/11/2024 2:40:00 AM,04ISABE_T5L2,N,N,N,3616.3982,3616.3982,3420.2502,3616.3982,3616.3982,
7/11/2024 2:40:00 AM,04LEYTE_A,N,N,N,3629.0115,3629.0115,3719.1435,3629.0115,3629.0115,
7/11/2024 2:40:00 AM,04LEYTE_S01,N,N,N,3629.0115,3629.0115,3420.2502,3629.0115,3629.0115,
7/11/2024 2:40:00 AM,04LGPP_G01,N,N,N,3601.2623,3601.2623,3701.4277,3601.2623,3601.2623,
7/11/2024 2:40:00 AM,04MAASI_SS,N,N,N,3804.1554,3804.1554,3420.2502,3804.1554,3804.1554,
7/11/2024 2:40:00 AM,04MAASI_T1L1,N,N,N,3806.3177,3806.3177,3420.2502,3806.3177,3806.3177,
7/11/2024 2:40:00 AM,04MAASI_T2L2,N,N,N,3806.3177,3806.3177,3420.2502,3806.3177,3806.3177,
7/11/2024 2:40:00 AM,04ORMOC_BAT,N,N,N,3631.5341,3631.5341,3719.7302,3631.5341,3631.5341,
7/11/2024 2:40:00 AM,04ORMOC_SS,N,N,N,3631.1737,3631.1737,3420.2502,3631.1737,3631.1737,
7/11/2024 2:40:00 AM,04ORMOC_T2L1,N,N,N,3631.5341,3631.5341,3420.2502,3631.5341,3631.5341,
7/11/2024 2:40:00 AM,04ORMOC_T2L2,N,N,N,3631.5341,3631.5341,3420.2502,3631.5341,3631.5341,
7/11/2024 2:40:00 AM,04PARA_SS,N,N,N,3785.4157,3785.4157,3420.2502,3785.4157,3785.4157,
7/11/2024 2:40:00 AM,04PHSOL_G01,N,N,N,3631.5341,3631.5341,3719.7302,3631.5341,3631.5341,
7/11/2024 2:40:00 AM,04SEPSOL_G01,N,N,N,3631.5341,3631.5341,3719.7302,3631.5341,3631.5341,
7/11/2024 2:40:00 AM,04SNAGU_L01,N,N,N,3808.1196,3808.1196,3420.2502,3808.1196,3808.1196,
7/11/2024 2:40:00 AM,04STAR_SS,N,N,N,3747.9364,3747.9364,3420.2502,3747.9364,3747.9364,
7/11/2024 2:40:00 AM,04TABAN_SS,N,N,N,3629.0115,3629.0115,3420.2502,3629.0115,3629.0115,
7/11/2024 2:40:00 AM,04TABAN_T1L1,N,N,N,3603.7850,3603.7850,3420.2502,3603.7850,3603.7850,
7/11/2024 2:40:00 AM,04TAFT_G01,N,N,N,3795.1460,3795.1460,3525.7783,3795.1460,3795.1460,
7/11/2024 2:40:00 AM,04TONGO_T2L2,N,N,N,3602.7038,3602.7038,3420.2502,3602.7038,3602.7038,
7/11/2024 2:40:00 AM,04WRIGH_T1L1,N,N,N,3784.6950,3784.6950,3420.2502,3784.6950,3784.6950,
7/11/2024 2:40:00 AM,04WRIGH_T2L2,N,N,N,3795.5063,3795.5063,3420.2502,3795.5063,3795.5063,
7/11/2024 2:40:00 AM,05BANIL_T1L1,N,N,N,3624.3266,3624.3266,3420.2502,3624.3266,3624.3266,
7/11/2024 2:40:00 AM,05BANIL_T1L2,N,N,N,3624.3266,3624.3266,3420.2502,3624.3266,3624.3266,
7/11/2024 2:40:00 AM,05BANIL_T1L3,N,N,N,3623.9662,3623.9662,3420.2502,3623.9662,3623.9662,
7/11/2024 2:40:00 AM,05CALUNG_CEP,N,N,N,3570.6302,3570.6302,3420.2502,3570.6302,3570.6302,
7/11/2024 2:40:00 AM,05CARMENDPP_U01,N,N,N,3580,3580,3493.1069,3580,3580,
7/11/2024 2:40:00 AM,05CARMENDPP_U02,N,N,N,3580,3580,3493.1069,3580,3580,
7/11/2024 2:40:00 AM,05CARMENDPP_U03,N,N,N,3580,3580,3493.1069,3580,3580,
7/11/2024 2:40:00 AM,05CARMENDPP_U04,N,N,N,3580,3580,3493.1069,3580,3580,
7/11/2024 2:40:00 AM,05CDPPI_SS1,N,N,N,3603.7850,3603.7850,3420.2502,3603.7850,3603.7850,
7/11/2024 2:40:00 AM,05CDPPI_SS2,N,N,N,3603.7850,3603.7850,3420.2502,3603.7850,3603.7850,
7/11/2024 2:40:00 AM,05CEDC_SS,N,N,N,3565.2245,3565.2245,3420.2502,3565.2245,3565.2245,
7/11/2024 2:40:00 AM,05CEDC_U01,N,N,N,3564.5037,3564.5037,3538.9293,3564.5037,3564.5037,
7/11/2024 2:40:00 AM,05CEDC_U02,N,N,N,3564.5037,3564.5037,3538.6663,3564.5037,3564.5037,
7/11/2024 2:40:00 AM,05CEDC_U03,N,N,N,3564.5037,3564.5037,3451.7293,3564.5037,3564.5037,
7/11/2024 2:40:00 AM,05CEMEX_L01,N,N,N,3603.7850,3603.7850,3420.2502,3603.7850,3603.7850,
7/11/2024 2:40:00 AM,05COLON_L01,N,N,N,3604.1454,3604.1454,3420.2502,3604.1454,3604.1454,
7/11/2024 2:40:00 AM,05COMPS_SS,N,N,N,3629.3719,3629.3719,3420.2502,3629.3719,3629.3719,
7/11/2024 2:40:00 AM,05COMPS_T1L1,N,N,N,3632.6153,3632.6153,3420.2502,3632.6153,3632.6153,
7/11/2024 2:40:00 AM,05COMPS_T2L2,N,N,N,3632.6153,3632.6153,3420.2502,3632.6153,3632.6153,
7/11/2024 2:40:00 AM,05CPPC_U01,N,N,N,3621.8039,3621.8039,3537.5252,3621.8039,3621.8039,
7/11/2024 2:40:00 AM,05CPPC_U02,N,N,N,3621.8039,3621.8039,3537.5252,3621.8039,3621.8039,
7/11/2024 2:40:00 AM,05CPPC_U03,N,N,N,3621.8039,3621.8039,3537.5252,3621.8039,3621.8039,
7/11/2024 2:40:00 AM,05CPPC_U04,N,N,N,3621.8039,3621.8039,3537.5252,3621.8039,3621.8039,
7/11/2024 2:40:00 AM,05CPPC_U05,N,N,N,3621.8039,3621.8039,3537.5252,3621.8039,3621.8039,
7/11/2024 2:40:00 AM,05CPPC_U06,N,N,N,3621.8039,3621.8039,3537.5252,3621.8039,3621.8039,
7/11/2024 2:40:00 AM,05CPPC_U07,N,N,N,3621.8039,3621.8039,3537.5252,3621.8039,3621.8039,
7/11/2024 2:40:00 AM,05CPPC_U08,N,N,N,3621.8039,3621.8039,3537.5252,3621.8039,3621.8039,
7/11/2024 2:40:00 AM,05CPPC_U09,N,N,N,3621.8039,3621.8039,3537.5252,3621.8039,3621.8039,
7/11/2024 2:40:00 AM,05CPPC_U10,N,N,N,3621.8039,3621.8039,3537.5252,3621.8039,3621.8039,
7/11/2024 2:40:00 AM,05DAANB_SS,N,N,N,3629.0115,3629.0115,3420.2502,3629.0115,3629.0115,
7/11/2024 2:40:00 AM,05DMA_L01,N,N,N,3561.6207,3561.6207,3420.2502,3561.6207,3561.6207,
7/11/2024 2:40:00 AM,05EAUC_U01,N,N,N,3644.8681,3644.8681,3566.7181,3644.8681,3644.8681,
7/11/2024 2:40:00 AM,05EAUC_U02,N,N,N,3644.8681,3644.8681,3566.7181,3644.8681,3644.8681,
7/11/2024 2:40:00 AM,05EAUC_U03,N,N,N,3644.8681,3644.8681,3566.7181,3644.8681,3644.8681,
7/11/2024 2:40:00 AM,05EAUC_U04,N,N,N,3644.8681,3644.8681,3566.7181,3644.8681,3644.8681,
7/11/2024 2:40:00 AM,05KSPC_G01,N,N,N,3601.2623,3601.2623,3516.5947,3601.2623,3601.2623,
7/11/2024 2:40:00 AM,05KSPC_G02,N,N,N,3603.7850,3603.7850,3444.9988,3603.7850,3603.7850,
7/11/2024 2:40:00 AM,05KSPC_SS1,N,N,N,3601.2623,3601.2623,3420.2502,3601.2623,3601.2623,
7/11/2024 2:40:00 AM,05KSPC_SS2,N,N,N,3601.9831,3601.9831,3420.2502,3601.9831,3601.9831,
7/11/2024 2:40:00 AM,05LAPU_SS,N,N,N,3643.0662,3643.0662,3420.2502,3643.0662,3643.0662,
7/11/2024 2:40:00 AM,05MCTAN_T1L1,N,N,N,3644.8681,3644.8681,3420.2502,3644.8681,3644.8681,
7/11/2024 2:40:00 AM,05MNDUE_SS,N,N,N,3640.1832,3640.1832,3420.2502,3640.1832,3640.1832,
7/11/2024 2:40:00 AM,05MNDUE_T1L1,N,N,N,3641.2643,3641.2643,3420.2502,3641.2643,3641.2643,
7/11/2024 2:40:00 AM,05MNDUE_T1L2,N,N,N,3641.2643,3641.2643,3420.2502,3641.2643,3641.2643,
7/11/2024 2:40:00 AM,05MNDUE_T1L4,N,N,N,3641.2643,3641.2643,3420.2502,3641.2643,3641.2643,
7/11/2024 2:40:00 AM,05MNDUE_T1L5,N,N,N,3641.2643,3641.2643,3420.2502,3641.2643,3641.2643,
7/11/2024 2:40:00 AM,05NAGA_T1L1,N,N,N,3603.7850,3603.7850,3420.2502,3603.7850,3603.7850,
7/11/2024 2:40:00 AM,05NAGA_T2L2,N,N,N,3603.7850,3603.7850,3420.2502,3603.7850,3603.7850,
7/11/2024 2:40:00 AM,05NAGLES_L01,N,N,N,3608.1095,3608.1095,3420.2502,3608.1095,3608.1095,
7/11/2024 2:40:00 AM,05NNAGVE_L01,N,N,N,3603.7850,3603.7850,3420.2502,3603.7850,3603.7850,
7/11/2024 2:40:00 AM,05NNAGVE_L02,N,N,N,3603.7850,3603.7850,3420.2502,3603.7850,3603.7850,
7/11/2024 2:40:00 AM,05QUIOT_T1L1,N,N,N,3621.8039,3621.8039,3420.2502,3621.8039,3621.8039,
7/11/2024 2:40:00 AM,05SAMB_L01,N,N,N,3522.6998,3522.6998,3420.2502,3522.6998,3522.6998,
7/11/2024 2:40:00 AM,05SAMB_L02,N,N,N,3603.7850,3603.7850,3420.2502,3603.7850,3603.7850,
7/11/2024 2:40:00 AM,05TALATR1_SS,N,N,N,3570.6302,3570.6302,3420.2502,3570.6302,3570.6302,
7/11/2024 2:40:00 AM,05TALAV_SS,N,N,N,3570.2698,3570.2698,3420.2502,3570.2698,3570.2698,
7/11/2024 2:40:00 AM,05TALAV_T1L1,N,N,N,3570.6302,3570.6302,3420.2502,3570.6302,3570.6302,
7/11/2024 2:40:00 AM,05TALIS_T1L1,N,N,N,3603.7850,3603.7850,3420.2502,3603.7850,3603.7850,
7/11/2024 2:40:00 AM,05THVI_SS1,N,N,N,3581.4415,3581.4415,3420.2502,3581.4415,3581.4415,
7/11/2024 2:40:00 AM,05THVI_SS2,N,N,N,3581.4415,3581.4415,3420.2502,3581.4415,3581.4415,
7/11/2024 2:40:00 AM,05THVI_U01,N,N,N,3581.4415,3581.4415,3502.8641,3581.4415,3581.4415,
7/11/2024 2:40:00 AM,05THVI_U02,N,N,N,3581.4415,3581.4415,3502.9139,3581.4415,3581.4415,
7/11/2024 2:40:00 AM,05TOLEDO_BAT,N,N,N,3570.6302,3570.6302,3483.3038,3570.6302,3570.6302,
7/11/2024 2:40:00 AM,05TOLSOL_G01,N,N,N,3570.6302,3570.6302,3483.3038,3570.6302,3570.6302,
7/11/2024 2:40:00 AM,05TOL_CARMEN,N,N,N,3580,3580,3420.2502,3580,3580,
7/11/2024 2:40:00 AM,05TPC_G01,N,N,N,3580,3580,3493.1069,3580,3580,
7/11/2024 2:40:00 AM,05TPC_G02,N,N,N,3580,3580,3506.2177,3580,3580,
7/11/2024 2:40:00 AM,05TPC_L01,N,N,N,3580,3580,3420.2502,3580,3580,
7/11/2024 2:40:00 AM,05TPC_S01,N,N,N,3580,3580,3420.2502,3580,3580,
7/11/2024 2:40:00 AM,05TPC_S02,N,N,N,3580,3580,3420.2502,3580,3580,
7/11/2024 2:40:00 AM,05TPVI_U01,N,N,N,3603.7850,3603.7850,3514.0321,3603.7850,3603.7850,
7/11/2024 2:40:00 AM,05TPVI_U02,N,N,N,3603.7850,3603.7850,3514.0321,3603.7850,3603.7850,
7/11/2024 2:40:00 AM,05TPVI_U03,N,N,N,3603.7850,3603.7850,3514.0321,3603.7850,3603.7850,
7/11/2024 2:40:00 AM,05TPVI_U04,N,N,N,3603.7850,3603.7850,3514.0321,3603.7850,3603.7850,
7/11/2024 2:40:00 AM,05TPVI_U05,N,N,N,3603.7850,3603.7850,3514.0321,3603.7850,3603.7850,
7/11/2024 2:40:00 AM,05TPVI_U06,N,N,N,3603.7850,3603.7850,3514.0321,3603.7850,3603.7850,
7/11/2024 2:40:00 AM,06AMLAN_SS,N,N,N,3497.1129,3497.1129,3420.2502,3497.1129,3497.1129,
7/11/2024 2:40:00 AM,06AMLAN_T1L1,N,N,N,3498.5545,3498.5545,3420.2502,3498.5545,3498.5545,
7/11/2024 2:40:00 AM,06AMLAN_T2L2,N,N,N,3498.5545,3498.5545,3420.2502,3498.5545,3498.5545,
7/11/2024 2:40:00 AM,06AMLA_G01,N,N,N,3498.5545,3498.5545,3406.4171,3498.5545,3498.5545,
7/11/2024 2:40:00 AM,06BACOL_SS,N,N,N,3657.8418,3657.8418,3420.2502,3657.8418,3657.8418,
7/11/2024 2:40:00 AM,06BACOL_T1L1,N,N,N,3657.1210,3657.1210,3420.2502,3657.1210,3657.1210,
7/11/2024 2:40:00 AM,06BACOL_T1L2,N,N,N,3657.1210,3657.1210,3420.2502,3657.1210,3657.1210,
7/11/2024 2:40:00 AM,06BACOL_T2L2,N,N,N,3657.1210,3657.1210,3420.2502,3657.1210,3657.1210,
7/11/2024 2:40:00 AM,06BACOL_T3L3,N,N,N,3657.1210,3657.1210,3420.2502,3657.1210,3657.1210,
7/11/2024 2:40:00 AM,06BBGPP_G01,N,N,N,3657.8418,3657.8418,3546.9319,3657.8418,3657.8418,
7/11/2024 2:40:00 AM,06BBGPP_L01,N,N,N,3657.8418,3657.8418,3420.2502,3657.8418,3657.8418,
7/11/2024 2:40:00 AM,06BCLBAS_LD1,N,N,N,3657.1210,3657.1210,3420.2502,3657.1210,3657.1210,
7/11/2024 2:40:00 AM,06BCL_SS,N,N,N,3657.1210,3657.1210,3420.2502,3657.1210,3657.1210,
7/11/2024 2:40:00 AM,06BISCOM_G01,N,N,N,3614.9567,3614.9567,3509.8442,3614.9567,3614.9567,
7/11/2024 2:40:00 AM,06CABI_G01,N,N,N,3498.5545,3498.5545,3406.4171,3498.5545,3498.5545,
7/11/2024 2:40:00 AM,06CADIZL_SS,N,N,N,3637.6606,3637.6606,3420.2502,3637.6606,3637.6606,
7/11/2024 2:40:00 AM,06CADIZL_T1L1,N,N,N,3638.0209,3638.0209,3420.2502,3638.0209,3638.0209,
7/11/2024 2:40:00 AM,06CADIZL_T1L2,N,N,N,3638.0209,3638.0209,3420.2502,3638.0209,3638.0209,
7/11/2024 2:40:00 AM,06CADIZL_T1L3,N,N,N,3638.0209,3638.0209,3420.2502,3638.0209,3638.0209,
7/11/2024 2:40:00 AM,06CADIZL_T1L4,N,N,N,3638.0209,3638.0209,3420.2502,3638.0209,3638.0209,
7/11/2024 2:40:00 AM,06CARSOL_G01,N,N,N,3657.1210,3657.1210,3559.8253,3657.1210,3657.1210,
7/11/2024 2:40:00 AM,06CAY_SS,N,N,N,3605.9473,3605.9473,3420.2502,3605.9473,3605.9473,
7/11/2024 2:40:00 AM,06CENPRI_U01,N,N,N,3657.1210,3657.1210,3559.8253,3657.1210,3657.1210,
7/11/2024 2:40:00 AM,06CENPRI_U02,N,N,N,3657.1210,3657.1210,3601.6580,3657.1210,3657.1210,
7/11/2024 2:40:00 AM,06CENPRI_U03,N,N,N,3657.1210,3657.1210,3559.8253,3657.1210,3657.1210,
7/11/2024 2:40:00 AM,06CENPRI_U04,N,N,N,3657.1210,3657.1210,3559.8253,3657.1210,3657.1210,
7/11/2024 2:40:00 AM,06CENPRI_U05,N,N,N,3657.1210,3657.1210,3559.8253,3657.1210,3657.1210,
7/11/2024 2:40:00 AM,06CLTRAVA_SS,N,N,N,3605.9473,3605.9473,3420.2502,3605.9473,3605.9473,
7/11/2024 2:40:00 AM,06FFHC_G01,N,N,N,3638.0209,3638.0209,3547.8925,3638.0209,3638.0209,
7/11/2024 2:40:00 AM,06HELIOS_G01,N,N,N,3637.6606,3637.6606,3547.8038,3637.6606,3637.6606,
7/11/2024 2:40:00 AM,06HELIOS_S01,N,N,N,3637.6606,3637.6606,3420.2502,3637.6606,3637.6606,
7/11/2024 2:40:00 AM,06HPCO_G01,N,N,N,3603.7850,3603.7850,3514.0321,3603.7850,3603.7850,
7/11/2024 2:40:00 AM,06HPCO_G02,N,N,N,3603.7850,3603.7850,3514.0321,3603.7850,3603.7850,
7/11/2024 2:40:00 AM,06KABAN_BAT,N,N,N,3617.8397,3617.8397,3146.2492,3617.8397,3617.8397,
7/11/2024 2:40:00 AM,06KABAN_L01,N,N,N,3617.8397,3617.8397,3420.2502,3617.8397,3617.8397,
7/11/2024 2:40:00 AM,06KABAN_SS,N,N,N,3617.8397,3617.8397,3420.2502,3617.8397,3617.8397,
7/11/2024 2:40:00 AM,06KABAN_T1L1,N,N,N,3614.9567,3614.9567,3420.2502,3614.9567,3614.9567,
7/11/2024 2:40:00 AM,06KABAN_T2L2,N,N,N,3614.9567,3614.9567,3420.2502,3614.9567,3614.9567,
7/11/2024 2:40:00 AM,06MABIN_SS,N,N,N,3552.2509,3552.2509,3420.2502,3552.2509,3552.2509,
7/11/2024 2:40:00 AM,06MABIN_T1L1,N,N,N,3551.8905,3551.8905,3420.2502,3551.8905,3551.8905,
7/11/2024 2:40:00 AM,06MABIN_T2L2,N,N,N,3551.8905,3551.8905,3420.2502,3551.8905,3551.8905,
7/11/2024 2:40:00 AM,06MANSOL_G01,N,N,N,3638.0209,3638.0209,3547.8925,3638.0209,3638.0209,
7/11/2024 2:40:00 AM,06MNTSOL_G01,N,N,N,3498.5545,3498.5545,3406.4171,3498.5545,3498.5545,
7/11/2024 2:40:00 AM,06NASULO_G01,N,N,N,3467.5619,3467.5619,3372.3333,3467.5619,3467.5619,
7/11/2024 2:40:00 AM,06NTNEGB_G01,N,N,N,3603.7850,3603.7850,3514.0321,3603.7850,3603.7850,
7/11/2024 2:40:00 AM,06PAL1A_G01,N,N,N,3463.9581,3463.9581,3372.3002,3463.9581,3463.9581,
7/11/2024 2:40:00 AM,06PAL1A_SS,N,N,N,3465.3996,3465.3996,3420.2502,3465.3996,3465.3996,
7/11/2024 2:40:00 AM,06PAL2A_U01,N,N,N,3467.9223,3467.9223,3372.5712,3467.9223,3467.9223,
7/11/2024 2:40:00 AM,06PAL2A_U02,N,N,N,3467.9223,3467.9223,3371.9865,3467.9223,3467.9223,
7/11/2024 2:40:00 AM,06PAL2A_U03,N,N,N,3603.7850,3603.7850,3297.8506,3603.7850,3603.7850,
7/11/2024 2:40:00 AM,06PAL2A_U04,N,N,N,3603.7850,3603.7850,3514.0321,3603.7850,3603.7850,
7/11/2024 2:40:00 AM,06PGPP2_SS,N,N,N,3469.0034,3469.0034,3420.2502,3469.0034,3469.0034,
7/11/2024 2:40:00 AM,06SACASL_G01,N,N,N,3601.6227,3601.6227,3508.5594,3601.6227,3601.6227,
7/11/2024 2:40:00 AM,06SACASL_G02,N,N,N,3601.6227,3601.6227,3621.8211,3601.6227,3601.6227,
7/11/2024 2:40:00 AM,06SACSUN_G01,N,N,N,3601.6227,3601.6227,3508.5594,3601.6227,3601.6227,
7/11/2024 2:40:00 AM,06SCBE_G01,N,N,N,3638.0209,3638.0209,3547.8925,3638.0209,3638.0209,
7/11/2024 2:40:00 AM,06SCBIOP_G01,N,N,N,3595.1359,3595.1359,3528.9223,3595.1359,3595.1359,
7/11/2024 2:40:00 AM,06SLYSOL_G01,N,N,N,3657.1210,3657.1210,3559.8253,3657.1210,3657.1210,
7/11/2024 2:40:00 AM,06SNCARLOS_SS,N,N,N,3601.6227,3601.6227,3420.2502,3601.6227,3601.6227,
7/11/2024 2:40:00 AM,06STNEGB_G01,N,N,N,3603.7850,3603.7850,3514.0321,3603.7850,3603.7850,
7/11/2024 2:40:00 AM,06URC_G01,N,N,N,3551.8905,3551.8905,3465.8167,3551.8905,3551.8905,
7/11/2024 2:40:00 AM,06VMC_G01,N,N,N,3603.7850,3603.7850,3514.0321,3603.7850,3603.7850,
7/11/2024 2:40:00 AM,06VMC_G02,N,N,N,3657.1210,3657.1210,3559.8253,3657.1210,3657.1210,
7/11/2024 2:40:00 AM,07BDPP_U01,N,N,N,4154.4433,4154.4433,4290.2998,4154.4433,4154.4433,
7/11/2024 2:40:00 AM,07BDPP_U02,N,N,N,4154.4433,4154.4433,4290.2998,4154.4433,4154.4433,
7/11/2024 2:40:00 AM,07BDPP_U03,N,N,N,4154.4433,4154.4433,4290.2998,4154.4433,4154.4433,
7/11/2024 2:40:00 AM,07BDPP_U04,N,N,N,4154.4433,4154.4433,4290.2998,4154.4433,4154.4433,
7/11/2024 2:40:00 AM,07BOHOL_T1L1,N,N,N,4038.0411,4038.0411,3420.2502,4038.0411,4038.0411,
7/11/2024 2:40:00 AM,07BOHOL_T4L4,N,N,N,4038.0411,4038.0411,3420.2502,4038.0411,4038.0411,
7/11/2024 2:40:00 AM,07COREL_T1L1,N,N,N,4154.4433,4154.4433,3420.2502,4154.4433,4154.4433,
7/11/2024 2:40:00 AM,07COREL_T1L2,N,N,N,4154.4433,4154.4433,3420.2502,4154.4433,4154.4433,
7/11/2024 2:40:00 AM,07COREL_T1L3,N,N,N,4154.4433,4154.4433,3420.2502,4154.4433,4154.4433,
7/11/2024 2:40:00 AM,07JANOPO_G01,N,N,N,4154.4433,4154.4433,4290.2998,4154.4433,4154.4433,
7/11/2024 2:40:00 AM,07LOBOC_G01,N,N,N,4154.4433,4154.4433,4374.5383,4154.4433,4154.4433,
7/11/2024 2:40:00 AM,07LOBOC_G02,N,N,N,4154.4433,4154.4433,4522.0378,4154.4433,4154.4433,
7/11/2024 2:40:00 AM,07SEVILL_G01,N,N,N,4154.4433,4154.4433,4522.0378,4154.4433,4154.4433,
7/11/2024 2:40:00 AM,07TPLPB4_U01,N,N,N,4038.4014,4038.4014,4164.5796,4038.4014,4038.4014,
7/11/2024 2:40:00 AM,07TPLPB4_U02,N,N,N,4038.4014,4038.4014,4164.5796,4038.4014,4038.4014,
7/11/2024 2:40:00 AM,07TPLPB4_U03,N,N,N,4038.4014,4038.4014,3560.8629,4038.4014,4038.4014,
7/11/2024 2:40:00 AM,07TPLPB4_U04,N,N,N,4038.4014,4038.4014,4164.5796,4038.4014,4038.4014,
7/11/2024 2:40:00 AM,07UBAY_BAT,N,N,N,4038.0411,4038.0411,4163.9829,4038.0411,4038.0411,
7/11/2024 2:40:00 AM,07UBAY_T1L1,N,N,N,4038.0411,4038.0411,3420.2502,4038.0411,4038.0411,
7/11/2024 2:40:00 AM,07UBAY_T2L2,N,N,N,4038.0411,4038.0411,3420.2502,4038.0411,4038.0411,
7/11/2024 2:40:00 AM,07UBAY_T3L3,N,N,N,4038.4014,4038.4014,3420.2502,4038.4014,4038.4014,
7/11/2024 2:40:00 AM,08BANTAP_L01,N,N,N,16861.0365,16861.0365,3420.2502,16861.0365,16861.0365,
7/11/2024 2:40:00 AM,08BARTAC_L01,N,N,N,3603.7850,3603.7850,3420.2502,3603.7850,3603.7850,
7/11/2024 2:40:00 AM,08BARTAC_SS,N,N,N,3661.0852,3661.0852,3420.2502,3661.0852,3661.0852,
7/11/2024 2:40:00 AM,08BVISTA_L01,N,N,N,16866.4421,16866.4421,3420.2502,16866.4421,16866.4421,
7/11/2024 2:40:00 AM,08BVISTA_L02,N,N,N,16866.4421,16866.4421,3420.2502,16866.4421,16866.4421,
7/11/2024 2:40:00 AM,08CASA_G01,N,N,N,16763.7343,16763.7343,3605.1091,16763.7343,16763.7343,
7/11/2024 2:40:00 AM,08CASA_G02,N,N,N,16763.7343,16763.7343,3605.1091,16763.7343,16763.7343,
7/11/2024 2:40:00 AM,08CONCP_T1L1,N,N,N,3665.7701,3665.7701,3420.2502,3665.7701,3665.7701,
7/11/2024 2:40:00 AM,08COSMO_G01,N,N,N,16806.6193,16806.6193,3621.6190,16806.6193,16806.6193,
7/11/2024 2:40:00 AM,08DINGL_SS,N,N,N,16763.7343,16763.7343,3420.2502,16763.7343,16763.7343,
7/11/2024 2:40:00 AM,08DINGL_T1L1,N,N,N,16763.7343,16763.7343,3420.2502,16763.7343,16763.7343,
7/11/2024 2:40:00 AM,08DINGL_T1L2,N,N,N,16763.7343,16763.7343,3420.2502,16763.7343,16763.7343,
7/11/2024 2:40:00 AM,08DINGL_T1L3,N,N,N,16764.0946,16764.0946,3420.2502,16764.0946,16764.0946,
7/11/2024 2:40:00 AM,08DINGL_T1L4,N,N,N,16764.0946,16764.0946,3420.2502,16764.0946,16764.0946,
7/11/2024 2:40:00 AM,08DINGL_T2L1,N,N,N,16763.7343,16763.7343,3420.2502,16763.7343,16763.7343,
7/11/2024 2:40:00 AM,08DINGL_T2L2,N,N,N,16763.7343,16763.7343,3420.2502,16763.7343,16763.7343,
7/11/2024 2:40:00 AM,08GLOBAL_G01,N,N,N,16867.1629,16867.1629,3710.0566,16867.1629,16867.1629,
7/11/2024 2:40:00 AM,08NABASDPP_U01,N,N,N,16867.1629,16867.1629,3710.0566,16867.1629,16867.1629,
7/11/2024 2:40:00 AM,08NABASDPP_U02,N,N,N,16867.1629,16867.1629,3710.0566,16867.1629,16867.1629,
7/11/2024 2:40:00 AM,08NABAS_L01,N,N,N,16867.1629,16867.1629,3420.2502,16867.1629,16867.1629,
7/11/2024 2:40:00 AM,08NABAS_L02,N,N,N,16867.1629,16867.1629,3420.2502,16867.1629,16867.1629,
7/11/2024 2:40:00 AM,08NABAS_L03,N,N,N,16867.1629,16867.1629,3420.2502,16867.1629,16867.1629,
7/11/2024 2:40:00 AM,08NABAS_SS,N,N,N,16867.1629,16867.1629,3420.2502,16867.1629,16867.1629,
7/11/2024 2:40:00 AM,08PALM_G01,N,N,N,3603.7850,3603.7850,3514.0321,3603.7850,3603.7850,
7/11/2024 2:40:00 AM,08PALM_S01,N,N,N,3665.7701,3665.7701,3420.2502,3665.7701,3665.7701,
7/11/2024 2:40:00 AM,08PANIT_SS,N,N,N,16813.1061,16813.1061,3420.2502,16813.1061,16813.1061,
7/11/2024 2:40:00 AM,08PANIT_T1L1,N,N,N,16812.7457,16812.7457,3420.2502,16812.7457,16812.7457,
7/11/2024 2:40:00 AM,08PANIT_T2L2,N,N,N,16812.7457,16812.7457,3420.2502,16812.7457,16812.7457,
7/11/2024 2:40:00 AM,08PDPP1_U02,N,N,N,16763.7343,16763.7343,3605.2022,16763.7343,16763.7343,
7/11/2024 2:40:00 AM,08PDPP1_U03,N,N,N,16763.7343,16763.7343,3605.2022,16763.7343,16763.7343,
7/11/2024 2:40:00 AM,08PDPP1_U05,N,N,N,16763.7343,16763.7343,3605.2022,16763.7343,16763.7343,
7/11/2024 2:40:00 AM,08PDPP3_C,N,N,N,16763.7343,16763.7343,3605.2022,16763.7343,16763.7343,
7/11/2024 2:40:00 AM,08PDPP3_E,N,N,N,16763.7343,16763.7343,3605.2022,16763.7343,16763.7343,
7/11/2024 2:40:00 AM,08PDPP3_G,N,N,N,16763.7343,16763.7343,3605.2022,16763.7343,16763.7343,
7/11/2024 2:40:00 AM,08PDPP3_H,N,N,N,16763.7343,16763.7343,3109.5498,16763.7343,16763.7343,
7/11/2024 2:40:00 AM,08PDPP3_S01,N,N,N,16763.7343,16763.7343,3420.2502,16763.7343,16763.7343,
7/11/2024 2:40:00 AM,08PEDC_SS1,N,N,N,16784.9966,16784.9966,3420.2502,16784.9966,16784.9966,
7/11/2024 2:40:00 AM,08PEDC_SS2,N,N,N,3603.7850,3603.7850,3420.2502,3603.7850,3603.7850,
7/11/2024 2:40:00 AM,08PEDC_SS3,N,N,N,16784.9966,16784.9966,3420.2502,16784.9966,16784.9966,
7/11/2024 2:40:00 AM,08PEDC_T1L1,N,N,N,16785.3570,16785.3570,3420.2502,16785.3570,16785.3570,
7/11/2024 2:40:00 AM,08PEDC_T1L2,N,N,N,16785.3570,16785.3570,3420.2502,16785.3570,16785.3570,
7/11/2024 2:40:00 AM,08PEDC_U01,N,N,N,16784.9966,16784.9966,3624.3635,16784.9966,16784.9966,
7/11/2024 2:40:00 AM,08PEDC_U02,N,N,N,3603.7850,3603.7850,3551.1381,3603.7850,3603.7850,
7/11/2024 2:40:00 AM,08PEDC_U03,N,N,N,3603.7850,3603.7850,3602.0278,3603.7850,3603.7850,
7/11/2024 2:40:00 AM,08PWIND_G01,N,N,N,16867.1629,16867.1629,3157.7637,16867.1629,16867.1629,
7/11/2024 2:40:00 AM,08PWIND_G02,N,N,N,16867.1629,16867.1629,3172.8513,16867.1629,16867.1629,
7/11/2024 2:40:00 AM,08SLWIND_G01,N,N,N,16866.4421,16866.4421,3578.7975,16866.4421,16866.4421,
7/11/2024 2:40:00 AM,08SLWIND_L01,N,N,N,16866.4421,16866.4421,3420.2502,16866.4421,16866.4421,
7/11/2024 2:40:00 AM,08SNJOSE_L01,N,N,N,16806.6193,16806.6193,3420.2502,16806.6193,16806.6193,
7/11/2024 2:40:00 AM,08SNJOSE_L02,N,N,N,16806.6193,16806.6193,3420.2502,16806.6193,16806.6193,
7/11/2024 2:40:00 AM,08SNJOSE_L03,N,N,N,16806.6193,16806.6193,3420.2502,16806.6193,16806.6193,
7/11/2024 2:40:00 AM,08STBAR_SS1,N,N,N,16788.24,16788.24,3420.2502,16788.24,16788.24,
7/11/2024 2:40:00 AM,08STBAR_SS2,N,N,N,16788.24,16788.24,3420.2502,16788.24,16788.24,
7/11/2024 2:40:00 AM,08STBAR_SS3,N,N,N,16787.8796,16787.8796,3420.2502,16787.8796,16787.8796,
7/11/2024 2:40:00 AM,08STBAR_T1L1,N,N,N,16788.24,16788.24,3420.2502,16788.24,16788.24,
7/11/2024 2:40:00 AM,08STBAR_T2L2,N,N,N,16787.8796,16787.8796,3420.2502,16787.8796,16787.8796,
7/11/2024 2:40:00 AM,08STBPB1_U01,N,N,N,16788.24,16788.24,3600.0026,16788.24,16788.24,
7/11/2024 2:40:00 AM,08STBPB1_U02,N,N,N,16788.24,16788.24,3600.0026,16788.24,16788.24,
7/11/2024 2:40:00 AM,08STBPB1_U03,N,N,N,16788.24,16788.24,3600.0026,16788.24,16788.24,
7/11/2024 2:40:00 AM,08STBPB1_U04,N,N,N,16788.24,16788.24,3600.0026,16788.24,16788.24,
7/11/2024 2:40:00 AM,08SUWECO_G01,N,N,N,16787.8796,16787.8796,3553.4906,16787.8796,16787.8796,
7/11/2024 2:40:00 AM,08TIMBA_G01,N,N,N,16867.1629,16867.1629,3694.5729,16867.1629,16867.1629,
7/11/2024 2:40:00 AM,09AURORA_SS,N,N,N,3647.5466,3647.5466,4116.0888,3647.5466,3647.5466,
7/11/2024 2:40:00 AM,09CLB_T1L1,N,N,N,3649.6208,3649.6208,4116.0888,3649.6208,3649.6208,
7/11/2024 2:40:00 AM,09JIMDSL_U01,N,N,N,3649.6208,3649.6208,3264.5557,3649.6208,3649.6208,
7/11/2024 2:40:00 AM,09JIMDSL_U02,N,N,N,3649.6208,3649.6208,3264.5557,3649.6208,3649.6208,
7/11/2024 2:40:00 AM,09KAP_T1L1,N,N,N,3649.6208,3649.6208,4116.0888,3649.6208,3649.6208,
7/11/2024 2:40:00 AM,09LALA_SS,N,N,N,3566.3056,3566.3056,4116.0888,3566.3056,3566.3056,
7/11/2024 2:40:00 AM,09LIBPOWR_G01,N,N,N,3457.0624,3457.0624,3078.1255,3457.0624,3457.0624,
7/11/2024 2:40:00 AM,09MHY_T1L1,N,N,N,3649.6208,3649.6208,4116.0888,3649.6208,3649.6208,
7/11/2024 2:40:00 AM,09MLS_T1L1,N,N,N,3932.4085,3932.4085,4116.0888,3932.4085,3932.4085,
7/11/2024 2:40:00 AM,09NAGA_SS,N,N,N,3932.0628,3932.0628,4116.0888,3932.0628,3932.0628,
7/11/2024 2:40:00 AM,09PANABNK_U01,N,N,N,3649.6208,3649.6208,3264.5557,3649.6208,3649.6208,
7/11/2024 2:40:00 AM,09PANABNK_U02,N,N,N,3649.6208,3649.6208,3264.5557,3649.6208,3649.6208,
7/11/2024 2:40:00 AM,09PITOGO_SS,N,N,N,4142.2522,4142.2522,4116.0888,4142.2522,4142.2522,
7/11/2024 2:40:00 AM,09POLAN_SS,N,N,N,3698.7111,3698.7111,4116.0888,3698.7111,3698.7111,
7/11/2024 2:40:00 AM,09RXS_T2L1,N,N,N,3699.4025,3699.4025,4116.0888,3699.4025,3699.4025,
7/11/2024 2:40:00 AM,09SANGALI_BAT,N,N,N,4113.9043,4113.9043,3650.3581,4113.9043,4113.9043,
7/11/2024 2:40:00 AM,09SJG_T1L1,N,N,N,4141.2151,4141.2151,4116.0888,4141.2151,4141.2151,
7/11/2024 2:40:00 AM,09SML_T1L1,N,N,N,3649.6208,3649.6208,4116.0888,3649.6208,3649.6208,
7/11/2024 2:40:00 AM,09SRW_T1L1,N,N,N,3932.4085,3932.4085,4116.0888,3932.4085,3932.4085,
7/11/2024 2:40:00 AM,09TMG_T1L1,N,N,N,4141.2151,4141.2151,4116.0888,4141.2151,4141.2151,
7/11/2024 2:40:00 AM,09TMG_T2L1,N,N,N,4113.9043,4113.9043,4116.0888,4113.9043,4113.9043,
7/11/2024 2:40:00 AM,09TUL_T1L1,N,N,N,4141.2151,4141.2151,4116.0888,4141.2151,4141.2151,
7/11/2024 2:40:00 AM,09WMPC_S01,N,N,N,4113.9043,4113.9043,4116.0888,4113.9043,4113.9043,
7/11/2024 2:40:00 AM,09WMPC_U01,N,N,N,4113.9043,4113.9043,3650.3581,4113.9043,4113.9043,
7/11/2024 2:40:00 AM,09WMPC_U02,N,N,N,4113.9043,4113.9043,3650.3581,4113.9043,4113.9043,
7/11/2024 2:40:00 AM,09WMPC_U03,N,N,N,4113.9043,4113.9043,3650.3581,4113.9043,4113.9043,
7/11/2024 2:40:00 AM,09WMPC_U04,N,N,N,4113.9043,4113.9043,3650.3581,4113.9043,4113.9043,
7/11/2024 2:40:00 AM,09WMPC_U05,N,N,N,4113.9043,4113.9043,3650.3581,4113.9043,4113.9043,
7/11/2024 2:40:00 AM,09WMPC_U06,N,N,N,4113.9043,4113.9043,3650.3581,4113.9043,4113.9043,
7/11/2024 2:40:00 AM,09WMPC_U07,N,N,N,4113.9043,4113.9043,3650.3581,4113.9043,4113.9043,
7/11/2024 2:40:00 AM,09WMPC_U08,N,N,N,4113.9043,4113.9043,3650.3581,4113.9043,4113.9043,
7/11/2024 2:40:00 AM,09WMPC_U09,N,N,N,4113.9043,4113.9043,3650.3581,4113.9043,4113.9043,
7/11/2024 2:40:00 AM,09WMPC_U10,N,N,N,4113.9043,4113.9043,3650.3581,4113.9043,4113.9043,
7/11/2024 2:40:00 AM,09ZAMBO_SS,N,N,N,4113.9043,4113.9043,4116.0888,4113.9043,4113.9043,
7/11/2024 2:40:00 AM,09ZAMSAN_L01,N,N,N,4113.9043,4113.9043,4116.0888,4113.9043,4113.9043,
7/11/2024 2:40:00 AM,10AG6_T2L1,N,N,N,3487.8303,3487.8303,4116.0888,3487.8303,3487.8303,
7/11/2024 2:40:00 AM,10AGUS1_SS,N,N,N,3455.3339,3455.3339,4116.0888,3455.3339,3455.3339,
7/11/2024 2:40:00 AM,10AGUS1_U01,N,N,N,3454.9882,3454.9882,3102.8963,3454.9882,3454.9882,
7/11/2024 2:40:00 AM,10AGUS1_U02,N,N,N,3454.9882,3454.9882,3116.4373,3454.9882,3454.9882,
7/11/2024 2:40:00 AM,10AGUS2_SS,N,N,N,3460.1738,3460.1738,4116.0888,3460.1738,3460.1738,
7/11/2024 2:40:00 AM,10AGUS2_U01,N,N,N,3460.1738,3460.1738,3156.5643,3460.1738,3460.1738,
7/11/2024 2:40:00 AM,10AGUS2_U02,N,N,N,3457.0624,3457.0624,3032.1451,3457.0624,3457.0624,
7/11/2024 2:40:00 AM,10AGUS2_U03,N,N,N,3460.1738,3460.1738,3165.4199,3460.1738,3460.1738,
7/11/2024 2:40:00 AM,10AGUS4_SS,N,N,N,3487.8303,3487.8303,4116.0888,3487.8303,3487.8303,
7/11/2024 2:40:00 AM,10AGUS4_U01,N,N,N,3487.8303,3487.8303,3264.4632,3487.8303,3487.8303,
7/11/2024 2:40:00 AM,10AGUS4_U02,N,N,N,3487.8303,3487.8303,3264.4632,3487.8303,3487.8303,
7/11/2024 2:40:00 AM,10AGUS4_U03,N,N,N,3457.0624,3457.0624,3264.4632,3457.0624,3457.0624,
7/11/2024 2:40:00 AM,10AGUS5_SS,N,N,N,3488.5217,3488.5217,4116.0888,3488.5217,3488.5217,
7/11/2024 2:40:00 AM,10AGUS5_U01,N,N,N,3488.5217,3488.5217,3165.7050,3488.5217,3488.5217,
7/11/2024 2:40:00 AM,10AGUS5_U02,N,N,N,3488.5217,3488.5217,3129.5960,3488.5217,3488.5217,
7/11/2024 2:40:00 AM,10AGUS6_SS,N,N,N,3481.9533,3481.9533,4116.0888,3481.9533,3481.9533,
7/11/2024 2:40:00 AM,10AGUS6_U01,N,N,N,3481.6076,3481.6076,3142.2870,3481.6076,3481.6076,
7/11/2024 2:40:00 AM,10AGUS6_U02,N,N,N,3481.6076,3481.6076,3145.0751,3481.6076,3481.6076,
7/11/2024 2:40:00 AM,10AGUS6_U03,N,N,N,3481.6076,3481.6076,3124.3113,3481.6076,3481.6076,
7/11/2024 2:40:00 AM,10AGUS6_U04,N,N,N,3481.6076,3481.6076,3150.9539,3481.6076,3481.6076,
7/11/2024 2:40:00 AM,10AGUS6_U05,N,N,N,3481.9533,3481.9533,2978.5749,3481.9533,3481.9533,
7/11/2024 2:40:00 AM,10AGUS7_U01,N,N,N,3481.9533,3481.9533,2975.9041,3481.9533,3481.9533,
7/11/2024 2:40:00 AM,10AGUS7_U02,N,N,N,3481.9533,3481.9533,3179.4028,3481.9533,3481.9533,
7/11/2024 2:40:00 AM,10BALOI_L01,N,N,N,3481.6076,3481.6076,4116.0888,3481.6076,3481.6076,
7/11/2024 2:40:00 AM,10BALOI_SS,N,N,N,3497.8558,3497.8558,4116.0888,3497.8558,3497.8558,
7/11/2024 2:40:00 AM,10BUR_T1L1,N,N,N,3481.6076,3481.6076,4116.0888,3481.6076,3481.6076,
7/11/2024 2:40:00 AM,10BUR_T1L2,N,N,N,3481.6076,3481.6076,4116.0888,3481.6076,3481.6076,
7/11/2024 2:40:00 AM,10GNPK_U01,N,N,N,3505.8070,3505.8070,3154.7335,3505.8070,3505.8070,
7/11/2024 2:40:00 AM,10GNPK_U02,N,N,N,3505.8070,3505.8070,3176.9782,3505.8070,3505.8070,
7/11/2024 2:40:00 AM,10GNPK_U03,N,N,N,3505.8070,3505.8070,3165.4376,3505.8070,3505.8070,
7/11/2024 2:40:00 AM,10GNPK_U04,N,N,N,3505.8070,3505.8070,2997.9856,3505.8070,3505.8070,
7/11/2024 2:40:00 AM,10IDPP_G01,N,N,N,3503.0414,3503.0414,3135.8628,3503.0414,3503.0414,
7/11/2024 2:40:00 AM,10IDPP_SS,N,N,N,3503.0414,3503.0414,4116.0888,3503.0414,3503.0414,
7/11/2024 2:40:00 AM,10KAUSWGN_SS,N,N,N,3506.1527,3506.1527,4116.0888,3506.1527,3506.1527,
7/11/2024 2:40:00 AM,10KAU_T1L1,N,N,N,3481.6076,3481.6076,4116.0888,3481.6076,3481.6076,
7/11/2024 2:40:00 AM,10KIW_T1L1,N,N,N,3481.6076,3481.6076,4116.0888,3481.6076,3481.6076,
7/11/2024 2:40:00 AM,10KIW_T2L1,N,N,N,3503.3871,3503.3871,4116.0888,3503.3871,3503.3871,
7/11/2024 2:40:00 AM,10LGAIT_SS,N,N,N,3503.0414,3503.0414,4116.0888,3503.0414,3503.0414,
7/11/2024 2:40:00 AM,10LIAN_G01,N,N,N,3481.6076,3481.6076,3226.8568,3481.6076,3481.6076,
7/11/2024 2:40:00 AM,10MCN_T1L1,N,N,N,3487.8303,3487.8303,4116.0888,3487.8303,3487.8303,
7/11/2024 2:40:00 AM,10MCR_T1L1,N,N,N,3487.8303,3487.8303,4116.0888,3487.8303,3487.8303,
7/11/2024 2:40:00 AM,10MCT_T1L1,N,N,N,3481.6076,3481.6076,4116.0888,3481.6076,3481.6076,
7/11/2024 2:40:00 AM,10MEGC_G01,N,N,N,3481.6076,3481.6076,3118.0178,3481.6076,3481.6076,
7/11/2024 2:40:00 AM,10MLN_T1L1,N,N,N,3455.6796,3455.6796,4116.0888,3455.6796,3455.6796,
7/11/2024 2:40:00 AM,10MPL_T1L1,N,N,N,3481.6076,3481.6076,4116.0888,3481.6076,3481.6076,
7/11/2024 2:40:00 AM,10MRW_T1L1,N,N,N,3455.6796,3455.6796,4116.0888,3455.6796,3455.6796,
7/11/2024 2:40:00 AM,10MRW_T2L1,N,N,N,3487.8303,3487.8303,4116.0888,3487.8303,3487.8303,
7/11/2024 2:40:00 AM,10NUN_T1L2,N,N,N,3481.6076,3481.6076,4116.0888,3481.6076,3481.6076,
7/11/2024 2:40:00 AM,10OPO_T1L1,N,N,N,3503.3871,3503.3871,4116.0888,3503.3871,3503.3871,
7/11/2024 2:40:00 AM,10PAT_T1L1,N,N,N,3503.3871,3503.3871,4116.0888,3503.3871,3503.3871,
7/11/2024 2:40:00 AM,10PGW_T1L1,N,N,N,3503.3871,3503.3871,4116.0888,3503.3871,3503.3871,
7/11/2024 2:40:00 AM,10PLT_T1L1,N,N,N,3503.0414,3503.0414,4116.0888,3503.0414,3503.0414,
7/11/2024 2:40:00 AM,10PLT_T2L1,N,N,N,3503.3871,3503.3871,4116.0888,3503.3871,3503.3871,
7/11/2024 2:40:00 AM,10PPEI_U01,N,N,N,3481.6076,3481.6076,3127.5778,3481.6076,3481.6076,
7/11/2024 2:40:00 AM,10SRZ_T1L1,N,N,N,3487.8303,3487.8303,4116.0888,3487.8303,3487.8303,
7/11/2024 2:40:00 AM,11CDO_T1L1,N,N,N,3504.7699,3504.7699,4116.0888,3504.7699,3504.7699,
7/11/2024 2:40:00 AM,11FDC_SS,N,N,N,3434.5915,3434.5915,4116.0888,3434.5915,3434.5915,
7/11/2024 2:40:00 AM,11FDC_U01,N,N,N,3433.9001,3433.9001,3061.2707,3433.9001,3433.9001,
7/11/2024 2:40:00 AM,11FDC_U02,N,N,N,3433.9001,3433.9001,3082.9738,3433.9001,3433.9001,
7/11/2024 2:40:00 AM,11FDC_U03,N,N,N,3433.9001,3433.9001,3063.4792,3433.9001,3433.9001,
7/11/2024 2:40:00 AM,11FGBPC_G01,N,N,N,3461.2109,3461.2109,3088.6075,3461.2109,3461.2109,
7/11/2024 2:40:00 AM,11JASAAN_SS,N,N,N,3468.4707,3468.4707,4116.0888,3468.4707,3468.4707,
7/11/2024 2:40:00 AM,11JASA_BAT,N,N,N,3461.2109,3461.2109,3143.3074,3461.2109,3461.2109,
7/11/2024 2:40:00 AM,11KBSOL_G01,N,N,N,3452.9140,3452.9140,3096.8035,3452.9140,3452.9140,
7/11/2024 2:40:00 AM,11KEGMAR_G01,N,N,N,3433.5544,3433.5544,3001.0378,3433.5544,3433.5544,
7/11/2024 2:40:00 AM,11KIBAWE_SS,N,N,N,3452.9140,3452.9140,4116.0888,3452.9140,3452.9140,
7/11/2024 2:40:00 AM,11KIB_T1L1,N,N,N,3433.5544,3433.5544,4116.0888,3433.5544,3433.5544,
7/11/2024 2:40:00 AM,11KIB_T1L2,N,N,N,3433.5544,3433.5544,4116.0888,3433.5544,3433.5544,
7/11/2024 2:40:00 AM,11KIRAS_G01,N,N,N,3461.2109,3461.2109,3083.0472,3461.2109,3461.2109,
7/11/2024 2:40:00 AM,11KNG_T1L1,N,N,N,3461.2109,3461.2109,4116.0888,3461.2109,3461.2109,
7/11/2024 2:40:00 AM,11LBA_T1L1,N,N,N,3468.4707,3468.4707,4116.0888,3468.4707,3468.4707,
7/11/2024 2:40:00 AM,11LUN_T1L1,N,N,N,3461.2109,3461.2109,4116.0888,3461.2109,3461.2109,
7/11/2024 2:40:00 AM,11MAN1_S01,N,N,N,3434.9372,3434.9372,4116.0888,3434.9372,3434.9372,
7/11/2024 2:40:00 AM,11MAN2_S01,N,N,N,3434.9372,3434.9372,4116.0888,3434.9372,3434.9372,
7/11/2024 2:40:00 AM,11MANFOR_G01,N,N,N,3434.9372,3434.9372,2993.0702,3434.9372,3434.9372,
7/11/2024 2:40:00 AM,11MANFOR_G02,N,N,N,3434.9372,3434.9372,3004.7855,3434.9372,3434.9372,
7/11/2024 2:40:00 AM,11MANOLO_SS,N,N,N,3435.2830,3435.2830,4116.0888,3435.2830,3435.2830,
7/11/2024 2:40:00 AM,11MARAM_SS,N,N,N,3458.7910,3458.7910,4116.0888,3458.7910,3458.7910,
7/11/2024 2:40:00 AM,11MINBAL_G01,N,N,N,3461.2109,3461.2109,3086.7877,3461.2109,3461.2109,
7/11/2024 2:40:00 AM,11MINBU_G01,N,N,N,3461.2109,3461.2109,3069.2827,3461.2109,3461.2109,
7/11/2024 2:40:00 AM,11MLY_T1L1,N,N,N,3433.5544,3433.5544,4116.0888,3433.5544,3433.5544,
7/11/2024 2:40:00 AM,11MNCBLG_G01,N,N,N,3461.2109,3461.2109,3034.6371,3461.2109,3461.2109,
7/11/2024 2:40:00 AM,11MNRGY_G01,N,N,N,3461.2109,3461.2109,3083.0472,3461.2109,3461.2109,
7/11/2024 2:40:00 AM,11MNRGY_G02,N,N,N,3461.2109,3461.2109,3083.0472,3461.2109,3461.2109,
7/11/2024 2:40:00 AM,11MOR_T1L1,N,N,N,3504.7699,3504.7699,4116.0888,3504.7699,3504.7699,
7/11/2024 2:40:00 AM,11NAT_T1L1,N,N,N,3461.2109,3461.2109,4116.0888,3461.2109,3461.2109,
7/11/2024 2:40:00 AM,11NAT_T2L1,N,N,N,3461.2109,3461.2109,4116.0888,3461.2109,3461.2109,
7/11/2024 2:40:00 AM,11NBPC_G01,N,N,N,3433.5544,3433.5544,3080.0028,3433.5544,3433.5544,
7/11/2024 2:40:00 AM,11OPOL_SS,N,N,N,3504.4242,3504.4242,4116.0888,3504.4242,3504.4242,
7/11/2024 2:40:00 AM,11OPO_T1L1,N,N,N,3504.7699,3504.7699,4116.0888,3504.7699,3504.7699,
7/11/2024 2:40:00 AM,11PACERM_G01,N,N,N,3504.7699,3504.7699,3129.1125,3504.7699,3504.7699,
7/11/2024 2:40:00 AM,11PAL_T1L1,N,N,N,3452.9140,3452.9140,4116.0888,3452.9140,3452.9140,
7/11/2024 2:40:00 AM,11PG4_T1L1,N,N,N,3433.5544,3433.5544,4116.0888,3433.5544,3433.5544,
7/11/2024 2:40:00 AM,11PKBUK_G01,N,N,N,3461.2109,3461.2109,3083.0472,3461.2109,3461.2109,
7/11/2024 2:40:00 AM,11PULA4_U01,N,N,N,3433.2087,3433.2087,3061.7479,3433.2087,3433.2087,
7/11/2024 2:40:00 AM,11PULA4_U02,N,N,N,3457.0624,3457.0624,3078.1255,3457.0624,3457.0624,
7/11/2024 2:40:00 AM,11PULA4_U03,N,N,N,3433.2087,3433.2087,3060.9139,3433.2087,3433.2087,
7/11/2024 2:40:00 AM,11SME_T1L1,N,N,N,3457.0624,3457.0624,4116.0888,3457.0624,3457.0624,
7/11/2024 2:40:00 AM,11SMH_T1L1,N,N,N,3457.0624,3457.0624,4116.0888,3457.0624,3457.0624,
7/11/2024 2:40:00 AM,11STEAG_U01,N,N,N,3457.0624,3457.0624,2958.6805,3457.0624,3457.0624,
7/11/2024 2:40:00 AM,11STEAG_U02,N,N,N,3457.0624,3457.0624,3196.7115,3457.0624,3457.0624,
7/11/2024 2:40:00 AM,11TAGOL_SS,N,N,N,3457.0624,3457.0624,4116.0888,3457.0624,3457.0624,
7/11/2024 2:40:00 AM,11VILLA_BAT,N,N,N,3453.6054,3453.6054,3077.8387,3453.6054,3453.6054,
7/11/2024 2:40:00 AM,11VILLA_L01,N,N,N,3453.6054,3453.6054,4116.0888,3453.6054,3453.6054,
7/11/2024 2:40:00 AM,11VILLA_SS,N,N,N,3460.1738,3460.1738,4116.0888,3460.1738,3460.1738,
7/11/2024 2:40:00 AM,12ALE_T1L1,N,N,N,3756.0983,3756.0983,4116.0888,3756.0983,3756.0983,
7/11/2024 2:40:00 AM,12ASIGA_G01,N,N,N,3686.2657,3686.2657,3289.3147,3686.2657,3686.2657,
7/11/2024 2:40:00 AM,12BAG_T1L1,N,N,N,3713.5765,3713.5765,4116.0888,3713.5765,3713.5765,
7/11/2024 2:40:00 AM,12BISLIG_SS,N,N,N,3713.5765,3713.5765,4116.0888,3713.5765,3713.5765,
7/11/2024 2:40:00 AM,12BUTUAN_SS,N,N,N,3686.2657,3686.2657,4116.0888,3686.2657,3686.2657,
7/11/2024 2:40:00 AM,12BUT_T2L1,N,N,N,3653.0779,3653.0779,4116.0888,3653.0779,3653.0779,
7/11/2024 2:40:00 AM,12BYG_T1L1,N,N,N,3686.2657,3686.2657,4116.0888,3686.2657,3686.2657,
7/11/2024 2:40:00 AM,12KEGGIN_G01,N,N,N,3653.0779,3653.0779,3255.1713,3653.0779,3653.0779,
7/11/2024 2:40:00 AM,12KEGTAN_G01,N,N,N,3756.0983,3756.0983,3000,3756.0983,3756.0983,
7/11/2024 2:40:00 AM,12LKMAINIT_G01,N,N,N,3686.2657,3686.2657,3302.9835,3686.2657,3686.2657,
7/11/2024 2:40:00 AM,12LMO_T1L1,N,N,N,3686.2657,3686.2657,4116.0888,3686.2657,3686.2657,
7/11/2024 2:40:00 AM,12MAD_T1L1,N,N,N,3743.9986,3743.9986,4116.0888,3743.9986,3743.9986,
7/11/2024 2:40:00 AM,12NACSUR_G01,N,N,N,3743.9986,3743.9986,3340.4783,3743.9986,3743.9986,
7/11/2024 2:40:00 AM,12NASIP_SS,N,N,N,3653.0779,3653.0779,4116.0888,3653.0779,3653.0779,
7/11/2024 2:40:00 AM,12NAS_T1L1,N,N,N,3686.2657,3686.2657,4116.0888,3686.2657,3686.2657,
7/11/2024 2:40:00 AM,12PBA_T1L1,N,N,N,3713.5765,3713.5765,4116.0888,3713.5765,3713.5765,
7/11/2024 2:40:00 AM,12PKSFRA_U01,N,N,N,3756.0983,3756.0983,3355.6113,3756.0983,3756.0983,
7/11/2024 2:40:00 AM,12PKSFRA_U02,N,N,N,3756.0983,3756.0983,3355.6113,3756.0983,3756.0983,
7/11/2024 2:40:00 AM,12PLACER_SS,N,N,N,3744.3443,3744.3443,4116.0888,3744.3443,3744.3443,
7/11/2024 2:40:00 AM,12SFRAN_SS,N,N,N,3756.0983,3756.0983,4116.0888,3756.0983,3756.0983,
7/11/2024 2:40:00 AM,12SLU_T1L1,N,N,N,3653.0779,3653.0779,4116.0888,3653.0779,3653.0779,
7/11/2024 2:40:00 AM,12SNT_T1L1,N,N,N,3686.2657,3686.2657,4116.0888,3686.2657,3686.2657,
7/11/2024 2:40:00 AM,12STCRUZ_L01,N,N,N,3743.9986,3743.9986,4116.0888,3743.9986,3743.9986,
7/11/2024 2:40:00 AM,12SUR_T1L1,N,N,N,3743.9986,3743.9986,4116.0888,3743.9986,3743.9986,
7/11/2024 2:40:00 AM,12TBD_T1L1,N,N,N,3457.0624,3457.0624,4116.0888,3457.0624,3457.0624,
7/11/2024 2:40:00 AM,12TBO_T1L1,N,N,N,3713.5765,3713.5765,4116.0888,3713.5765,3713.5765,
7/11/2024 2:40:00 AM,12TDG_T1L1,N,N,N,3756.0983,3756.0983,4116.0888,3756.0983,3756.0983,
7/11/2024 2:40:00 AM,12THERMA2_SS,N,N,N,3653.0779,3653.0779,4116.0888,3653.0779,3653.0779,
7/11/2024 2:40:00 AM,12TM2_U01,N,N,N,3653.0779,3653.0779,3255.1025,3653.0779,3653.0779,
7/11/2024 2:40:00 AM,12TM2_U02,N,N,N,3653.0779,3653.0779,3255.1025,3653.0779,3653.0779,
7/11/2024 2:40:00 AM,12TRE_T1L1,N,N,N,3713.5765,3713.5765,4116.0888,3713.5765,3713.5765,
7/11/2024 2:40:00 AM,13ASU_T1L1,N,N,N,3611.9388,3611.9388,4116.0888,3611.9388,3611.9388,
7/11/2024 2:40:00 AM,13BAJ_T1L1,N,N,N,3470.8907,3470.8907,4116.0888,3470.8907,3470.8907,
7/11/2024 2:40:00 AM,13BNS_T1L1,N,N,N,3426.9860,3426.9860,4116.0888,3426.9860,3426.9860,
7/11/2024 2:40:00 AM,13BNY_T1L1,N,N,N,3586.7023,3586.7023,4116.0888,3586.7023,3586.7023,
7/11/2024 2:40:00 AM,13BUNAW_SS,N,N,N,3458.4453,3458.4453,4116.0888,3458.4453,3458.4453,
7/11/2024 2:40:00 AM,13CULAMAN_SS,N,N,N,3352.3135,3352.3135,4116.0888,3352.3135,3352.3135,
7/11/2024 2:40:00 AM,13DAVAO_SS,N,N,N,3470.8907,3470.8907,4116.0888,3470.8907,3470.8907,
7/11/2024 2:40:00 AM,13DAV_T1L1,N,N,N,3424.2204,3424.2204,4116.0888,3424.2204,3424.2204,
7/11/2024 2:40:00 AM,13DCPP_U01,N,N,N,3423.8746,3423.8746,3126.7335,3423.8746,3423.8746,
7/11/2024 2:40:00 AM,13DCPP_U02,N,N,N,3423.8746,3423.8746,3102.5430,3423.8746,3423.8746,
7/11/2024 2:40:00 AM,13DIGSOL_G01,N,N,N,3426.9860,3426.9860,3089.2107,3426.9860,3426.9860,
7/11/2024 2:40:00 AM,13DIG_T1L1,N,N,N,3470.8907,3470.8907,4116.0888,3470.8907,3470.8907,
7/11/2024 2:40:00 AM,13DIG_T2L1,N,N,N,3426.9860,3426.9860,4116.0888,3426.9860,3426.9860,
7/11/2024 2:40:00 AM,13DIG_T3L1,N,N,N,3424.2204,3424.2204,4116.0888,3424.2204,3424.2204,
7/11/2024 2:40:00 AM,13DLP_T1L1,N,N,N,3470.8907,3470.8907,4116.0888,3470.8907,3470.8907,
7/11/2024 2:40:00 AM,13DLP_T1L2,N,N,N,3470.8907,3470.8907,4116.0888,3470.8907,3470.8907,
7/11/2024 2:40:00 AM,13DLP_T1L3,N,N,N,3470.8907,3470.8907,4116.0888,3470.8907,3470.8907,
7/11/2024 2:40:00 AM,13DLP_T2L1,N,N,N,3478.4962,3478.4962,4116.0888,3478.4962,3478.4962,
7/11/2024 2:40:00 AM,13DRA_T1L1,N,N,N,3478.4962,3478.4962,4116.0888,3478.4962,3478.4962,
7/11/2024 2:40:00 AM,13DRA_T1L2,N,N,N,3478.4962,3478.4962,4116.0888,3478.4962,3478.4962,
7/11/2024 2:40:00 AM,13DSP_T1L1,N,N,N,3426.9860,3426.9860,4116.0888,3426.9860,3426.9860,
7/11/2024 2:40:00 AM,13DSR_T1L1,N,N,N,3352.6592,3352.6592,4116.0888,3352.6592,3352.6592,
7/11/2024 2:40:00 AM,13EUROH_G01,N,N,N,3611.9388,3611.9388,3218.5053,3611.9388,3611.9388,
7/11/2024 2:40:00 AM,13MACO_BAT,N,N,N,3586.7023,3586.7023,3507.3011,3586.7023,3586.7023,
7/11/2024 2:40:00 AM,13MACO_SS,N,N,N,3586.7023,3586.7023,4116.0888,3586.7023,3586.7023,
7/11/2024 2:40:00 AM,13MAGDBNK_G01,N,N,N,3586.7023,3586.7023,3213.3033,3586.7023,3586.7023,
7/11/2024 2:40:00 AM,13MAGDBNK_U01,N,N,N,3586.7023,3586.7023,3213.3033,3586.7023,3586.7023,
7/11/2024 2:40:00 AM,13MAGDBNK_U02,N,N,N,3586.7023,3586.7023,3213.3033,3586.7023,3586.7023,
7/11/2024 2:40:00 AM,13MAGDBNK_U03,N,N,N,3586.7023,3586.7023,3163.8237,3586.7023,3586.7023,
7/11/2024 2:40:00 AM,13MALITA_BAT,N,N,N,3352.6592,3352.6592,2997.7078,3352.6592,3352.6592,
7/11/2024 2:40:00 AM,13MATAN_SS,N,N,N,3373.4015,3373.4015,4116.0888,3373.4015,3373.4015,
7/11/2024 2:40:00 AM,13MATIBNK_G01,N,N,N,3457.0624,3457.0624,3078.1255,3457.0624,3457.0624,
7/11/2024 2:40:00 AM,13MON_T1L1,N,N,N,3611.9388,3611.9388,4116.0888,3611.9388,3611.9388,
7/11/2024 2:40:00 AM,13MPCDIG_G01,N,N,N,3426.9860,3426.9860,3089.2107,3426.9860,3426.9860,
7/11/2024 2:40:00 AM,13MSR_T1L1,N,N,N,3611.9388,3611.9388,4116.0888,3611.9388,3611.9388,
7/11/2024 2:40:00 AM,13NABUN_SS,N,N,N,3611.9388,3611.9388,4116.0888,3611.9388,3611.9388,
7/11/2024 2:40:00 AM,13PMA_T1L1,N,N,N,3426.9860,3426.9860,4116.0888,3426.9860,3426.9860,
7/11/2024 2:40:00 AM,13SIBULAN_G01,N,N,N,3470.8907,3470.8907,3121.7420,3470.8907,3470.8907,
7/11/2024 2:40:00 AM,13SMC_U01,N,N,N,3349.2021,3349.2021,2973.2396,3349.2021,3349.2021,
7/11/2024 2:40:00 AM,13SMC_U02,N,N,N,3457.0624,3457.0624,3023.7556,3457.0624,3457.0624,
7/11/2024 2:40:00 AM,13TALOM1_G01,N,N,N,3470.8907,3470.8907,3097.8032,3470.8907,3470.8907,
7/11/2024 2:40:00 AM,13TALOM23_G01,N,N,N,3470.8907,3470.8907,3125.5713,3470.8907,3470.8907,
7/11/2024 2:40:00 AM,13TGM_T1L1,N,N,N,3586.7023,3586.7023,4116.0888,3586.7023,3586.7023,
7/11/2024 2:40:00 AM,13THERMA1_SS,N,N,N,3586.7023,3586.7023,4116.0888,3586.7023,3586.7023,
7/11/2024 2:40:00 AM,13TM1_U01,N,N,N,3586.7023,3586.7023,3213.3033,3586.7023,3586.7023,
7/11/2024 2:40:00 AM,13TM1_U02,N,N,N,3586.7023,3586.7023,3213.3033,3586.7023,3586.7023,
7/11/2024 2:40:00 AM,13TORIL_SS,N,N,N,3451.8769,3451.8769,4116.0888,3451.8769,3451.8769,
7/11/2024 2:40:00 AM,13TUDAY2_G01,N,N,N,3470.8907,3470.8907,3108.5625,3470.8907,3470.8907,
7/11/2024 2:40:00 AM,14ALMADA_G01,N,N,N,3656.8807,3656.8807,3170.1888,3656.8807,3656.8807,
7/11/2024 2:40:00 AM,14ASTROSOL_G01,N,N,N,3460.5195,3460.5195,3135.5490,3460.5195,3460.5195,
7/11/2024 2:40:00 AM,14BGN_T1L1,N,N,N,3376.1672,3376.1672,4116.0888,3376.1672,3376.1672,
7/11/2024 2:40:00 AM,14BGN_T2L1,N,N,N,3528.6236,3528.6236,4116.0888,3528.6236,3528.6236,
7/11/2024 2:40:00 AM,14BIOGS_G01,N,N,N,3528.6236,3528.6236,3238.4290,3528.6236,3528.6236,
7/11/2024 2:40:00 AM,14BIOMS_U01,N,N,N,3528.6236,3528.6236,3112.9317,3528.6236,3528.6236,
7/11/2024 2:40:00 AM,14COTSUGR_G01,N,N,N,3376.1672,3376.1672,3045.2819,3376.1672,3376.1672,
7/11/2024 2:40:00 AM,14DSA_T1L1,N,N,N,3656.8807,3656.8807,4116.0888,3656.8807,3656.8807,
7/11/2024 2:40:00 AM,14DSA_T2L1,N,N,N,3528.6236,3528.6236,4116.0888,3528.6236,3528.6236,
7/11/2024 2:40:00 AM,14GENSAN_SS,N,N,N,3460.8652,3460.8652,4116.0888,3460.8652,3460.8652,
7/11/2024 2:40:00 AM,14GERBIO_G01,N,N,N,3528.6236,3528.6236,3192.6496,3528.6236,3528.6236,
7/11/2024 2:40:00 AM,14GLA_T1L1,N,N,N,3460.5195,3460.5195,4116.0888,3460.5195,3460.5195,
7/11/2024 2:40:00 AM,14KAMANGA_SS,N,N,N,3391.0326,3391.0326,4116.0888,3391.0326,3391.0326,
7/11/2024 2:40:00 AM,14KAM_L03,N,N,N,3460.5195,3460.5195,4116.0888,3460.5195,3460.5195,
7/11/2024 2:40:00 AM,14KIDAP_SS,N,N,N,3375.1301,3375.1301,4116.0888,3375.1301,3375.1301,
7/11/2024 2:40:00 AM,14KLN_T1L1,N,N,N,3528.6236,3528.6236,4116.0888,3528.6236,3528.6236,
7/11/2024 2:40:00 AM,14LAMSAN_G01,N,N,N,3656.8807,3656.8807,3230.6085,3656.8807,3656.8807,
7/11/2024 2:40:00 AM,14LLE_T1L1,N,N,N,3460.5195,3460.5195,4116.0888,3460.5195,3460.5195,
7/11/2024 2:40:00 AM,14MARBEL_U01,N,N,N,3528.6236,3528.6236,3123.8637,3528.6236,3528.6236,
7/11/2024 2:40:00 AM,14MID_T1L1,N,N,N,3656.8807,3656.8807,4116.0888,3656.8807,3656.8807,
7/11/2024 2:40:00 AM,14MTAPO_U01,N,N,N,3374.0929,3374.0929,3045.8056,3374.0929,3374.0929,
7/11/2024 2:40:00 AM,14MTAPO_U02,N,N,N,3374.4387,3374.4387,3042.1808,3374.4387,3374.4387,
7/11/2024 2:40:00 AM,14MTAPO_U03,N,N,N,3376.1672,3376.1672,3047.1562,3376.1672,3376.1672,
7/11/2024 2:40:00 AM,14NVSOL_G01,N,N,N,3528.6236,3528.6236,3192.6496,3528.6236,3528.6236,
7/11/2024 2:40:00 AM,14PKPSOC_G01,N,N,N,3460.5195,3460.5195,3135.5490,3460.5195,3460.5195,
7/11/2024 2:40:00 AM,14PTU_T1L1,N,N,N,3460.5195,3460.5195,4116.0888,3460.5195,3460.5195,
7/11/2024 2:40:00 AM,14SARANG_U01,N,N,N,3460.5195,3460.5195,3228.1482,3460.5195,3460.5195,
7/11/2024 2:40:00 AM,14SARANG_U02,N,N,N,3390.6868,3390.6868,3117.15,3390.6868,3390.6868,
7/11/2024 2:40:00 AM,14SIGHYDRO_G01,N,N,N,3460.5195,3460.5195,3133.0759,3460.5195,3460.5195,
7/11/2024 2:40:00 AM,14SKU_T1L1,N,N,N,3656.8807,3656.8807,4116.0888,3656.8807,3656.8807,
7/11/2024 2:40:00 AM,14SMY_T1L1,N,N,N,3656.8807,3656.8807,4116.0888,3656.8807,3656.8807,
7/11/2024 2:40:00 AM,14SPGI_U01,N,N,N,3528.6236,3528.6236,3509.4705,3528.6236,3528.6236,
7/11/2024 2:40:00 AM,14SRL_T1L1,N,N,N,3528.6236,3528.6236,4116.0888,3528.6236,3528.6236,
7/11/2024 2:40:00 AM,14SULTAN_SS,N,N,N,3659.3006,3659.3006,4116.0888,3659.3006,3659.3006,
7/11/2024 2:40:00 AM,14SUPKOR_G01,N,N,N,3528.6236,3528.6236,3192.6496,3528.6236,3528.6236,
7/11/2024 2:40:00 AM,14TACSUR_L02,N,N,N,3528.6236,3528.6236,4116.0888,3528.6236,3528.6236,
7/11/2024 2:40:00 AM,14TACUR_SS,N,N,N,3528.9693,3528.9693,4116.0888,3528.9693,3528.9693,
7/11/2024 2:40:00 AM,14TIN_T1L1,N,N,N,3460.5195,3460.5195,4116.0888,3460.5195,3460.5195,
7/11/2024 2:40:00 AM,14TIN_T1L2,N,N,N,3460.5195,3460.5195,4116.0888,3460.5195,3460.5195,
EOF
